'70139ed6-3a4b-4d2d-a5c1-0a53f4c1e585',1000100,63200,4,'',0,7000,4,'',0,3000,4,'',0,6800,4,'',0,3200,4,'',0,7000,4,'',0,3000,4,'',0,7000,4,'',0,3000,4,'',0,7000,4,'',0,3100,4,'',0,7000,4,'',0,3000,4,'',0,7000,4,'',0,3000,4,'',0,7000,4,'',0,3000,4,'',0,7000,4,'',0,3000,4,'',0,7000,4,'',0,3000,4,'',0,7000,4,'',0,3000,4,'',0,7000,4,'',0,2900,4,'',0,7000,4,'',0,3000,4,'',0,7000,4,'',0,3000,4,'',0,7000,4,'',0,10000,4,'',0,3000,4,'',0,10000,4,'',0,6800,4,'',0
'b423c75f-8032-416b-b106-ce720d4a0c7a',1000100,100000,4,'',0,3000,4,'',0,10000,4,'',0,7000,4,'',0,10000,4,'',0,3000,4,'',0,10000,4,'',0,7000,4,'',0,10000,4,'',0,3000,4,'',0,10000,4,'',0,7000,4,'',0,10000,4,'',0,3000,4,'',0,10000,4,'',0,7000,4,'',0,10000,4,'',0
'd6f5eeb3-56fe-442a-876e-48be36b0aebc',1000100,80000,4,'',0,3000,4,'',0,7000,4,'',0,3000,4,'',0,7000,4,'',0,3000,4,'',0,7000,4,'',0,3000,4,'',0,7000,4,'',0,3000,4,'',0,7000,4,'',0,3000,4,'',0,7000,4,'',0,3000,4,'',0,7000,4,'',0,3000,4,'',0,7000,4,'',0,3000,4,'',0,7000,4,'',0,3000,4,'',0,7000,4,'',0,3000,4,'',0,7000,4,'',0,3000,4,'',0,7000,4,'',0,3000,4,'',0,7000,4,'',0,10000,4,'',0,3000,4,'',0,10000,4,'',0,7000,4,'',0
'70139ed6-3a4b-4d2d-a5c1-0a53f4c1e585',1000400,60900,4,'',0,3600,4,'',0,7300,4,'',0,3700,4,'',0,7600,4,'',0,7500,4,'',0,3500,4,'',0,7600,4,'',0,3500,4,'',0,7500,4,'',0,7600,4,'',0,3500,4,'',0,7500,4,'',0,3600,4,'',0,7500,4,'',0,3500,4,'',0,7600,4,'',0,7500,4,'',0,3500,4,'',0,7600,4,'',0,3500,4,'',0,7500,4,'',0,7600,4,'',0,3500,4,'',0,11100,4,'',0,7500,4,'',0,11100,4,'',0,7500,4,'',0
'b423c75f-8032-416b-b106-ce720d4a0c7a',1000400,100300,4,'',0,9900,4,'',0,5200,4,'',0,9900,4,'',0,9200,4,'',0,9900,4,'',0,9200,4,'',0,9900,4,'',0,9200,4,'',0,9900,4,'',0,9200,4,'',0,9900,4,'',0,9200,4,'',0,9900,4,'',0
'd6f5eeb3-56fe-442a-876e-48be36b0aebc',1000400,75500,4,'',0,7600,4,'',0,7500,4,'',0,3500,4,'',0,7600,4,'',0,3500,4,'',0,7500,4,'',0,7600,4,'',0,3500,4,'',0,7500,4,'',0,3600,4,'',0,7500,4,'',0,3500,4,'',0,7600,4,'',0,7500,4,'',0,3500,4,'',0,7600,4,'',0,3500,4,'',0,7500,4,'',0,7600,4,'',0,3500,4,'',0,11100,4,'',0,7500,4,'',0,11100,4,'',0,7500,4,'',0
'70139ed6-3a4b-4d2d-a5c1-0a53f4c1e585',2000100,50500,,'',0,3000,,'',0,7000,,'',0,3000,,'',0,7000,,'',0,3000,,'',0,7000,,'',0,3000,,'',0,7000,,'',0,3000,,'',0,7000,,'',0,3000,,'',0,7000,,'',0,2800,,'',0,7000,,'',0,3000,,'',0,7000,,'',0,3000,,'',0,7000,,'',0,3000,,'',0,7000,,'',0,3000,,'',0,7000,,'',0,3000,,'',0,7000,,'',0,3000,,'',0,7000,,'',0,3200,,'',0,7000,,'',0,3000,,'',0,7000,,'',0,3000,,'',0,7000,,'',0,10000,,'',0,3000,,'',0,10000,,'',0
'b423c75f-8032-416b-b106-ce720d4a0c7a',2000100,90500,,'',0,10000,,'',0,3000,,'',0,10000,,'',0,7000,,'',0,10000,,'',0,3000,,'',0,10000,,'',0,7000,,'',0,10000,,'',0,3000,,'',0,10000,,'',0,7000,,'',0,10000,,'',0,3000,,'',0,10000,,'',0,7000,,'',0
'd6f5eeb3-56fe-442a-876e-48be36b0aebc',2000100,70500,,'',0,3000,,'',0,7000,,'',0,3000,,'',0,7000,,'',0,3000,,'',0,7000,,'',0,3000,,'',0,7000,,'',0,3000,,'',0,7000,,'',0,3000,,'',0,7000,,'',0,3000,,'',0,7000,,'',0,3000,,'',0,7000,,'',0,3000,,'',0,7000,,'',0,3000,,'',0,7000,,'',0,3000,,'',0,7000,,'',0,3000,,'',0,7000,,'',0,3000,,'',0,7000,,'',0,3000,,'',0,7000,,'',0,10000,,'',0,3000,,'',0,10000,,'',0
'70139ed6-3a4b-4d2d-a5c1-0a53f4c1e585',2000400,53500,,'',0,7700,,'',0,3600,,'',0,7300,,'',0,3700,,'',0,7600,,'',0,7500,,'',0,3500,,'',0,7600,,'',0,3500,,'',0,7500,,'',0,7600,,'',0,3500,,'',0,7500,,'',0,3600,,'',0,7500,,'',0,7500,,'',0,3600,,'',0,7500,,'',0,3500,,'',0,7600,,'',0,3500,,'',0,7500,,'',0,7600,,'',0,3500,,'',0,11100,,'',0,7500,,'',0,11100,,'',0,7500,0,'Barrie Downtown Term',0
'b423c75f-8032-416b-b106-ce720d4a0c7a',2000400,91500,,'',0,9200,,'',0,9900,,'',0,5200,,'',0,9900,,'',0,9200,,'',0,9900,,'',0,9200,,'',0,9900,,'',0,9200,,'',0,9900,,'',0,9200,,'',0,9900,,'',0,9200,,'',0,9900,0,'Barrie Downtown Term',0
'd6f5eeb3-56fe-442a-876e-48be36b0aebc',2000400,72100,,'',0,3700,,'',0,7600,,'',0,7500,,'',0,3500,,'',0,7600,,'',0,3500,,'',0,7500,,'',0,7600,,'',0,3500,,'',0,7500,,'',0,3600,,'',0,7500,,'',0,7500,,'',0,3600,,'',0,7500,,'',0,3500,,'',0,7600,,'',0,3500,,'',0,7500,,'',0,7600,,'',0,3500,,'',0,11100,,'',0,7500,,'',0,11100,,'',0,7500,0,'Barrie Downtown Term',0
