1000100,777,1,0
1000100,736,2,0
1000100,90,3,0
1000100,982,4,0
1000100,676,5,0
1000100,677,6,0
1000100,674,7,0
1000100,747,8,0
1000100,746,9,0
1000100,745,10,0
1000100,744,11,0
1000100,433,12,0
1000100,426,13,0
1000100,438,14,0
1000100,935,15,0
1000100,811,16,0
1000100,436,17,0
1000100,430,18,0
1000100,314,19,0
1000100,301,20,0
1000100,873,21,0
1000100,817,22,0
1000100,7320,23,0
1000100,147,24,0
1000100,149,25,0
1000100,152,26,0
1000100,150,27,0
1000100,872,28,0
1000100,1,29,0
1000100,485,30,0
1000100,73,31,0
1000100,67,32,0
1000100,59,33,0
1000100,65,34,0
1000100,61,35,0
1000100,70,36,0
1000100,71,37,0
1000100,76,38,0
1000100,77,39,1
1000200,777,1,0
1000200,737,2,0
1000200,506,3,0
1000200,524,4,0
1000200,526,5,0
1000200,536,6,0
1000200,538,7,0
1000200,661,8,0
1000200,659,9,0
1000200,671,10,0
1000200,664,11,0
1000200,662,12,0
1000200,824,13,0
1000200,825,14,0
1000200,826,15,0
1000200,827,16,0
1000200,828,17,0
1000200,829,18,0
1000200,830,19,0
1000200,831,20,0
1000200,883,21,0
1000200,271,22,0
1000200,277,23,0
1000200,274,24,0
1000200,267,25,0
1000200,266,26,0
1000200,272,27,0
1000200,276,28,0
1000200,275,29,0
1000200,1,30,1
1000300,725,1,0
1000300,515,2,0
1000300,596,3,0
1000300,602,4,0
1000300,598,5,0
1000300,595,6,0
1000300,600,7,0
1000300,121,8,0
1000300,117,9,0
1000300,802,10,0
1000300,972,11,0
1000300,774,12,0
1000300,877,13,0
1000300,878,14,0
1000300,879,15,0
1000300,9,16,0
1000300,752,17,0
1000300,512,18,0
1000300,520,19,0
1000300,508,20,0
1000300,777,21,0
1000300,736,22,0
1000300,90,23,0
1000300,968,24,0
1000300,87,25,0
1000300,84,26,0
1000300,100,27,0
1000300,83,28,0
1000300,95,29,0
1000300,80,30,0
1000300,102,31,0
1000300,54,32,0
1000300,56,33,0
1000300,55,34,0
1000300,386,35,0
1000300,388,36,0
1000300,393,37,0
1000300,385,38,0
1000300,383,39,0
1000300,389,40,0
1000300,101,41,0
1000300,111,42,0
1000300,150,43,0
1000300,872,44,0
1000300,1,45,1
1000400,725,1,0
1000400,759,2,0
1000400,760,3,0
1000400,761,4,0
1000400,762,5,0
1000400,763,6,0
1000400,764,7,0
1000400,765,8,0
1000400,971,9,0
1000400,120,10,0
1000400,822,11,0
1000400,380,12,0
1000400,369,13,0
1000400,373,14,0
1000400,379,15,0
1000400,370,16,0
1000400,377,17,0
1000400,728,18,0
1000400,653,19,0
1000400,655,20,0
1000400,657,21,0
1000400,930,22,0
1000400,715,23,0
1000400,171,24,0
1000400,169,25,0
1000400,172,26,0
1000400,163,27,0
1000400,167,28,0
1000400,732,29,0
1000400,147,30,0
1000400,149,31,0
1000400,152,32,0
1000400,150,33,0
1000400,872,34,0
1000400,1,35,0
1000400,485,36,0
1000400,73,37,0
1000400,67,38,0
1000400,204,39,0
1000400,203,40,0
1000400,202,41,0
1000400,206,42,0
1000400,205,43,0
1000400,235,44,0
1000400,70,45,0
1000400,71,46,0
1000400,76,47,0
1000400,77,48,1
1000500,1,1,0
1000500,278,2,0
1000500,269,3,0
1000500,268,4,0
1000500,265,5,0
1000500,249,6,0
1000500,699,7,0
1000500,697,8,0
1000500,695,9,0
1000500,703,10,0
1000500,24,11,0
1000500,18,12,0
1000500,895,13,0
1000500,281,14,0
1000500,284,15,0
1000500,282,16,0
1000500,285,17,0
1000500,288,18,0
1000500,287,19,0
1000500,556,20,0
1000500,627,21,1
1000600,1,1,0
1000600,278,2,0
1000600,269,3,0
1000600,268,4,0
1000600,265,5,0
1000600,273,6,0
1000600,180,7,0
1000600,176,8,0
1000600,178,9,0
1000600,181,10,0
1000600,281,11,0
1000600,324,12,0
1000600,322,13,0
1000600,897,14,0
1000600,898,15,0
1000600,899,16,0
1000600,53,17,0
1000600,947,18,0
1000600,230,19,0
1000600,242,20,0
1000600,246,21,0
1000600,240,22,0
1000600,457,23,0
1000600,464,24,0
1000600,470,25,0
1000600,468,26,0
1000600,451,27,0
1000600,461,28,0
1000600,467,29,0
1000600,463,30,0
1000600,454,31,0
1000600,455,32,0
1000600,441,33,0
1000600,449,34,0
1000600,443,35,0
1000600,445,36,0
1000600,926,37,0
1000600,927,38,0
1000600,224,39,0
1000600,223,40,0
1000600,215,41,0
1000600,330,42,0
1000600,251,43,0
1000600,255,44,0
1000600,256,45,0
1000600,686,46,0
1000600,693,47,0
1000600,687,48,0
1000600,682,49,0
1000600,948,50,0
1000600,949,51,0
1000600,486,52,1
1000700,777,1,0
1000700,737,2,0
1000700,506,3,0
1000700,867,4,0
1000700,848,5,0
1000700,850,6,0
1000700,851,7,0
1000700,852,8,0
1000700,199,9,0
1000700,200,10,0
1000700,665,11,0
1000700,533,12,0
1000700,530,13,0
1000700,853,14,0
1000700,855,15,0
1000700,494,16,0
1000700,492,17,0
1000700,487,18,0
1000700,504,19,0
1000700,499,20,0
1000700,500,21,0
1000700,489,22,0
1000700,41,23,0
1000700,36,24,0
1000700,32,25,0
1000700,35,26,0
1000700,38,27,0
1000700,31,28,0
1000700,576,29,0
1000700,578,30,0
1000700,573,31,0
1000700,579,32,0
1000700,582,33,0
1000700,646,34,0
1000700,644,35,0
1000700,642,36,0
1000700,648,37,0
1000700,652,38,0
1000700,732,39,0
1000700,147,40,0
1000700,149,41,0
1000700,152,42,0
1000700,150,43,0
1000700,872,44,0
1000700,1,45,0
1000700,485,46,0
1000700,73,47,0
1000700,67,48,0
1000700,348,49,0
1000700,340,50,0
1000700,347,51,0
1000700,354,52,0
1000700,937,53,0
1000700,938,54,0
1000700,939,55,0
1000700,331,56,1
1000800,330,1,0
1000800,109,2,0
1000800,104,3,0
1000800,107,4,0
1000800,628,5,0
1000800,633,6,0
1000800,632,7,0
1000800,444,8,0
1000800,446,9,0
1000800,447,10,0
1000800,440,11,0
1000800,453,12,0
1000800,912,13,0
1000800,913,14,0
1000800,914,15,0
1000800,232,16,0
1000800,238,17,0
1000800,244,18,0
1000800,15,19,0
1000800,4,20,0
1000800,23,21,0
1000800,12,22,0
1000800,608,23,0
1000800,486,24,0
1000800,1,25,0
1000800,144,26,0
1000800,151,27,0
1000800,148,28,0
1000800,146,29,0
1000800,732,30,0
1000800,168,31,0
1000800,174,32,0
1000800,165,33,0
1000800,173,34,0
1000800,170,35,0
1000800,166,36,0
1000800,716,37,0
1000800,712,38,0
1000800,718,39,0
1000800,719,40,0
1000800,709,41,0
1000800,707,42,0
1000800,705,43,0
1000800,723,44,0
1000800,722,45,0
1000800,800,46,0
1000800,801,47,0
1000800,725,48,0
1000800,955,49,0
1000800,956,50,0
1000800,957,51,0
1000800,517,52,0
1000800,516,53,0
1000800,511,54,0
1000800,512,55,0
1000800,520,56,0
1000800,508,57,0
1000800,777,58,1
1000801,777,1,0
1000801,737,2,0
1000801,506,3,0
1000801,524,4,0
1000801,526,5,0
1000801,536,6,0
1000801,538,7,0
1000801,533,8,0
1000801,530,9,0
1000801,308,10,0
1000801,299,11,0
1000801,46,12,0
1000801,49,13,0
1000801,47,14,0
1000801,473,15,0
1000801,548,16,0
1000801,606,17,0
1000801,552,18,0
1000801,545,19,0
1000801,542,20,0
1000801,543,21,0
1000801,547,22,0
1000801,488,23,0
1000801,493,24,0
1000801,495,25,0
1000801,291,26,0
1000801,305,27,0
1000801,313,28,0
1000801,295,29,0
1000801,983,30,0
1000801,296,31,0
1000801,301,32,0
1000801,873,33,0
1000801,817,34,0
1000801,7320,35,0
1000801,147,36,0
1000801,8,37,0
1000801,21,38,0
1000801,29,39,0
1000801,5,40,0
1000801,266,41,0
1000801,272,42,0
1000801,276,43,0
1000801,275,44,0
1000801,1,45,0
1000801,485,46,0
1000801,188,47,0
1000801,192,48,0
1000801,189,49,0
1000801,194,50,0
1000801,186,51,0
1000801,128,52,0
1000801,141,53,0
1000801,139,54,0
1000801,133,55,0
1000801,136,56,0
1000801,143,57,0
1000801,129,58,0
1000801,182,59,0
1000801,183,60,0
1000801,414,61,0
1000801,409,62,0
1000801,410,63,0
1000801,401,64,0
1000801,406,65,0
1000801,325,66,0
1000801,332,67,0
1000801,612,68,0
1000801,569,69,0
1000801,330,70,1
1010000,1,1,0
1010000,485,2,0
1010000,67,3,0
1010000,59,4,0
1010000,61,5,0
1010000,441,6,0
1010000,443,7,0
1010000,445,8,0
1010000,634,9,0
1010000,106,10,0
1010000,108,11,0
1010000,330,12,0
1010000,559,13,0
1010000,326,14,0
1010000,402,15,0
1010000,411,16,0
1010000,407,17,0
1010000,941,18,0
1010000,942,19,0
1010000,943,20,0
1010000,944,21,0
1010000,583,22,0
1010000,584,23,0
1010000,946,24,0
1010000,191,25,0
1010000,486,26,1
2000100,77,1,0
2000100,78,2,0
2000100,72,3,0
2000100,69,4,0
2000100,60,5,0
2000100,66,6,0
2000100,58,7,0
2000100,68,8,0
2000100,74,9,0
2000100,75,10,0
2000100,486,11,0
2000100,1,12,0
2000100,144,13,0
2000100,151,14,0
2000100,148,15,0
2000100,146,16,0
2000100,310,17,0
2000100,818,18,0
2000100,293,19,0
2000100,289,20,0
2000100,431,21,0
2000100,555,22,0
2000100,429,23,0
2000100,427,24,0
2000100,428,25,0
2000100,434,26,0
2000100,437,27,0
2000100,364,28,0
2000100,367,29,0
2000100,365,30,0
2000100,366,31,0
2000100,750,32,0
2000100,124,33,0
2000100,678,34,0
2000100,675,35,0
2000100,672,36,0
2000100,681,37,0
2000100,932,38,0
2000100,933,39,0
2000100,756,40,0
2000100,757,41,0
2000100,97,42,0
2000100,777,43,1
2000200,1,1,0
2000200,278,2,0
2000200,269,3,0
2000200,268,4,0
2000200,265,5,0
2000200,273,6,0
2000200,934,7,0
2000200,893,8,0
2000200,892,9,0
2000200,839,10,0
2000200,840,11,0
2000200,841,12,0
2000200,842,13,0
2000200,843,14,0
2000200,844,15,0
2000200,845,16,0
2000200,846,17,0
2000200,847,18,0
2000200,663,19,0
2000200,670,20,0
2000200,667,21,0
2000200,660,22,0
2000200,537,23,0
2000200,527,24,0
2000200,529,25,0
2000200,525,26,0
2000200,777,27,1
2000300,1,1,0
2000300,144,2,0
2000300,151,3,0
2000300,398,4,0
2000300,384,5,0
2000300,394,6,0
2000300,387,7,0
2000300,381,8,0
2000300,749,9,0
2000300,748,10,0
2000300,92,11,0
2000300,79,12,0
2000300,94,13,0
2000300,82,14,0
2000300,99,15,0
2000300,85,16,0
2000300,86,17,0
2000300,969,18,0
2000300,91,19,0
2000300,737,20,0
2000300,521,21,0
2000300,741,22,0
2000300,116,23,0
2000300,113,24,0
2000300,118,25,0
2000300,123,26,0
2000300,110,27,0
2000300,765,28,0
2000300,971,29,0
2000300,120,30,0
2000300,822,31,0
2000300,122,32,0
2000300,601,33,0
2000300,594,34,0
2000300,599,35,0
2000300,593,36,0
2000300,597,37,0
2000300,514,38,0
2000300,522,39,0
2000300,725,40,1
2000400,77,1,0
2000400,357,2,0
2000400,363,3,0
2000400,793,4,0
2000400,794,5,0
2000400,127,6,0
2000400,126,7,0
2000400,623,8,0
2000400,622,9,0
2000400,219,10,0
2000400,319,11,0
2000400,317,12,0
2000400,316,13,0
2000400,318,14,0
2000400,320,15,0
2000400,321,16,0
2000400,58,17,0
2000400,68,18,0
2000400,74,19,0
2000400,75,20,0
2000400,486,21,0
2000400,1,22,0
2000400,144,23,0
2000400,151,24,0
2000400,148,25,0
2000400,146,26,0
2000400,732,27,0
2000400,168,28,0
2000400,174,29,0
2000400,165,30,0
2000400,173,31,0
2000400,170,32,0
2000400,166,33,0
2000400,716,34,0
2000400,557,35,0
2000400,656,36,0
2000400,654,37,0
2000400,376,38,0
2000400,371,39,0
2000400,368,40,0
2000400,378,41,0
2000400,374,42,0
2000400,375,43,0
2000400,372,44,0
2000400,117,45,0
2000400,802,46,0
2000400,972,47,0
2000400,774,48,0
2000400,775,49,0
2000400,778,50,0
2000400,779,51,0
2000400,780,52,0
2000400,781,53,0
2000400,725,54,1
2000500,627,1,0
2000500,604,2,0
2000500,603,3,0
2000500,286,4,0
2000500,283,5,0
2000500,890,6,0
2000500,891,7,0
2000500,422,8,0
2000500,925,9,0
2000500,25,10,0
2000500,565,11,0
2000500,702,12,0
2000500,696,13,0
2000500,698,14,0
2000500,700,15,0
2000500,248,16,0
2000500,266,17,0
2000500,272,18,0
2000500,276,19,0
2000500,275,20,0
2000500,1,21,1
2000600,1,1,0
2000600,485,2,0
2000600,484,3,0
2000600,701,4,0
2000600,690,5,0
2000600,683,6,0
2000600,689,7,0
2000600,694,8,0
2000600,685,9,0
2000600,253,10,0
2000600,254,11,0
2000600,250,12,0
2000600,330,13,0
2000600,216,14,0
2000600,222,15,0
2000600,950,16,0
2000600,928,17,0
2000600,929,18,0
2000600,444,19,0
2000600,446,20,0
2000600,447,21,0
2000600,440,22,0
2000600,453,23,0
2000600,462,24,0
2000600,466,25,0
2000600,460,26,0
2000600,450,27,0
2000600,452,28,0
2000600,469,29,0
2000600,465,30,0
2000600,458,31,0
2000600,241,32,0
2000600,247,33,0
2000600,243,34,0
2000600,231,35,0
2000600,915,36,0
2000600,916,37,0
2000600,419,38,0
2000600,425,39,0
2000600,421,40,0
2000600,920,41,0
2000600,921,42,0
2000600,922,43,0
2000600,924,44,0
2000600,891,45,0
2000600,422,46,0
2000600,177,47,0
2000600,175,48,0
2000600,179,49,0
2000600,274,50,0
2000600,267,51,0
2000600,266,52,0
2000600,272,53,0
2000600,276,54,0
2000600,275,55,1
2000700,331,1,0
2000700,251,2,0
2000700,255,3,0
2000700,345,4,0
2000700,353,5,0
2000700,337,6,0
2000700,339,7,0
2000700,349,8,0
2000700,68,9,0
2000700,74,10,0
2000700,75,11,0
2000700,486,12,0
2000700,1,13,0
2000700,144,14,0
2000700,151,15,0
2000700,148,16,0
2000700,146,17,0
2000700,732,18,0
2000700,651,19,0
2000700,647,20,0
2000700,641,21,0
2000700,643,22,0
2000700,645,23,0
2000700,581,24,0
2000700,580,25,0
2000700,574,26,0
2000700,577,27,0
2000700,575,28,0
2000700,33,29,0
2000700,39,30,0
2000700,34,31,0
2000700,37,32,0
2000700,42,33,0
2000700,40,34,0
2000700,490,35,0
2000700,491,36,0
2000700,498,37,0
2000700,505,38,0
2000700,497,39,0
2000700,488,40,0
2000700,493,41,0
2000700,495,42,0
2000700,868,43,0
2000700,870,44,0
2000700,531,45,0
2000700,534,46,0
2000700,539,47,0
2000700,666,48,0
2000700,201,49,0
2000700,198,50,0
2000700,162,51,0
2000700,161,52,0
2000700,871,53,0
2000700,849,54,0
2000700,525,55,0
2000700,777,56,1
2000800,777,1,0
2000800,737,2,0
2000800,521,3,0
2000800,513,4,0
2000800,519,5,0
2000800,518,6,0
2000800,965,7,0
2000800,966,8,0
2000800,967,9,0
2000800,725,10,0
2000800,782,11,0
2000800,783,12,0
2000800,784,13,0
2000800,724,14,0
2000800,704,15,0
2000800,708,16,0
2000800,706,17,0
2000800,710,18,0
2000800,721,19,0
2000800,720,20,0
2000800,717,21,0
2000800,711,22,0
2000800,715,23,0
2000800,171,24,0
2000800,169,25,0
2000800,172,26,0
2000800,163,27,0
2000800,167,28,0
2000800,732,29,0
2000800,147,30,0
2000800,149,31,0
2000800,152,32,0
2000800,150,33,0
2000800,872,34,0
2000800,1,35,0
2000800,485,36,0
2000800,607,37,0
2000800,566,38,0
2000800,13,39,0
2000800,28,40,0
2000800,3,41,0
2000800,16,42,0
2000800,245,43,0
2000800,239,44,0
2000800,233,45,0
2000800,415,46,0
2000800,416,47,0
2000800,901,48,0
2000800,454,49,0
2000800,455,50,0
2000800,441,51,0
2000800,449,52,0
2000800,443,53,0
2000800,445,54,0
2000800,635,55,0
2000800,634,56,0
2000800,106,57,0
2000800,108,58,0
2000800,330,59,1
2000801,330,1,0
2000801,559,2,0
2000801,333,3,0
2000801,326,4,0
2000801,405,5,0
2000801,402,6,0
2000801,411,7,0
2000801,407,8,0
2000801,413,9,0
2000801,343,10,0
2000801,911,11,0
2000801,959,12,0
2000801,142,13,0
2000801,135,14,0
2000801,132,15,0
2000801,138,16,0
2000801,140,17,0
2000801,131,18,0
2000801,185,19,0
2000801,193,20,0
2000801,190,21,0
2000801,191,22,0
2000801,187,23,0
2000801,486,24,0
2000801,1,25,0
2000801,278,26,0
2000801,269,27,0
2000801,268,28,0
2000801,265,29,0
2000801,6,30,0
2000801,19,31,0
2000801,30,32,0
2000801,22,33,0
2000801,7,34,0
2000801,146,35,0
2000801,310,36,0
2000801,818,37,0
2000801,293,38,0
2000801,289,39,0
2000801,300,40,0
2000801,294,41,0
2000801,306,42,0
2000801,307,43,0
2000801,312,44,0
2000801,304,45,0
2000801,290,46,0
2000801,494,47,0
2000801,492,48,0
2000801,487,49,0
2000801,540,50,0
2000801,546,51,0
2000801,541,52,0
2000801,544,53,0
2000801,551,54,0
2000801,550,55,0
2000801,640,56,0
2000801,472,57,0
2000801,48,58,0
2000801,50,59,0
2000801,45,60,0
2000801,298,61,0
2000801,292,62,0
2000801,870,63,0
2000801,531,64,0
2000801,534,65,0
2000801,539,66,0
2000801,537,67,0
2000801,527,68,0
2000801,529,69,0
2000801,525,70,0
2000801,777,71,1
2010000,1,1,0
2010000,485,2,0
2010000,192,3,0
2010000,558,4,0
2010000,585,5,0
2010000,586,6,0
2010000,936,7,0
2010000,567,8,0
2010000,568,9,0
2010000,408,10,0
2010000,409,11,0
2010000,410,12,0
2010000,401,13,0
2010000,325,14,0
2010000,569,15,0
2010000,330,16,0
2010000,109,17,0
2010000,107,18,0
2010000,628,19,0
2010000,444,20,0
2010000,446,21,0
2010000,440,22,0
2010000,60,23,0
2010000,58,24,0
2010000,68,25,0
2010000,486,26,1
3010000,1,1,0
3010000,485,2,0
3010000,67,3,0
3010000,59,4,0
3010000,61,5,0
3010000,441,6,0
3010000,443,7,0
3010000,445,8,0
3010000,634,9,0
3010000,106,10,0
3010000,108,11,0
3010000,330,12,0
3010000,559,13,0
3010000,326,14,0
3010000,402,15,0
3010000,411,16,0
3010000,407,17,0
3010000,399,18,0
3010000,131,19,0
3010000,191,20,0
3010000,486,21,1
4010000,1,1,0
4010000,485,2,0
4010000,192,3,0
4010000,128,4,0
4010000,400,5,0
4010000,409,6,0
4010000,410,7,0
4010000,401,8,0
4010000,325,9,0
4010000,569,10,0
4010000,330,11,0
4010000,109,12,0
4010000,107,13,0
4010000,628,14,0
4010000,444,15,0
4010000,446,16,0
4010000,440,17,0
4010000,60,18,0
4010000,58,19,0
4010000,68,20,0
4010000,486,21,1
