100,777,1,0
100,736,2,0
100,90,3,0
100,982,4,0
100,676,5,0
100,677,6,0
100,674,7,0
100,747,8,0
100,746,9,0
100,745,10,0
100,744,11,0
100,433,12,0
100,426,13,0
100,438,14,0
100,935,15,0
100,811,16,0
100,436,17,0
100,430,18,0
100,314,19,0
100,301,20,0
100,873,21,0
100,874,22,0
100,817,23,0
100,7320,24,0
100,147,25,0
100,149,26,0
100,152,27,0
100,150,28,0
100,872,29,0
100,1,30,0
100,485,31,0
100,73,32,0
100,67,33,0
100,59,34,0
100,65,35,0
100,61,36,0
100,70,37,0
100,71,38,0
100,76,39,0
100,77,40,1
101,77,1,0
101,78,2,0
101,72,3,0
101,69,4,0
101,60,5,0
101,62,6,0
101,66,7,0
101,58,8,0
101,68,9,0
101,74,10,0
101,75,11,0
101,486,12,0
101,1,13,0
101,144,14,0
101,151,15,0
101,148,16,0
101,146,17,0
101,145,18,0
101,310,19,0
101,297,20,0
101,818,21,0
101,882,22,0
101,293,23,0
101,289,24,0
101,431,25,0
101,555,26,0
101,429,27,0
101,427,28,0
101,428,29,0
101,439,30,0
101,434,31,0
101,437,32,0
101,364,33,0
101,367,34,0
101,365,35,0
101,366,36,0
101,750,37,0
101,124,38,0
101,678,39,0
101,675,40,0
101,672,41,0
101,681,42,0
101,932,43,0
101,933,44,0
101,756,45,0
101,757,46,0
101,97,47,0
101,777,48,1
200,777,1,0
200,737,2,0
200,98,3,0
200,506,4,0
200,524,5,0
200,528,6,0
200,526,7,0
200,536,8,0
200,538,9,0
200,661,10,0
200,659,11,0
200,671,12,0
200,664,13,0
200,662,14,0
200,824,15,0
200,825,16,0
200,826,17,0
200,827,18,0
200,828,19,0
200,829,20,0
200,830,21,0
200,831,22,0
200,883,23,0
200,271,24,0
200,277,25,0
200,274,26,0
200,267,27,0
200,266,28,0
200,272,29,0
200,270,30,0
200,275,31,0
200,1,32,1
201,1,1,0
201,278,2,0
201,276,3,0
201,269,4,0
201,268,5,0
201,265,6,0
201,273,7,0
201,934,8,0
201,893,9,0
201,892,10,0
201,839,11,0
201,840,12,0
201,841,13,0
201,842,14,0
201,843,15,0
201,844,16,0
201,845,17,0
201,846,18,0
201,847,19,0
201,663,20,0
201,670,21,0
201,667,22,0
201,660,23,0
201,537,24,0
201,527,25,0
201,529,26,0
201,525,27,0
201,777,28,1
300,725,1,0
300,759,2,0
300,760,3,0
300,761,4,0
300,762,5,0
300,763,6,0
300,764,7,0
300,765,8,0
300,877,9,0
300,878,10,0
300,879,11,0
300,752,12,0
300,512,13,0
300,520,14,0
300,508,15,0
300,777,16,0
300,736,17,0
300,90,18,0
300,968,19,0
300,87,20,0
300,84,21,0
300,100,22,0
300,83,23,0
300,2,24,0
300,95,25,0
300,80,26,0
300,102,27,0
300,54,28,0
300,56,29,0
300,55,30,0
300,386,31,0
300,388,32,0
300,393,33,0
300,385,34,0
300,383,35,0
300,389,36,0
300,398,37,0
300,396,38,0
300,392,39,0
300,270,40,0
300,275,41,0
300,1,42,0
300,485,43,0
300,188,44,0
300,192,45,0
300,559,46,0
300,189,47,0
300,558,48,0
300,583,49,0
300,585,50,0
300,586,51,0
300,584,52,0
300,562,53,0
300,936,54,0
300,937,55,0
300,938,56,0
300,939,57,0
300,341,58,0
300,355,59,0
300,254,60,0
300,250,61,0
300,330,62,0
300,333,63,0
300,332,64,0
300,612,65,1
301,612,1,0
301,326,2,0
301,405,3,0
301,402,4,0
301,411,5,0
301,407,6,0
301,941,7,0
301,343,8,0
301,338,9,0
301,942,10,0
301,943,11,0
301,944,12,0
301,866,13,0
301,257,14,0
301,252,15,0
301,183,16,0
301,182,17,0
301,184,18,0
301,572,19,0
301,569,20,0
301,187,21,0
301,486,22,0
301,1,23,0
301,278,24,0
301,276,25,0
301,280,26,0
301,395,27,0
301,390,28,0
301,384,29,0
301,394,30,0
301,387,31,0
301,381,32,0
301,749,33,0
301,748,34,0
301,92,35,0
301,79,36,0
301,94,37,0
301,2,38,0
301,82,39,0
301,99,40,0
301,85,41,0
301,86,42,0
301,969,43,0
301,91,44,0
301,737,45,0
301,521,46,0
301,741,47,0
301,116,48,0
301,113,49,0
301,118,50,0
301,123,51,0
301,110,52,0
301,774,53,0
301,775,54,0
301,778,55,0
301,779,56,0
301,780,57,0
301,781,58,0
301,725,59,1
400,725,1,0
400,515,2,0
400,596,3,0
400,602,4,0
400,598,5,0
400,595,6,0
400,600,7,0
400,121,8,0
400,117,9,0
400,802,10,0
400,940,11,0
400,763,12,0
400,764,13,0
400,765,14,0
400,120,15,0
400,380,16,0
400,369,17,0
400,373,18,0
400,379,19,0
400,370,20,0
400,377,21,0
400,728,22,0
400,653,23,0
400,655,24,0
400,657,25,0
400,930,26,0
400,715,27,0
400,171,28,0
400,169,29,0
400,172,30,0
400,163,31,0
400,167,32,0
400,732,33,0
400,147,34,0
400,149,35,0
400,152,36,0
400,150,37,0
400,872,38,0
400,1,39,0
400,485,40,0
400,73,41,0
400,67,42,0
400,204,43,0
400,203,44,0
400,202,45,0
400,206,46,0
400,205,47,0
400,235,48,0
400,70,49,0
400,71,50,0
400,76,51,0
400,77,52,1
401,77,1,0
401,357,2,0
401,363,3,0
401,793,4,0
401,794,5,0
401,127,6,0
401,126,7,0
401,623,8,0
401,622,9,0
401,219,10,0
401,319,11,0
401,317,12,0
401,316,13,0
401,318,14,0
401,320,15,0
401,321,16,0
401,58,17,0
401,68,18,0
401,74,19,0
401,75,20,0
401,486,21,0
401,1,22,0
401,144,23,0
401,151,24,0
401,148,25,0
401,146,26,0
401,145,27,0
401,732,28,0
401,297,29,0
401,168,30,0
401,174,31,0
401,165,32,0
401,173,33,0
401,170,34,0
401,166,35,0
401,716,36,0
401,557,37,0
401,656,38,0
401,654,39,0
401,376,40,0
401,371,41,0
401,368,42,0
401,378,43,0
401,374,44,0
401,375,45,0
401,380,46,0
401,372,47,0
401,117,48,0
401,802,49,0
401,774,50,0
401,775,51,0
401,478,52,0
401,970,53,0
401,120,54,0
401,822,55,0
401,122,56,0
401,601,57,0
401,594,58,0
401,599,59,0
401,593,60,0
401,597,61,0
401,514,62,0
401,522,63,0
401,725,64,1
500,627,1,0
500,604,2,0
500,603,3,0
500,288,4,0
500,286,5,0
500,283,6,0
500,890,7,0
500,891,8,0
500,422,9,0
500,925,10,0
500,249,11,0
500,699,12,0
500,697,13,0
500,695,14,0
500,703,15,0
500,609,16,0
500,608,17,0
500,611,18,0
500,486,19,0
500,1,20,0
500,485,21,0
500,188,22,0
500,192,23,0
500,189,24,0
500,194,25,0
500,186,26,0
500,128,27,0
500,141,28,0
500,139,29,0
500,133,30,0
500,136,31,0
500,143,32,0
500,945,33,0
500,567,34,0
500,568,35,0
500,769,36,0
500,414,37,0
500,409,38,0
500,907,39,0
500,908,40,1
501,908,1,0
501,909,2,0
501,910,3,0
501,911,4,0
501,959,5,0
501,142,6,0
501,135,7,0
501,132,8,0
501,138,9,0
501,140,10,0
501,131,11,0
501,730,12,0
501,731,13,0
501,946,14,0
501,1,15,0
501,485,16,0
501,610,17,0
501,607,18,0
501,702,19,0
501,696,20,0
501,698,21,0
501,700,22,0
501,248,23,0
501,894,24,0
501,895,25,0
501,281,26,0
501,284,27,0
501,282,28,0
501,285,29,0
501,288,30,0
501,287,31,0
501,556,32,0
501,627,33,1
600,1,1,0
600,278,2,0
600,276,3,0
600,269,4,0
600,268,5,0
600,265,6,0
600,273,7,0
600,180,8,0
600,176,9,0
600,178,10,0
600,181,11,0
600,281,12,0
600,324,13,0
600,323,14,0
600,322,15,0
600,897,16,0
600,898,17,0
600,899,18,0
600,53,19,0
600,947,20,0
600,230,21,0
600,242,22,0
600,246,23,0
600,240,24,0
600,457,25,0
600,464,26,0
600,470,27,0
600,459,28,0
600,468,29,0
600,451,30,0
600,461,31,0
600,456,32,0
600,467,33,0
600,463,34,0
600,454,35,0
600,455,36,0
600,441,37,0
600,449,38,0
600,443,39,0
600,445,40,0
600,926,41,0
600,927,42,0
600,223,43,0
600,215,44,0
600,330,45,0
600,251,46,0
600,255,47,0
600,256,48,0
600,686,49,0
600,693,50,0
600,687,51,0
600,682,52,0
600,948,53,0
600,949,54,0
600,486,55,1
601,1,1,0
601,485,2,0
601,484,3,0
601,701,4,0
601,690,5,0
601,683,6,0
601,689,7,0
601,694,8,0
601,685,9,0
601,253,10,0
601,254,11,0
601,250,12,0
601,330,13,0
601,216,14,0
601,222,15,0
601,950,16,0
601,928,17,0
601,929,18,0
601,444,19,0
601,446,20,0
601,447,21,0
601,448,22,0
601,440,23,0
601,442,24,0
601,453,25,0
601,462,26,0
601,466,27,0
601,460,28,0
601,471,29,0
601,450,30,0
601,452,31,0
601,469,32,0
601,465,33,0
601,458,34,0
601,241,35,0
601,247,36,0
601,243,37,0
601,231,38,0
601,915,39,0
601,916,40,0
601,423,41,0
601,419,42,0
601,425,43,0
601,421,44,0
601,920,45,0
601,921,46,0
601,922,47,0
601,923,48,0
601,924,49,0
601,891,50,0
601,422,51,0
601,177,52,0
601,175,53,0
601,179,54,0
601,274,55,0
601,267,56,0
601,266,57,0
601,272,58,0
601,270,59,0
601,275,60,1
700,777,1,0
700,737,2,0
700,98,3,0
700,506,4,0
700,867,5,0
700,971,6,0
700,972,7,0
700,848,8,0
700,850,9,0
700,851,10,0
700,852,11,0
700,199,12,0
700,200,13,0
700,665,14,0
700,533,15,0
700,530,16,0
700,853,17,0
700,855,18,0
700,494,19,0
700,492,20,0
700,487,21,0
700,504,22,0
700,499,23,0
700,500,24,0
700,489,25,0
700,41,26,0
700,36,27,0
700,32,28,0
700,35,29,0
700,38,30,0
700,31,31,0
700,575,32,0
700,576,33,0
700,578,34,0
700,573,35,0
700,579,36,0
700,582,37,0
700,646,38,0
700,644,39,0
700,642,40,0
700,648,41,0
700,652,42,0
700,650,43,0
700,732,44,0
700,147,45,0
700,149,46,0
700,152,47,0
700,150,48,0
700,872,49,0
700,1,50,0
700,485,51,0
700,73,52,0
700,67,53,0
700,348,54,0
700,340,55,0
700,347,56,0
700,354,57,0
700,636,58,0
700,106,59,0
700,105,60,0
700,108,61,0
700,251,62,1
701,251,1,0
701,255,2,0
701,345,3,0
701,353,4,0
701,337,5,0
701,339,6,0
701,349,7,0
701,74,8,0
701,75,9,0
701,486,10,0
701,1,11,0
701,144,12,0
701,151,13,0
701,148,14,0
701,146,15,0
701,145,16,0
701,732,17,0
701,649,18,0
701,651,19,0
701,647,20,0
701,641,21,0
701,643,22,0
701,645,23,0
701,581,24,0
701,580,25,0
701,574,26,0
701,577,27,0
701,575,28,0
701,33,29,0
701,39,30,0
701,34,31,0
701,37,32,0
701,42,33,0
701,40,34,0
701,490,35,0
701,491,36,0
701,498,37,0
701,505,38,0
701,497,39,0
701,488,40,0
701,493,41,0
701,495,42,0
701,868,43,0
701,870,44,0
701,531,45,0
701,534,46,0
701,539,47,0
701,666,48,0
701,201,49,0
701,198,50,0
701,162,51,0
701,161,52,0
701,871,53,0
701,849,54,0
701,525,55,0
701,777,56,1
800,777,1,0
800,98,2,0
800,506,3,0
800,524,4,0
800,528,5,0
800,526,6,0
800,536,7,0
800,538,8,0
800,533,9,0
800,530,10,0
800,308,11,0
800,299,12,0
800,46,13,0
800,49,14,0
800,47,15,0
800,473,16,0
800,548,17,0
800,606,18,0
800,552,19,0
800,545,20,0
800,542,21,0
800,543,22,0
800,547,23,0
800,488,24,0
800,493,25,0
800,495,26,0
800,291,27,0
800,305,28,0
800,313,29,0
800,295,30,0
800,983,31,0
800,296,32,0
800,301,33,0
800,14,34,0
800,11,35,0
800,26,36,0
800,8,37,0
800,21,38,0
800,29,39,0
800,5,40,0
800,266,41,0
800,272,42,0
800,270,43,0
800,275,44,0
800,1,45,0
800,485,46,0
800,188,47,0
800,192,48,0
800,189,49,0
800,194,50,0
800,186,51,0
800,128,52,0
800,141,53,0
800,139,54,0
800,133,55,0
800,136,56,0
800,143,57,0
800,129,58,0
800,400,59,0
800,414,60,0
800,409,61,0
800,410,62,0
800,401,63,0
800,406,64,0
800,325,65,0
800,332,66,0
800,612,67,0
800,330,68,0
800,109,69,0
800,104,70,0
800,107,71,0
800,628,72,0
800,633,73,0
800,632,74,0
800,444,75,0
800,446,76,0
800,447,77,0
800,448,78,0
800,440,79,0
800,442,80,0
800,453,81,0
800,912,82,0
800,913,83,0
800,914,84,0
800,232,85,0
800,238,86,0
800,244,87,0
800,15,88,0
800,4,89,0
800,23,90,0
800,12,91,0
800,24,92,0
800,18,93,0
800,249,94,0
800,699,95,0
800,697,96,0
800,695,97,0
800,703,98,0
800,609,99,0
800,608,100,0
800,611,101,0
800,486,102,0
800,144,103,0
800,151,104,0
800,148,105,0
800,146,106,0
800,145,107,0
800,732,108,0
800,297,109,0
800,168,110,0
800,174,111,0
800,165,112,0
800,173,113,0
800,170,114,0
800,166,115,0
800,716,116,0
800,712,117,0
800,718,118,0
800,714,119,0
800,719,120,0
800,709,121,0
800,707,122,0
800,705,123,0
800,723,124,0
800,722,125,0
800,800,126,0
800,801,127,0
800,725,128,0
800,955,129,0
800,956,130,0
800,957,131,0
800,517,132,0
800,516,133,0
800,511,134,0
800,512,135,0
800,520,136,0
800,508,137,1
801,777,1,0
801,521,2,0
801,513,3,0
801,519,4,0
801,518,5,0
801,965,6,0
801,966,7,0
801,967,8,0
801,725,9,0
801,782,10,0
801,783,11,0
801,784,12,0
801,724,13,0
801,704,14,0
801,708,15,0
801,706,16,0
801,710,17,0
801,721,18,0
801,720,19,0
801,717,20,0
801,711,21,0
801,715,22,0
801,171,23,0
801,169,24,0
801,172,25,0
801,163,26,0
801,167,27,0
801,732,28,0
801,147,29,0
801,149,30,0
801,152,31,0
801,150,32,0
801,872,33,0
801,1,34,0
801,485,35,0
801,610,36,0
801,607,37,0
801,608,38,0
801,702,39,0
801,696,40,0
801,698,41,0
801,700,42,0
801,248,43,0
801,17,44,0
801,25,45,0
801,13,46,0
801,28,47,0
801,3,48,0
801,16,49,0
801,245,50,0
801,239,51,0
801,233,52,0
801,415,53,0
801,416,54,0
801,901,55,0
801,454,56,0
801,455,57,0
801,441,58,0
801,449,59,0
801,443,60,0
801,445,61,0
801,635,62,0
801,634,63,0
801,106,64,0
801,105,65,0
801,108,66,0
801,330,67,0
801,333,68,0
801,332,69,0
801,612,70,0
801,326,71,0
801,405,72,0
801,402,73,0
801,411,74,0
801,408,75,0
801,413,76,0
801,399,77,0
801,605,78,0
801,142,79,0
801,135,80,0
801,132,81,0
801,138,82,0
801,140,83,0
801,131,84,0
801,185,85,0
801,193,86,0
801,190,87,0
801,191,88,0
801,187,89,0
801,486,90,0
801,278,91,0
801,276,92,0
801,269,93,0
801,268,94,0
801,265,95,0
801,6,96,0
801,19,97,0
801,30,98,0
801,22,99,0
801,7,100,0
801,27,101,0
801,10,102,0
801,9,103,0
801,293,104,0
801,289,105,0
801,300,106,0
801,294,107,0
801,306,108,0
801,307,109,0
801,312,110,0
801,304,111,0
801,290,112,0
801,494,113,0
801,492,114,0
801,487,115,0
801,540,116,0
801,546,117,0
801,541,118,0
801,544,119,0
801,551,120,0
801,550,121,0
801,640,122,0
801,472,123,0
801,48,124,0
801,50,125,0
801,45,126,0
801,298,127,0
801,292,128,0
801,870,129,0
801,531,130,0
801,534,131,0
801,539,132,0
801,537,133,0
801,527,134,0
801,529,135,0
801,525,136,1
1100,2,1,0
1100,82,2,0
1100,99,3,0
1100,85,4,0
1100,86,5,0
1100,969,6,0
1100,91,7,0
1100,737,8,0
1100,777,9,0
1100,984,10,0
1100,738,11,0
1100,617,12,0
1100,618,13,0
1100,975,14,0
1100,977,15,0
1100,973,16,1
1101,974,1,0
1101,978,2,0
1101,979,3,0
1101,980,4,0
1101,981,5,0
1101,933,6,0
1101,756,7,0
1101,757,8,0
1101,97,9,0
1101,777,10,0
1101,736,11,0
1101,90,12,0
1101,968,13,0
1101,87,14,0
1101,84,15,0
1101,100,16,0
1101,83,17,0
1101,2,18,1
9000,732,1,0
9000,8998,2,0
9000,8999,3,0
9000,9000,4,0
9000,9001,5,0
9000,9002,6,0
9000,9003,7,0
9000,9004,8,0
9000,9005,9,0
9000,9006,10,0
9000,9007,11,0
9000,9008,12,0
9000,9009,13,0
9000,9010,14,0
9000,9011,15,0
9000,9012,16,0
9000,9013,17,0
9000,9014,18,0
9000,9015,19,0
9000,9016,20,0
9000,9017,21,0
9000,9018,22,0
9000,9019,23,0
9000,9020,24,0
9000,9021,25,0
9000,9022,26,0
9000,9023,27,0
9000,9024,28,0
9000,9025,29,0
9000,9026,30,0
9000,9027,31,0
9000,9028,32,1
9001,732,1,0
9001,9030,2,0
9001,9031,3,0
9001,9032,4,0
9001,9033,5,0
9001,9034,6,0
9001,9035,7,0
9001,9036,8,0
9001,9037,9,0
9001,9013,10,0
9001,9014,11,0
9001,9015,12,0
9001,9016,13,0
9001,9017,14,0
9001,9018,15,0
9001,9019,16,0
9001,9020,17,0
9001,9038,18,0
9001,9040,19,0
9001,9041,20,0
9001,9042,21,0
9001,9043,22,0
9001,9001,23,0
9001,9002,24,0
9001,9004,25,0
9001,9005,26,0
9001,9044,27,0
9001,9045,28,0
9001,9046,29,1
10000,1,1,0
10000,485,2,0
10000,189,3,0
10000,128,4,0
10000,400,5,0
10000,409,6,0
10000,410,7,0
10000,401,8,0
10000,325,9,0
10000,330,10,0
10000,109,11,0
10000,628,12,0
10000,444,13,0
10000,446,14,0
10000,440,15,0
10000,60,16,0
10000,415,17,1
10001,415,1,0
10001,454,2,0
10001,441,3,0
10001,443,4,0
10001,445,5,0
10001,634,6,0
10001,108,7,0
10001,330,8,0
10001,326,9,0
10001,402,10,0
10001,411,11,0
10001,408,12,0
10001,399,13,0
10001,131,14,0
10001,190,15,0
10001,486,16,0
10001,1,17,1
