10100,'4bf8087f-7a14-48a7-b190-74a0cc4c73da',731,,5896,32,,,0,85,,5890,32,,,0,85,,5884,32,,,0,45,,5892,32,,,0,85,,5888,32,,,0,85,,5899,32,,,0,22,,5900,32,,,0,63,,5898,32,,,0,25,,5909,32,,,0,23,,5901,32,,,0,68,,5891,32,,,0,25,,5886,32,,,0,66,,5904,32,,,0,25,,5906,32,,,0,26,,5907,32,,,0,65,,5902,32,,,0,26,,5887,32,,,0,67,,5885,32,,,0,24,,5908,32,,,0,64,,5910,32,,,0,24,,5903,32,,,0,24,,5894,32,,,0,90,,5883,32,,,0,88,,5895,32,,,0,86,,5893,32,,,0,86,,5897,32,,,0,46,,5889,32,,,0,93,,5905,32,,,0
10100,'8d01581c-cf93-4a74-9f42-0fb702955d15',731,,5911,32,,,0,85,,5915,32,,,0,85,,5929,32,,,0,45,,5927,32,,,0,85,,5917,32,,,0,85,,5931,32,,,0,22,,5913,32,,,0,63,,5923,32,,,0,25,,5924,32,,,0,23,,5936,32,,,0,68,,5919,32,,,0,25,,5932,32,,,0,66,,5918,32,,,0,25,,5912,32,,,0,26,,5937,32,,,0,65,,5934,32,,,0,26,,5920,32,,,0,67,,5938,32,,,0,24,,5933,32,,,0,64,,5914,32,,,0,24,,5922,32,,,0,24,,5926,32,,,0,90,,5916,32,,,0,88,,5928,32,,,0,86,,5921,32,,,0,86,,5930,32,,,0,46,,5925,32,,,0,86,,5935,32,,,0
10100,'9881fb63-ca97-484f-b0ca-1bb7e4ca8571',716,,5949,32,,,0,22,,5952,32,,,0,63,,5945,32,,,0,22,,5960,32,,,0,23,,5958,32,,,0,62,,5940,32,,,0,23,,5950,32,,,0,22,,5966,32,,,0,63,,5947,32,,,0,22,,5954,32,,,0,66,,5959,32,,,0,24,,5963,32,,,0,26,,5975,32,,,0,65,,5972,32,,,0,26,,5968,32,,,0,65,,5967,32,,,0,26,,5943,32,,,0,67,,5969,32,,,0,26,,5962,32,,,0,26,,5942,32,,,0,66,,5964,32,,,0,26,,5971,32,,,0,66,,5956,32,,,0,26,,5941,32,,,0,66,,5944,32,,,0,24,,5974,32,,,0,24,,5951,32,,,0,64,,5957,32,,,0,24,,5970,32,,,0,64,,5953,32,,,0,24,,5961,32,,,0,24,,5939,32,,,0,64,,5973,32,,,0,22,,5948,32,,,0,64,,5965,32,,,0,24,,5946,32,,,0,85,,5955,32,,,0
10100,'a06a7e47-f820-49a2-88af-ccffc941c6bc',726,,5981,32,,,0,85,,5982,32,,,0,22,,5993,32,,,0,23,,5998,32,,,0,62,,6010,32,,,0,23,,6003,32,,,0,62,,5992,32,,,0,23,,6004,32,,,0,22,,5995,32,,,0,63,,5984,32,,,0,22,,5989,32,,,0,23,,6011,32,,,0,62,,5994,32,,,0,23,,6008,32,,,0,65,,6005,32,,,0,25,,5985,32,,,0,25,,5978,32,,,0,66,,5983,32,,,0,27,,5977,32,,,0,66,,5987,32,,,0,25,,5986,32,,,0,66,,5997,32,,,0,25,,6002,32,,,0,26,,5999,32,,,0,65,,5996,32,,,0,26,,5991,32,,,0,65,,5979,32,,,0,26,,6007,32,,,0,65,,5988,32,,,0,26,,6000,32,,,0,24,,6006,32,,,0,64,,5990,32,,,0,22,,5980,32,,,0,64,,6009,32,,,0,23,,6001,32,,,0,90,,5976,32,,,0
10100,'af2e8e03-0a42-4469-a2b8-e03c803b7d24',731,,6039,32,,,0,85,,6033,32,,,0,85,,6034,32,,,0,45,,6035,32,,,0,85,,6028,32,,,0,85,,6019,32,,,0,22,,6030,32,,,0,63,,6024,32,,,0,25,,6025,32,,,0,23,,6026,32,,,0,68,,6020,32,,,0,25,,6031,32,,,0,66,,6014,32,,,0,25,,6023,32,,,0,26,,6015,32,,,0,65,,6021,32,,,0,26,,6022,32,,,0,67,,6017,32,,,0,24,,6027,32,,,0,64,,6018,32,,,0,24,,6032,32,,,0,24,,6037,32,,,0,90,,6038,32,,,0,88,,6029,32,,,0,86,,6016,32,,,0,86,,6013,32,,,0,46,,6012,32,,,0,86,,6036,32,,,0
10100,'f29e6a89-2c24-4546-a5bf-65191f526c55',731,,6042,32,,,0,85,,6058,32,,,0,85,,6041,32,,,0,45,,6045,32,,,0,85,,6046,32,,,0,85,,6053,32,,,0,22,,6060,32,,,0,63,,6063,32,,,0,25,,6066,32,,,0,23,,6064,32,,,0,68,,6048,32,,,0,25,,6047,32,,,0,66,,6057,32,,,0,25,,6056,32,,,0,26,,6059,32,,,0,65,,6044,32,,,0,26,,6054,32,,,0,67,,6055,32,,,0,24,,6040,32,,,0,64,,6050,32,,,0,24,,6049,32,,,0,24,,6052,32,,,0,90,,6065,32,,,0,88,,6061,32,,,0,86,,6051,32,,,0,86,,6043,32,,,0,46,,6067,32,,,0,86,,6062,32,,,0
1000800,'4bf8087f-7a14-48a7-b190-74a0cc4c73da',905,,6440,77,,,0,102,,6439,77,,,0,100,,6426,77,,,0,100,,6441,77,,,0,100,,6418,77,,,0,100,,6444,77,,,0,100,,6437,77,,,0,100,,6428,77,,,0,100,,6438,77,,,0,99,,6435,77,,,0,100,,6423,77,,,0,100,,6445,77,,,0,100,,6425,77,,,0,148,,6432,77,,,0
1000800,'8d01581c-cf93-4a74-9f42-0fb702955d15',905,,6448,77,,,0,102,,6468,77,,,0,100,,6473,77,,,0,100,,6455,77,,,0,100,,6459,77,,,0,100,,6463,77,,,0,100,,6470,77,,,0,100,,6471,77,,,0,100,,6465,77,,,0,99,,6464,77,,,0,100,,6457,77,,,0,100,,6472,77,,,0,100,,6454,77,,,0
1000800,'9881fb63-ca97-484f-b0ca-1bb7e4ca8571',535,,6490,172,,,0,70,,6493,172,,,0,30,,6481,325,,,0,70,,6483,325,,,0,30,,6487,325,,,0,70,,6499,325,,,0,32,,6495,305,,,0,70,,6479,325,,,0,30,,6511,325,,,0,70,,6502,325,,,0,30,,6477,325,,,0,70,,6506,325,,,0,30,,6476,325,,,0,70,,6505,325,,,0,30,,6494,325,,,0,70,,6507,325,,,0,30,,6496,325,,,0,70,,6503,325,,,0,30,,6500,325,,,0,70,,6501,325,,,0,30,,6497,305,,,0,70,,6508,325,,,0,30,,6513,325,,,0,70,,6485,325,,,0,32,,6489,325,,,0,70,,6510,325,,,0,30,,6492,325,,,0,70,,6484,325,,,0,95,,6509,325,,,0,102,,6478,77,,,0,98,,6488,77,,,0,100,,6474,77,,,0,104,,6512,77,,,0
1000800,'a06a7e47-f820-49a2-88af-ccffc941c6bc',705,,6539,55,,,0,30,,6524,55,,,0,70,,6535,172,,,0,32,,6541,325,,,0,70,,6537,325,,,0,30,,6543,325,,,0,70,,6546,325,,,0,30,,6519,325,,,0,70,,6529,325,,,0,30,,6538,325,,,0,70,,6531,325,,,0,30,,6522,325,,,0,70,,6526,325,,,0,30,,6515,325,,,0,70,,6518,325,,,0,30,,6547,325,,,0,70,,6532,325,,,0,30,,6530,325,,,0,70,,6550,325,,,0,30,,6516,325,,,0,70,,6540,325,,,0,31,,6523,325,,,0,70,,6517,325,,,0,30,,6542,325,,,0,70,,6527,325,,,0,98,,6548,325,,,0,98,,6520,77,,,0,99,,6549,77,,,0,100,,6544,77,,,0,100,,6534,77,,,0
1000800,'af2e8e03-0a42-4469-a2b8-e03c803b7d24',905,,6569,77,,,0,102,,6554,77,,,0,100,,6572,77,,,0,100,,6575,77,,,0,100,,6571,77,,,0,100,,6558,77,,,0,100,,6556,77,,,0,100,,6555,77,,,0,100,,6553,77,,,0,99,,6566,77,,,0,100,,6564,77,,,0,100,,6567,77,,,0,100,,6557,77,,,0
1000800,'f29e6a89-2c24-4546-a5bf-65191f526c55',905,,6603,77,,,0,102,,6589,77,,,0,100,,6601,77,,,0,100,,6584,77,,,0,100,,6597,77,,,0,100,,6579,77,,,0,100,,6583,77,,,0,100,,6604,77,,,0,100,,6599,77,,,0,99,,6587,77,,,0,100,,6582,77,,,0,100,,6578,77,,,0,100,,6592,77,,,0
