1000700,'4bf8087f-7a14-48a7-b190-74a0cc4c73da',1012,,6309,154,,,0,100,,6306,154,,,0,100,,6300,154,,,0,100,,6298,154,,,0,100,,6305,154,,,0,100,,6307,154,,,0,100,,6299,154,,,0,100,,6302,154,,,0,100,,6297,154,,,0,100,,6303,154,,,0,100,,6301,154,,,0,99,,6304,154,,,0,121,,6296,154,,,0
1000700,'8d01581c-cf93-4a74-9f42-0fb702955d15',1011,,6323,154,,,0,100,,6320,154,,,0,100,,6312,154,,,0,100,,6315,154,,,0,100,,6313,154,,,0,100,,6318,154,,,0,100,,6311,154,,,0,100,,6316,154,,,0,100,,6319,154,,,0,100,,6321,154,,,0,100,,6314,154,,,0,99,,6310,154,,,0,100,,6322,105,,,0
1000700,'9881fb63-ca97-484f-b0ca-1bb7e4ca8571',612,,6324,154,,,0,30,,6335,154,,,0,69,,6339,154,,,0,24,,6353,154,,,0,76,,6328,154,,,0,24,,6346,154,,,0,76,,6347,154,,,0,30,,6344,154,,,0,70,,6336,154,,,0,30,,6352,154,,,0,70,,6349,154,,,0,30,,6354,154,,,0,70,,6356,154,,,0,30,,6357,154,,,0,70,,6340,154,,,0,30,,6331,154,,,0,69,,6338,154,,,0,30,,6329,154,,,0,70,,6333,154,,,0,30,,6343,154,,,0,70,,6337,154,,,0,30,,6341,154,,,0,68,,6345,154,,,0,30,,6326,154,,,0,72,,6350,154,,,0,30,,6330,154,,,0,72,,6351,154,,,0,98,,6348,154,,,0,101,,6325,154,,,0,98,,6332,154,,,0,102,,6355,154,,,0,96,,6334,114,,,0
1000700,'a06a7e47-f820-49a2-88af-ccffc941c6bc',712,,6366,154,,,0,30,,6385,154,,,0,70,,6383,154,,,0,30,,6361,154,,,0,69,,6358,154,,,0,30,,6386,154,,,0,70,,6378,154,,,0,30,,6359,154,,,0,70,,6364,154,,,0,30,,6360,154,,,0,70,,6370,154,,,0,30,,6382,154,,,0,70,,6389,154,,,0,30,,6368,154,,,0,70,,6380,154,,,0,30,,6384,154,,,0,70,,6381,154,,,0,30,,6377,154,,,0,70,,6374,154,,,0,30,,6367,154,,,0,70,,6363,154,,,0,30,,6387,154,,,0,70,,6379,154,,,0,30,,6372,154,,,0,70,,6362,154,,,0,100,,6388,154,,,0,99,,6365,154,,,0,100,,6371,154,,,0,100,,6376,154,,,0,100,,6373,105,,,0
1000700,'af2e8e03-0a42-4469-a2b8-e03c803b7d24',1011,,6392,154,,,0,100,,6390,154,,,0,100,,6396,154,,,0,100,,6399,154,,,0,100,,6391,154,,,0,100,,6401,154,,,0,100,,6395,154,,,0,100,,6400,154,,,0,100,,6397,154,,,0,100,,6394,154,,,0,100,,6403,154,,,0,99,,6393,154,,,0,100,,6398,105,,,0
1000700,'f29e6a89-2c24-4546-a5bf-65191f526c55',1011,,6409,154,,,0,100,,6411,154,,,0,100,,6413,154,,,0,100,,6406,154,,,0,100,,6407,154,,,0,100,,6415,154,,,0,100,,6414,154,,,0,100,,6410,154,,,0,100,,6416,154,,,0,100,,6408,154,,,0,100,,6404,154,,,0,99,,6412,154,,,0,100,,6405,105,,,0
1001200,'4bf8087f-7a14-48a7-b190-74a0cc4c73da',845,,6732,104,,,0,100,,6736,104,,,0,100,,6730,104,,,0,103,,6737,104,,,0,102,,6739,104,,,0,100,,6731,104,,,0,150,,6741,104,,,0,100,,6735,104,,,0,110,,6742,104,,,0,100,,6734,104,,,0,106,,6733,104,,,0,100,,6740,104,,,0,100,,6743,104,,,0,115,,6738,104,,,0
1001200,'8d01581c-cf93-4a74-9f42-0fb702955d15',845,,6745,104,,,0,100,,6757,104,,,0,100,,6750,104,,,0,103,,6755,104,,,0,102,,6747,104,,,0,100,,6754,104,,,0,150,,6744,104,,,0,100,,6751,104,,,0,110,,6749,104,,,0,100,,6752,104,,,0,106,,6748,104,,,0,100,,6746,104,,,0,100,,6753,104,,,0,100,,6756,104,,,0
1001200,'9881fb63-ca97-484f-b0ca-1bb7e4ca8571',616,,6788,104,,,0,32,,6776,104,,,0,74,,6785,104,,,0,30,,6769,104,,,0,70,,6781,104,,,0,35,,6762,104,,,0,75,,6783,104,,,0,70,,6770,104,,,0,30,,6789,104,,,0,75,,6780,104,,,0,35,,6764,104,,,0,70,,6778,104,,,0,30,,6784,104,,,0,75,,6761,104,,,0,35,,6782,104,,,0,72,,6786,104,,,0,35,,6767,104,,,0,75,,6773,104,,,0,75,,6768,104,,,0,35,,6777,104,,,0,75,,6787,104,,,0,35,,6771,104,,,0,70,,6775,104,,,0,35,,6766,104,,,0,75,,6760,104,,,0,75,,6779,104,,,0,30,,6772,104,,,0,70,,6763,104,,,0,100,,6774,104,,,0,100,,6758,104,,,0,109,,6765,104,,,0
1001200,'a06a7e47-f820-49a2-88af-ccffc941c6bc',658,,6795,104,,,0,71,,6793,104,,,0,30,,6791,104,,,0,70,,6805,104,,,0,30,,6799,104,,,0,70,,6810,104,,,0,73,,6800,104,,,0,30,,6813,104,,,0,70,,6811,104,,,0,36,,6816,104,,,0,70,,6792,104,,,0,30,,6817,104,,,0,70,,6819,104,,,0,40,,6796,104,,,0,70,,6807,104,,,0,30,,6794,104,,,0,70,,6815,104,,,0,40,,6814,104,,,0,70,,6802,104,,,0,30,,6818,104,,,0,70,,6804,104,,,0,81,,6808,104,,,0,30,,6812,104,,,0,70,,6809,104,,,0,30,,6798,104,,,0,73,,6806,104,,,0,30,,6801,104,,,0,70,,6803,104,,,0,100,,6820,104,,,0,100,,6790,104,,,0,100,,6797,104,,,0
1001200,'af2e8e03-0a42-4469-a2b8-e03c803b7d24',845,,6834,104,,,0,100,,6830,104,,,0,100,,6824,104,,,0,103,,6831,104,,,0,102,,6828,104,,,0,100,,6832,104,,,0,150,,6826,104,,,0,100,,6829,104,,,0,110,,6822,104,,,0,100,,6827,104,,,0,106,,6821,104,,,0,100,,6823,104,,,0,100,,6825,104,,,0,100,,6833,104,,,0
1001200,'f29e6a89-2c24-4546-a5bf-65191f526c55',845,,6848,104,,,0,100,,6842,104,,,0,100,,6840,104,,,0,103,,6841,104,,,0,102,,6844,104,,,0,100,,6837,104,,,0,150,,6839,104,,,0,100,,6838,104,,,0,110,,6847,104,,,0,100,,6836,104,,,0,106,,6843,104,,,0,100,,6845,104,,,0,100,,6835,104,,,0,100,,6846,104,,,0
