1000700,'4bf8087f-7a14-48a7-b190-74a0cc4c73da',1011,,6309,150,,,0,100,,6306,150,,,0,100,,6300,150,,,0,100,,6298,150,,,0,100,,6305,150,,,0,100,,6307,150,,,0,100,,6299,150,,,0,100,,6302,150,,,0,100,,6297,150,,,0,100,,6303,150,,,0,100,,6301,150,,,0,99,,6304,150,,,0,121,,6296,150,,,0
1000700,'8d01581c-cf93-4a74-9f42-0fb702955d15',1010,,6323,150,,,0,100,,6320,150,,,0,100,,6312,150,,,0,100,,6315,150,,,0,100,,6313,150,,,0,100,,6318,150,,,0,100,,6311,150,,,0,100,,6316,150,,,0,100,,6319,150,,,0,100,,6321,150,,,0,100,,6314,150,,,0,99,,6310,150,,,0,100,,6322,103,,,0
1000700,'9881fb63-ca97-484f-b0ca-1bb7e4ca8571',611,,6324,150,,,0,30,,6335,150,,,0,69,,6339,150,,,0,24,,6353,150,,,0,76,,6328,150,,,0,24,,6346,150,,,0,76,,6347,150,,,0,30,,6344,150,,,0,70,,6336,150,,,0,30,,6352,150,,,0,70,,6349,150,,,0,30,,6354,150,,,0,70,,6356,150,,,0,30,,6357,150,,,0,70,,6340,150,,,0,30,,6331,150,,,0,69,,6338,150,,,0,30,,6329,150,,,0,70,,6333,150,,,0,30,,6343,150,,,0,70,,6337,150,,,0,30,,6341,150,,,0,68,,6345,150,,,0,30,,6326,150,,,0,72,,6350,150,,,0,30,,6330,150,,,0,72,,6351,150,,,0,98,,6348,150,,,0,101,,6325,150,,,0,98,,6332,150,,,0,102,,6355,150,,,0,96,,6334,112,,,0
1000700,'a06a7e47-f820-49a2-88af-ccffc941c6bc',711,,6366,150,,,0,30,,6385,150,,,0,70,,6383,150,,,0,30,,6361,150,,,0,69,,6358,150,,,0,30,,6386,150,,,0,70,,6378,150,,,0,30,,6359,150,,,0,70,,6364,150,,,0,30,,6360,150,,,0,70,,6370,150,,,0,30,,6382,150,,,0,70,,6389,150,,,0,30,,6368,150,,,0,70,,6380,150,,,0,30,,6384,150,,,0,70,,6381,150,,,0,30,,6377,150,,,0,70,,6374,150,,,0,30,,6367,150,,,0,70,,6363,150,,,0,30,,6387,150,,,0,70,,6379,150,,,0,30,,6372,150,,,0,70,,6362,150,,,0,100,,6388,150,,,0,99,,6365,150,,,0,100,,6371,150,,,0,100,,6376,150,,,0,100,,6373,103,,,0
1000700,'af2e8e03-0a42-4469-a2b8-e03c803b7d24',1010,,6392,150,,,0,100,,6390,150,,,0,100,,6396,150,,,0,100,,6399,150,,,0,100,,6391,150,,,0,100,,6401,150,,,0,100,,6395,150,,,0,100,,6400,150,,,0,100,,6397,150,,,0,100,,6394,150,,,0,100,,6403,150,,,0,99,,6393,150,,,0,100,,6398,103,,,0
1000700,'f29e6a89-2c24-4546-a5bf-65191f526c55',1010,,6409,150,,,0,100,,6411,150,,,0,100,,6413,150,,,0,100,,6406,150,,,0,100,,6407,150,,,0,100,,6415,150,,,0,100,,6414,150,,,0,100,,6410,150,,,0,100,,6416,150,,,0,100,,6408,150,,,0,100,,6404,150,,,0,99,,6412,150,,,0,100,,6405,103,,,0
1001200,'4bf8087f-7a14-48a7-b190-74a0cc4c73da',845,,6732,101,,,0,100,,6736,101,,,0,100,,6730,101,,,0,103,,6737,101,,,0,102,,6739,101,,,0,100,,6731,101,,,0,150,,6741,101,,,0,100,,6735,101,,,0,110,,6742,101,,,0,100,,6734,101,,,0,105,,6733,101,,,0,100,,6740,101,,,0,100,,6743,101,,,0,115,,6738,101,,,0
1001200,'8d01581c-cf93-4a74-9f42-0fb702955d15',845,,6745,101,,,0,100,,6757,101,,,0,100,,6750,101,,,0,103,,6755,101,,,0,102,,6747,101,,,0,100,,6754,101,,,0,150,,6744,101,,,0,100,,6751,101,,,0,110,,6749,101,,,0,100,,6752,101,,,0,105,,6748,101,,,0,100,,6746,101,,,0,100,,6753,101,,,0,100,,6756,101,,,0
1001200,'9881fb63-ca97-484f-b0ca-1bb7e4ca8571',615,,6788,101,,,0,32,,6776,101,,,0,74,,6785,101,,,0,31,,6769,101,,,0,70,,6781,101,,,0,35,,6762,101,,,0,75,,6783,101,,,0,70,,6770,101,,,0,30,,6789,101,,,0,75,,6780,101,,,0,35,,6764,101,,,0,70,,6778,101,,,0,30,,6784,101,,,0,75,,6761,101,,,0,35,,6782,101,,,0,72,,6786,101,,,0,35,,6767,101,,,0,75,,6773,101,,,0,75,,6768,101,,,0,35,,6777,101,,,0,75,,6787,101,,,0,35,,6771,101,,,0,69,,6775,101,,,0,35,,6766,101,,,0,75,,6760,101,,,0,75,,6779,101,,,0,30,,6772,101,,,0,70,,6763,101,,,0,100,,6774,101,,,0,100,,6758,101,,,0,109,,6765,101,,,0
1001200,'a06a7e47-f820-49a2-88af-ccffc941c6bc',657,,6795,101,,,0,72,,6793,101,,,0,30,,6791,101,,,0,70,,6805,101,,,0,30,,6799,101,,,0,70,,6810,101,,,0,73,,6800,101,,,0,30,,6813,101,,,0,70,,6811,101,,,0,36,,6816,101,,,0,70,,6792,101,,,0,30,,6817,101,,,0,70,,6819,101,,,0,40,,6796,101,,,0,70,,6807,101,,,0,30,,6794,101,,,0,70,,6815,101,,,0,40,,6814,101,,,0,70,,6802,101,,,0,30,,6818,101,,,0,70,,6804,101,,,0,80,,6808,101,,,0,30,,6812,101,,,0,70,,6809,101,,,0,30,,6798,101,,,0,73,,6806,101,,,0,30,,6801,101,,,0,70,,6803,101,,,0,100,,6820,101,,,0,100,,6790,101,,,0,100,,6797,101,,,0
1001200,'af2e8e03-0a42-4469-a2b8-e03c803b7d24',845,,6834,101,,,0,100,,6830,101,,,0,100,,6824,101,,,0,103,,6831,101,,,0,102,,6828,101,,,0,100,,6832,101,,,0,150,,6826,101,,,0,100,,6829,101,,,0,110,,6822,101,,,0,100,,6827,101,,,0,105,,6821,101,,,0,100,,6823,101,,,0,100,,6825,101,,,0,100,,6833,101,,,0
1001200,'f29e6a89-2c24-4546-a5bf-65191f526c55',845,,6848,101,,,0,100,,6842,101,,,0,100,,6840,101,,,0,103,,6841,101,,,0,102,,6844,101,,,0,100,,6837,101,,,0,150,,6839,101,,,0,100,,6838,101,,,0,110,,6847,101,,,0,100,,6836,101,,,0,105,,6843,101,,,0,100,,6845,101,,,0,100,,6835,101,,,0,100,,6846,101,,,0
2000800,'4bf8087f-7a14-48a7-b190-74a0cc4c73da',913,,7207,9,,,0,100,,7197,9,,,0,100,,7187,9,,,0,100,,7200,9,,,0,100,,7189,9,,,0,100,,7199,9,,,0,100,,7192,9,,,0,100,,7206,9,,,0,100,,7202,9,,,0,100,,7196,9,,,0,100,,7205,9,,,0,100,,7184,9,,,0,100,,7194,9,,,0
2000800,'8d01581c-cf93-4a74-9f42-0fb702955d15',913,,7219,9,,,0,100,,7224,9,,,0,100,,7232,9,,,0,100,,7209,9,,,0,100,,7215,9,,,0,100,,7217,9,,,0,100,,7208,9,,,0,100,,7227,9,,,0,100,,7213,9,,,0,100,,7228,9,,,0,100,,7220,9,,,0,100,,7221,9,,,0,100,,7218,9,,,0
2000800,'9881fb63-ca97-484f-b0ca-1bb7e4ca8571',514,,7250,9,,,0,30,,7243,9,,,0,69,,7237,59,,,0,30,,7238,9,,,0,70,,7259,59,,,0,30,,7264,59,,,0,70,,7240,59,,,0,30,,7251,59,,,0,70,,7265,59,,,0,30,,7252,59,,,0,70,,7258,59,,,0,30,,7257,59,,,0,70,,7267,59,,,0,30,,7248,59,,,0,70,,7235,59,,,0,30,,7266,59,,,0,70,,7242,59,,,0,30,,7261,59,,,0,70,,7247,59,,,0,30,,7255,59,,,0,70,,7260,59,,,0,30,,7236,59,,,0,70,,7272,59,,,0,30,,7270,59,,,0,70,,7244,59,,,0,30,,7269,59,,,0,70,,7254,59,,,0,104,,7239,59,,,0,96,,7263,9,,,0,100,,7253,9,,,0,100,,7268,9,,,0,100,,7234,9,,,0
2000800,'a06a7e47-f820-49a2-88af-ccffc941c6bc',643,,7305,9,,,0,70,,7302,9,,,0,30,,7274,9,,,0,70,,7295,59,,,0,30,,7307,59,,,0,70,,7304,59,,,0,30,,7282,59,,,0,70,,7280,59,,,0,30,,7299,59,,,0,70,,7293,59,,,0,30,,7277,59,,,0,70,,7273,59,,,0,30,,7292,59,,,0,70,,7297,59,,,0,30,,7296,59,,,0,70,,7298,59,,,0,30,,7281,59,,,0,70,,7279,59,,,0,30,,7275,59,,,0,70,,7285,59,,,0,30,,7286,59,,,0,70,,7289,59,,,0,30,,7301,59,,,0,70,,7306,59,,,0,100,,7300,59,,,0,100,,7276,9,,,0,100,,7287,9,,,0,100,,7308,9,,,0,100,,7283,9,,,0
2000800,'af2e8e03-0a42-4469-a2b8-e03c803b7d24',913,,7310,9,,,0,100,,7324,9,,,0,100,,7325,9,,,0,100,,7330,9,,,0,100,,7316,9,,,0,100,,7312,9,,,0,100,,7315,9,,,0,100,,7322,9,,,0,100,,7328,9,,,0,100,,7333,9,,,0,100,,7319,9,,,0,100,,7320,9,,,0,100,,7313,9,,,0
2000800,'f29e6a89-2c24-4546-a5bf-65191f526c55',913,,7347,9,,,0,100,,7353,9,,,0,100,,7356,9,,,0,100,,7359,9,,,0,100,,7354,9,,,0,100,,7352,9,,,0,100,,7341,9,,,0,100,,7357,9,,,0,100,,7343,9,,,0,100,,7349,9,,,0,100,,7358,9,,,0,100,,7345,9,,,0,100,,7344,9,,,0
