10000,'4bf8087f-7a14-48a7-b190-74a0cc4c73da',804,,5700,46,,,0,49,,5717,46,,,0,89,,5702,46,,,0,89,,5705,46,,,0,89,,5715,46,,,0,24,,5712,46,,,0,65,,5710,46,,,0,24,,5699,46,,,0,25,,5698,46,,,0,64,,5697,46,,,0,25,,5707,46,,,0,64,,5709,46,,,0,25,,5723,46,,,0,64,,5720,46,,,0,25,,5716,46,,,0,24,,5721,46,,,0,65,,5713,46,,,0,25,,5704,46,,,0,66,,5722,46,,,0,25,,5719,46,,,0,25,,5724,46,,,0,65,,5718,46,,,0,87,,5703,46,,,0,47,,5714,46,,,0,87,,5708,46,,,0,86,,5711,46,,,0,86,,5706,46,,,0,46,,5701,46,,,0
10000,'8d01581c-cf93-4a74-9f42-0fb702955d15',804,,5728,46,,,0,49,,5745,46,,,0,89,,5747,46,,,0,89,,5730,46,,,0,89,,5729,46,,,0,24,,5731,46,,,0,65,,5742,46,,,0,24,,5735,46,,,0,25,,5748,46,,,0,64,,5727,46,,,0,25,,5738,46,,,0,64,,5751,46,,,0,25,,5736,46,,,0,64,,5741,46,,,0,25,,5750,46,,,0,24,,5733,46,,,0,65,,5752,46,,,0,25,,5737,46,,,0,66,,5734,46,,,0,25,,5725,46,,,0,25,,5743,46,,,0,65,,5749,46,,,0,87,,5739,46,,,0,47,,5746,46,,,0,87,,5732,46,,,0,86,,5740,46,,,0,86,,5726,46,,,0,46,,5744,46,,,0
10000,'9881fb63-ca97-484f-b0ca-1bb7e4ca8571',727,,5772,46,,,0,20,,5767,46,,,0,69,,5758,46,,,0,22,,5763,46,,,0,67,,5756,46,,,0,24,,5769,46,,,0,25,,5773,46,,,0,64,,5780,46,,,0,25,,5757,46,,,0,64,,5779,46,,,0,25,,5771,46,,,0,24,,5781,46,,,0,65,,5785,46,,,0,24,,5788,46,,,0,66,,5765,46,,,0,25,,5783,46,,,0,66,,5776,46,,,0,25,,5764,46,,,0,26,,5790,46,,,0,64,,5777,46,,,0,26,,5762,46,,,0,64,,5760,46,,,0,25,,5784,46,,,0,24,,5774,46,,,0,64,,5766,46,,,0,24,,5775,46,,,0,63,,5789,46,,,0,24,,5753,46,,,0,23,,5782,46,,,0,64,,5787,46,,,0,23,,5778,46,,,0,63,,5770,46,,,0,23,,5759,46,,,0,23,,5786,46,,,0,63,,5768,46,,,0,23,,5755,46,,,0,23,,5754,46,,,0,86,,5761,46,,,0
10000,'a06a7e47-f820-49a2-88af-ccffc941c6bc',802,,5807,46,,,0,24,,5821,46,,,0,25,,5792,46,,,0,64,,5794,46,,,0,25,,5798,46,,,0,64,,5803,46,,,0,25,,5800,46,,,0,24,,5822,46,,,0,65,,5814,46,,,0,24,,5811,46,,,0,65,,5826,46,,,0,24,,5802,46,,,0,25,,5819,46,,,0,64,,5801,46,,,0,25,,5813,46,,,0,64,,5820,46,,,0,25,,5791,46,,,0,24,,5823,46,,,0,65,,5824,46,,,0,25,,5818,46,,,0,66,,5808,46,,,0,25,,5809,46,,,0,66,,5793,46,,,0,25,,5799,46,,,0,25,,5815,46,,,0,65,,5796,46,,,0,22,,5806,46,,,0,65,,5816,46,,,0,22,,5805,46,,,0,25,,5797,46,,,0,61,,5810,46,,,0,25,,5795,46,,,0,61,,5825,46,,,0,25,,5817,46,,,0,22,,5804,46,,,0,86,,5812,46,,,0
10000,'af2e8e03-0a42-4469-a2b8-e03c803b7d24',804,,5833,46,,,0,49,,5838,46,,,0,89,,5847,46,,,0,89,,5834,46,,,0,89,,5846,46,,,0,24,,5830,46,,,0,65,,5848,46,,,0,24,,5841,46,,,0,25,,5843,46,,,0,64,,5850,46,,,0,25,,5840,46,,,0,64,,5845,46,,,0,25,,5842,46,,,0,64,,5827,46,,,0,25,,5837,46,,,0,24,,5854,46,,,0,65,,5852,46,,,0,25,,5836,46,,,0,66,,5831,46,,,0,25,,5839,46,,,0,25,,5849,46,,,0,65,,5828,46,,,0,87,,5851,46,,,0,47,,5829,46,,,0,87,,5835,46,,,0,86,,5853,46,,,0,86,,5844,46,,,0,46,,5832,46,,,0
10000,'f29e6a89-2c24-4546-a5bf-65191f526c55',804,,5881,46,,,0,49,,5872,46,,,0,89,,5878,46,,,0,89,,5858,46,,,0,89,,5862,46,,,0,24,,5868,46,,,0,65,,5875,46,,,0,24,,5882,46,,,0,25,,5876,46,,,0,64,,5865,46,,,0,25,,5879,46,,,0,64,,5866,46,,,0,25,,5871,46,,,0,64,,5855,46,,,0,25,,5869,46,,,0,24,,5870,46,,,0,65,,5863,46,,,0,25,,5880,46,,,0,66,,5859,46,,,0,25,,5874,46,,,0,25,,5877,46,,,0,65,,5860,46,,,0,87,,5856,46,,,0,47,,5864,46,,,0,87,,5873,46,,,0,86,,5867,46,,,0,86,,5857,46,,,0,46,,5861,46,,,0
2000800,'4bf8087f-7a14-48a7-b190-74a0cc4c73da',940,,7207,129,,,0,100,,7197,125,,,0,100,,7187,125,,,0,100,,7200,125,,,0,100,,7189,125,,,0,100,,7199,125,,,0,100,,7192,125,,,0,100,,7206,125,,,0,100,,7202,125,,,0,100,,7196,125,,,0,99,,7205,125,,,0,100,,7184,125,,,0,100,,7194,125,,,0
2000800,'8d01581c-cf93-4a74-9f42-0fb702955d15',940,,7219,129,,,0,100,,7224,125,,,0,100,,7232,125,,,0,100,,7209,125,,,0,100,,7215,125,,,0,100,,7217,125,,,0,100,,7208,125,,,0,100,,7227,125,,,0,100,,7213,125,,,0,100,,7228,125,,,0,99,,7220,125,,,0,100,,7221,125,,,0,100,,7218,125,,,0
2000800,'9881fb63-ca97-484f-b0ca-1bb7e4ca8571',540,,7250,129,,,0,70,,7243,129,,,0,30,,7237,190,,,0,70,,7238,129,,,0,30,,7259,190,,,0,70,,7264,190,,,0,30,,7240,190,,,0,70,,7251,190,,,0,30,,7265,190,,,0,70,,7252,190,,,0,30,,7258,190,,,0,70,,7257,190,,,0,30,,7267,190,,,0,70,,7248,190,,,0,30,,7235,190,,,0,70,,7266,190,,,0,30,,7242,190,,,0,71,,7261,190,,,0,30,,7247,190,,,0,70,,7255,190,,,0,30,,7260,190,,,0,71,,7236,190,,,0,31,,7272,190,,,0,68,,7270,190,,,0,30,,7244,190,,,0,70,,7269,190,,,0,30,,7254,190,,,0,101,,7239,190,,,0,98,,7263,125,,,0,100,,7253,125,,,0,100,,7268,125,,,0,100,,7234,125,,,0
2000800,'a06a7e47-f820-49a2-88af-ccffc941c6bc',710,,7305,125,,,0,30,,7302,125,,,0,70,,7274,125,,,0,30,,7295,190,,,0,70,,7307,190,,,0,30,,7304,190,,,0,70,,7282,190,,,0,30,,7280,190,,,0,70,,7299,190,,,0,30,,7293,190,,,0,70,,7277,190,,,0,30,,7273,190,,,0,70,,7292,190,,,0,30,,7297,190,,,0,70,,7296,190,,,0,30,,7298,190,,,0,70,,7281,190,,,0,30,,7279,190,,,0,71,,7275,190,,,0,30,,7285,190,,,0,70,,7286,190,,,0,30,,7289,190,,,0,70,,7301,190,,,0,30,,7306,190,,,0,99,,7300,190,,,0,100,,7276,125,,,0,100,,7287,125,,,0,100,,7308,125,,,0,100,,7283,125,,,0
2000800,'af2e8e03-0a42-4469-a2b8-e03c803b7d24',940,,7310,129,,,0,100,,7324,125,,,0,100,,7325,125,,,0,100,,7330,125,,,0,100,,7316,125,,,0,100,,7312,125,,,0,100,,7315,125,,,0,100,,7322,125,,,0,100,,7328,125,,,0,100,,7333,125,,,0,99,,7319,125,,,0,100,,7320,125,,,0,100,,7313,125,,,0
2000800,'f29e6a89-2c24-4546-a5bf-65191f526c55',940,,7347,129,,,0,100,,7353,125,,,0,100,,7356,125,,,0,100,,7359,125,,,0,100,,7354,125,,,0,100,,7352,125,,,0,100,,7341,125,,,0,100,,7357,125,,,0,100,,7343,125,,,0,100,,7349,125,,,0,99,,7358,125,,,0,100,,7345,125,,,0,100,,7344,125,,,0
