10100,'4bf8087f-7a14-48a7-b190-74a0cc4c73da',755,,5896,144,,,0,85,,5890,144,,,0,85,,5884,144,,,0,85,,5892,144,,,0,45,,5888,144,,,0,85,,5899,144,,,0,62,,5900,144,,,0,23,,5898,144,,,0,28,,5909,144,,,0,63,,5901,144,,,0,28,,5891,144,,,0,65,,5886,144,,,0,26,,5904,144,,,0,65,,5906,144,,,0,26,,5907,144,,,0,25,,5902,144,,,0,66,,5887,144,,,0,24,,5885,144,,,0,64,,5908,144,,,0,24,,5910,144,,,0,24,,5903,144,,,0,64,,5894,144,,,0,90,,5883,144,,,0,48,,5895,144,,,0,86,,5893,144,,,0,86,,5897,144,,,0,86,,5889,144,,,0,93,,5905,144,,,0
10100,'8d01581c-cf93-4a74-9f42-0fb702955d15',755,,5911,144,,,0,85,,5915,144,,,0,85,,5929,144,,,0,85,,5927,144,,,0,45,,5917,144,,,0,85,,5931,144,,,0,62,,5913,144,,,0,23,,5923,144,,,0,28,,5924,144,,,0,63,,5936,144,,,0,28,,5919,144,,,0,65,,5932,144,,,0,26,,5918,144,,,0,65,,5912,144,,,0,26,,5937,144,,,0,25,,5934,144,,,0,66,,5920,144,,,0,24,,5938,144,,,0,64,,5933,144,,,0,24,,5914,144,,,0,24,,5922,144,,,0,64,,5926,144,,,0,90,,5916,144,,,0,48,,5928,144,,,0,86,,5921,144,,,0,86,,5930,144,,,0,86,,5925,144,,,0,46,,5935,144,,,0
10100,'9881fb63-ca97-484f-b0ca-1bb7e4ca8571',740,,5949,144,,,0,62,,5952,144,,,0,23,,5945,144,,,0,22,,5960,144,,,0,63,,5958,144,,,0,22,,5940,144,,,0,23,,5950,144,,,0,62,,5966,144,,,0,23,,5947,144,,,0,62,,5954,144,,,0,29,,5959,144,,,0,24,,5963,144,,,0,66,,5975,144,,,0,25,,5972,144,,,0,66,,5968,144,,,0,25,,5967,144,,,0,66,,5943,144,,,0,27,,5969,144,,,0,27,,5962,144,,,0,66,,5942,144,,,0,26,,5964,144,,,0,66,,5971,144,,,0,26,,5956,144,,,0,62,,5941,144,,,0,26,,5944,144,,,0,24,,5974,144,,,0,64,,5951,144,,,0,24,,5957,144,,,0,64,,5970,144,,,0,24,,5953,144,,,0,24,,5961,144,,,0,64,,5939,144,,,0,24,,5973,144,,,0,62,,5948,144,,,0,24,,5965,144,,,0,24,,5946,144,,,0,85,,5955,144,,,0
10100,'a06a7e47-f820-49a2-88af-ccffc941c6bc',750,,5981,144,,,0,85,,5982,144,,,0,22,,5993,144,,,0,63,,5998,144,,,0,22,,6010,144,,,0,63,,6003,144,,,0,22,,5992,144,,,0,23,,6004,144,,,0,62,,5995,144,,,0,23,,5984,144,,,0,22,,5989,144,,,0,63,,6011,144,,,0,22,,5994,144,,,0,63,,6008,144,,,0,28,,6005,144,,,0,25,,5985,144,,,0,65,,5978,144,,,0,26,,5983,144,,,0,67,,5977,144,,,0,26,,5987,144,,,0,65,,5986,144,,,0,26,,5997,144,,,0,25,,6002,144,,,0,66,,5999,144,,,0,25,,5996,144,,,0,66,,5991,144,,,0,25,,5979,144,,,0,66,,6007,144,,,0,22,,5988,144,,,0,26,,6000,144,,,0,64,,6006,144,,,0,24,,5990,144,,,0,62,,5980,144,,,0,24,,6009,144,,,0,23,,6001,144,,,0,90,,5976,144,,,0
10100,'af2e8e03-0a42-4469-a2b8-e03c803b7d24',755,,6039,144,,,0,85,,6033,144,,,0,85,,6034,144,,,0,85,,6035,144,,,0,45,,6028,144,,,0,85,,6019,144,,,0,62,,6030,144,,,0,23,,6024,144,,,0,28,,6025,144,,,0,63,,6026,144,,,0,28,,6020,144,,,0,65,,6031,144,,,0,26,,6014,144,,,0,65,,6023,144,,,0,26,,6015,144,,,0,25,,6021,144,,,0,66,,6022,144,,,0,24,,6017,144,,,0,64,,6027,144,,,0,24,,6018,144,,,0,24,,6032,144,,,0,64,,6037,144,,,0,90,,6038,144,,,0,48,,6029,144,,,0,86,,6016,144,,,0,86,,6013,144,,,0,86,,6012,144,,,0,46,,6036,144,,,0
10100,'f29e6a89-2c24-4546-a5bf-65191f526c55',755,,6042,144,,,0,85,,6058,144,,,0,85,,6041,144,,,0,85,,6045,144,,,0,45,,6046,144,,,0,85,,6053,144,,,0,62,,6060,144,,,0,23,,6063,144,,,0,28,,6066,144,,,0,63,,6064,144,,,0,28,,6048,144,,,0,65,,6047,144,,,0,26,,6057,144,,,0,65,,6056,144,,,0,26,,6059,144,,,0,25,,6044,144,,,0,66,,6054,144,,,0,24,,6055,144,,,0,64,,6040,144,,,0,24,,6050,144,,,0,24,,6049,144,,,0,64,,6052,144,,,0,90,,6065,144,,,0,48,,6061,144,,,0,86,,6051,144,,,0,86,,6043,144,,,0,86,,6067,144,,,0,46,,6062,144,,,0
2001200,'4bf8087f-7a14-48a7-b190-74a0cc4c73da',811,,7495,15,,,0,100,,7492,15,,,0,100,,7483,15,,,0,100,,7485,15,,,0,103,,7482,15,,,0,107,,7484,15,,,0,100,,7486,15,,,0,110,,7491,15,,,0,100,,7490,15,,,0,110,,7487,15,,,0,100,,7488,15,,,0,101,,7493,15,,,0,100,,7494,15,,,0,102,,7489,15,,,0
2001200,'8d01581c-cf93-4a74-9f42-0fb702955d15',811,,7497,15,,,0,100,,7503,15,,,0,100,,7502,15,,,0,100,,7498,15,,,0,103,,7506,15,,,0,107,,7509,15,,,0,100,,7501,15,,,0,110,,7504,15,,,0,100,,7500,15,,,0,110,,7508,15,,,0,100,,7505,15,,,0,101,,7496,15,,,0,100,,7507,15,,,0,102,,7499,15,,,0
2001200,'9881fb63-ca97-484f-b0ca-1bb7e4ca8571',517,,7530,15,,,0,35,,7528,15,,,0,60,,7527,15,,,0,29,,7538,15,,,0,72,,7517,15,,,0,34,,7518,15,,,0,73,,7534,15,,,0,30,,7521,15,,,0,75,,7512,15,,,0,75,,7525,15,,,0,30,,7520,15,,,0,70,,7511,15,,,0,35,,7523,15,,,0,76,,7513,15,,,0,30,,7524,15,,,0,70,,7529,15,,,0,35,,7540,15,,,0,75,,7522,15,,,0,36,,7514,15,,,0,75,,7536,15,,,0,75,,7537,15,,,0,35,,7510,15,,,0,75,,7535,15,,,0,35,,7531,15,,,0,75,,7542,15,,,0,25,,7532,15,,,0,75,,7516,15,,,0,75,,7519,15,,,0,35,,7526,15,,,0,70,,7539,15,,,0,30,,7515,15,,,0,100,,7533,15,,,0,100,,7541,15,,,0
2001200,'a06a7e47-f820-49a2-88af-ccffc941c6bc',624,,7548,15,,,0,30,,7565,15,,,0,70,,7552,15,,,0,31,,7559,15,,,0,70,,7561,15,,,0,30,,7554,15,,,0,70,,7553,15,,,0,30,,7545,15,,,0,73,,7574,15,,,0,30,,7571,15,,,0,70,,7564,15,,,0,82,,7543,15,,,0,30,,7557,15,,,0,70,,7544,15,,,0,30,,7566,15,,,0,79,,7550,15,,,0,30,,7569,15,,,0,70,,7546,15,,,0,30,,7570,15,,,0,80,,7567,15,,,0,30,,7558,15,,,0,70,,7573,15,,,0,30,,7555,15,,,0,81,,7547,15,,,0,70,,7562,15,,,0,30,,7560,15,,,0,70,,7568,15,,,0,30,,7556,15,,,0,70,,7563,15,,,0,30,,7572,15,,,0,100,,7549,15,,,0,100,,7551,15,,,0
2001200,'af2e8e03-0a42-4469-a2b8-e03c803b7d24',811,,7576,15,,,0,100,,7586,15,,,0,100,,7588,15,,,0,100,,7575,15,,,0,103,,7584,15,,,0,107,,7578,15,,,0,100,,7587,15,,,0,110,,7582,15,,,0,100,,7579,15,,,0,110,,7581,15,,,0,100,,7583,15,,,0,101,,7577,15,,,0,100,,7585,15,,,0,102,,7580,15,,,0
2001200,'f29e6a89-2c24-4546-a5bf-65191f526c55',811,,7592,15,,,0,100,,7598,15,,,0,100,,7602,15,,,0,100,,7601,15,,,0,103,,7593,15,,,0,107,,7596,15,,,0,100,,7597,15,,,0,110,,7600,15,,,0,100,,7591,15,,,0,110,,7595,15,,,0,100,,7594,15,,,0,101,,7599,15,,,0,100,,7590,15,,,0,102,,7589,15,,,0
