1000,'21fd7152-237f-4c82-ac94-48ab8ff70d56',710,,4161,2,,,0,30,,4165,2,,,0,70,,4164,2,,,0,30,,4153,2,,,0,70,,4167,2,,,0,30,,4175,2,,,0,70,,4162,2,,,0,30,,4171,2,,,0,70,,4152,2,,,0,30,,4149,2,,,0,70,,4176,2,,,0,30,,4154,2,,,0,70,,4157,2,,,0,30,,4148,2,,,0,70,,4177,2,,,0,30,,4160,2,,,0,70,,4172,2,,,0,30,,4174,2,,,0,70,,4179,2,,,0,31,,4173,2,,,0,70,,4159,2,,,0,30,,4151,2,,,0,70,,4158,2,,,0,30,,4166,2,,,0,70,,4150,2,,,0,30,,4168,2,,,0,70,,4156,2,,,0,30,,4170,2,,,0,70,,4163,2,,,0,30,,4155,2,,,0,100,,4169,2,,,0,100,,4178,2,,,0
1000,'89bb06cf-a1e3-4817-b811-5b8607ecf74f',810,,4188,2,,,0,100,,4187,2,,,0,100,,4182,2,,,0,100,,4190,2,,,0,100,,4193,2,,,0,100,,4191,2,,,0,100,,4185,2,,,0,100,,4181,2,,,0,100,,4186,2,,,0,101,,4184,2,,,0,100,,4180,2,,,0,100,,4192,2,,,0,100,,4194,2,,,0,100,,4189,2,,,0,100,,4183,2,,,0
1000,'f17b9d92-b14a-4270-bef0-e90dd8948bf3',540,,4221,2,,,0,70,,4204,2,,,0,30,,4214,2,,,0,70,,4210,2,,,0,30,,4200,2,,,0,70,,4227,2,,,0,30,,4198,2,,,0,70,,4202,2,,,0,30,,4206,2,,,0,70,,4203,2,,,0,30,,4197,2,,,0,70,,4226,2,,,0,30,,4208,2,,,0,70,,4205,2,,,0,30,,4220,2,,,0,70,,4212,2,,,0,30,,4218,2,,,0,70,,4228,2,,,0,30,,4213,2,,,0,70,,4196,2,,,0,30,,4215,2,,,0,70,,4219,2,,,0,31,,4225,2,,,0,70,,4201,2,,,0,30,,4207,2,,,0,70,,4195,2,,,0,30,,4229,2,,,0,70,,4199,2,,,0,30,,4222,2,,,0,70,,4209,2,,,0,30,,4224,2,,,0,70,,4216,2,,,0,30,,4223,2,,,0,100,,4217,2,,,0,100,,4211,2,,,0
10000,'21fd7152-237f-4c82-ac94-48ab8ff70d56',741,,4342,1,,,0,64,,4338,1,,,0,25,,4311,1,,,0,24,,4334,1,,,0,65,,4326,1,,,0,24,,4344,1,,,0,65,,4343,1,,,0,24,,4324,1,,,0,25,,4345,1,,,0,64,,4336,1,,,0,25,,4335,1,,,0,64,,4316,1,,,0,25,,4333,1,,,0,24,,4328,1,,,0,65,,4315,1,,,0,24,,4317,1,,,0,65,,4330,1,,,0,24,,4331,1,,,0,65,,4329,1,,,0,25,,4313,1,,,0,26,,4321,1,,,0,65,,4332,1,,,0,26,,4320,1,,,0,65,,4346,1,,,0,26,,4323,1,,,0,65,,4341,1,,,0,22,,4327,1,,,0,25,,4325,1,,,0,62,,4337,1,,,0,25,,4322,1,,,0,22,,4314,1,,,0,65,,4340,1,,,0,21,,4339,1,,,0,65,,4318,1,,,0,22,,4319,1,,,0,86,,4312,1,,,0
10000,'89bb06cf-a1e3-4817-b811-5b8607ecf74f',743,,4370,1,,,0,89,,4364,1,,,0,89,,4348,1,,,0,89,,4372,1,,,0,49,,4352,1,,,0,64,,4363,1,,,0,25,,4360,1,,,0,64,,4350,1,,,0,25,,4353,1,,,0,64,,4366,1,,,0,25,,4374,1,,,0,24,,4357,1,,,0,65,,4349,1,,,0,24,,4354,1,,,0,65,,4367,1,,,0,24,,4359,1,,,0,25,,4369,1,,,0,65,,4365,1,,,0,26,,4351,1,,,0,65,,4347,1,,,0,26,,4355,1,,,0,65,,4371,1,,,0,47,,4373,1,,,0,87,,4362,1,,,0,87,,4361,1,,,0,87,,4368,1,,,0,46,,4356,1,,,0,86,,4358,1,,,0
10000,'f17b9d92-b14a-4270-bef0-e90dd8948bf3',707,,4402,1,,,0,19,,4394,1,,,0,29,,4382,1,,,0,62,,4398,1,,,0,27,,4403,1,,,0,64,,4386,1,,,0,25,,4397,1,,,0,24,,4389,1,,,0,65,,4400,1,,,0,24,,4410,1,,,0,65,,4401,1,,,0,24,,4390,1,,,0,65,,4376,1,,,0,24,,4383,1,,,0,25,,4406,1,,,0,65,,4375,1,,,0,26,,4381,1,,,0,65,,4399,1,,,0,26,,4388,1,,,0,25,,4409,1,,,0,66,,4405,1,,,0,24,,4408,1,,,0,65,,4404,1,,,0,24,,4411,1,,,0,65,,4407,1,,,0,24,,4395,1,,,0,23,,4396,1,,,0,64,,4393,1,,,0,23,,4384,1,,,0,24,,4378,1,,,0,63,,4385,1,,,0,24,,4379,1,,,0,63,,4377,1,,,0,23,,4412,1,,,0,23,,4380,1,,,0,63,,4391,1,,,0,23,,4392,1,,,0,86,,4387,1,,,0
1000700,'21fd7152-237f-4c82-ac94-48ab8ff70d56',717,,4688,170,,,0,30,,4698,170,,,0,70,,4714,170,,,0,30,,4685,170,,,0,70,,4708,170,,,0,30,,4703,170,,,0,70,,4706,170,,,0,30,,4693,170,,,0,70,,4686,170,,,0,30,,4695,170,,,0,70,,4687,170,,,0,30,,4696,170,,,0,70,,4699,170,,,0,30,,4713,170,,,0,70,,4716,170,,,0,30,,4694,170,,,0,70,,4701,170,,,0,30,,4712,170,,,0,70,,4707,170,,,0,30,,4692,170,,,0,70,,4709,170,,,0,30,,4702,170,,,0,70,,4689,170,,,0,30,,4715,170,,,0,70,,4690,170,,,0,100,,4697,170,,,0,98,,4711,170,,,0,100,,4700,170,,,0,100,,4705,170,,,0
1000700,'89bb06cf-a1e3-4817-b811-5b8607ecf74f',1017,,4724,170,,,0,100,,4719,170,,,0,100,,4726,170,,,0,100,,4717,170,,,0,100,,4729,170,,,0,100,,4730,170,,,0,100,,4721,170,,,0,100,,4723,170,,,0,100,,4725,170,,,0,100,,4728,170,,,0,100,,4720,170,,,0,98,,4727,170,,,0
1000700,'f17b9d92-b14a-4270-bef0-e90dd8948bf3',618,,4744,170,,,0,30,,4743,170,,,0,69,,4742,170,,,0,23,,4755,170,,,0,77,,4753,170,,,0,23,,4761,170,,,0,77,,4739,170,,,0,30,,4751,170,,,0,70,,4762,170,,,0,30,,4745,170,,,0,70,,4735,170,,,0,30,,4746,170,,,0,70,,4754,170,,,0,30,,4732,170,,,0,70,,4737,170,,,0,30,,4731,170,,,0,68,,4736,170,,,0,30,,4750,170,,,0,70,,4747,170,,,0,30,,4759,170,,,0,70,,4752,170,,,0,30,,4763,170,,,0,69,,4748,170,,,0,30,,4758,170,,,0,72,,4741,170,,,0,30,,4734,170,,,0,72,,4756,170,,,0,98,,4749,170,,,0,100,,4757,170,,,0,98,,4738,170,,,0,102,,4760,170,,,0,96,,4764,125,,,0
1000800,'21fd7152-237f-4c82-ac94-48ab8ff70d56',650,,4792,4,,,0,70,,4801,4,,,0,30,,4773,122,,,0,71,,4766,272,,,0,30,,4798,272,,,0,70,,4783,272,,,0,30,,4793,272,,,0,70,,4797,272,,,0,30,,4776,272,,,0,70,,4786,272,,,0,30,,4799,272,,,0,70,,4779,272,,,0,30,,4795,272,,,0,70,,4788,272,,,0,30,,4800,272,,,0,70,,4774,272,,,0,30,,4778,272,,,0,70,,4781,272,,,0,30,,4785,272,,,0,70,,4775,272,,,0,30,,4787,272,,,0,72,,4765,272,,,0,30,,4772,272,,,0,70,,4796,272,,,0,30,,4780,272,,,0,98,,4777,272,,,0,101,,4768,27,,,0,99,,4769,27,,,0,100,,4782,27,,,0,100,,4791,27,,,0
1000800,'89bb06cf-a1e3-4817-b811-5b8607ecf74f',850,,4812,27,,,0,101,,4816,27,,,0,100,,4813,27,,,0,100,,4824,27,,,0,100,,4826,27,,,0,100,,4814,27,,,0,100,,4818,27,,,0,100,,4823,27,,,0,100,,4827,27,,,0,100,,4819,27,,,0,100,,4804,27,,,0,100,,4825,27,,,0,100,,4815,27,,,0
1000800,'f17b9d92-b14a-4270-bef0-e90dd8948bf3',520,,4833,122,,,0,30,,4843,122,,,0,70,,4849,272,,,0,30,,4840,272,,,0,70,,4846,272,,,0,30,,4842,272,,,0,71,,4852,231,,,0,30,,4832,272,,,0,70,,4866,272,,,0,30,,4861,272,,,0,70,,4851,272,,,0,30,,4857,272,,,0,70,,4838,272,,,0,30,,4831,272,,,0,70,,4864,272,,,0,30,,4837,272,,,0,70,,4836,272,,,0,30,,4865,272,,,0,70,,4868,272,,,0,30,,4839,272,,,0,70,,4830,231,,,0,30,,4859,272,,,0,70,,4863,272,,,0,30,,4858,272,,,0,72,,4835,272,,,0,30,,4845,272,,,0,70,,4841,272,,,0,30,,4867,272,,,0,99,,4829,272,,,0,99,,4860,27,,,0,99,,4847,27,,,0,100,,4862,27,,,0,104,,4853,27,,,0
1001200,'21fd7152-237f-4c82-ac94-48ab8ff70d56',705,,4981,118,,,0,31,,4973,118,,,0,70,,4952,118,,,0,30,,4975,118,,,0,70,,4974,118,,,0,30,,4958,118,,,0,73,,4955,118,,,0,30,,4967,118,,,0,70,,4951,118,,,0,38,,4971,118,,,0,70,,4953,118,,,0,30,,4978,118,,,0,70,,4980,118,,,0,40,,4972,118,,,0,70,,4969,118,,,0,30,,4965,118,,,0,70,,4966,118,,,0,80,,4959,118,,,0,30,,4970,118,,,0,70,,4954,118,,,0,30,,4977,118,,,0,80,,4960,118,,,0,30,,4976,118,,,0,70,,4968,118,,,0,30,,4957,118,,,0,73,,4964,118,,,0,30,,4962,118,,,0,70,,4961,118,,,0,100,,4979,118,,,0,100,,4956,118,,,0,100,,4963,118,,,0
1001200,'89bb06cf-a1e3-4817-b811-5b8607ecf74f',852,,4990,118,,,0,100,,4988,118,,,0,100,,4993,118,,,0,103,,4987,118,,,0,104,,4994,118,,,0,100,,4991,118,,,0,150,,4986,118,,,0,100,,4992,118,,,0,110,,4984,118,,,0,100,,4985,118,,,0,103,,4982,118,,,0,100,,4989,118,,,0,102,,4995,118,,,0,100,,4983,118,,,0
1001200,'f17b9d92-b14a-4270-bef0-e90dd8948bf3',554,,5010,2,,,0,68,,5003,118,,,0,32,,5016,118,,,0,74,,5006,118,,,0,72,,5002,118,,,0,30,,5011,118,,,0,75,,5013,118,,,0,35,,5023,118,,,0,70,,5000,118,,,0,30,,4998,118,,,0,75,,5021,118,,,0,35,,5005,118,,,0,70,,5020,118,,,0,30,,5022,118,,,0,75,,4997,118,,,0,75,,4999,118,,,0,34,,5017,118,,,0,75,,5012,118,,,0,35,,5009,118,,,0,75,,5008,118,,,0,35,,5014,118,,,0,75,,5001,118,,,0,75,,5007,118,,,0,29,,5019,118,,,0,75,,5024,118,,,0,35,,5027,118,,,0,75,,5025,118,,,0,30,,5018,118,,,0,70,,5026,118,,,0,100,,5015,118,,,0,100,,4996,118,,,0,105,,5004,118,,,0
