1100,'4bf8087f-7a14-48a7-b190-74a0cc4c73da',845,,5575,51,,,0,100,,5584,51,,,0,100,,5578,51,,,0,100,,5574,51,,,0,100,,5580,51,,,0,100,,5576,51,,,0,100,,5581,51,,,0,100,,5585,51,,,0,100,,5577,51,,,0,100,,5573,51,,,0,100,,5571,51,,,0,100,,5579,51,,,0,100,,5582,51,,,0,99,,5572,51,,,0,100,,5583,51,,,0
1100,'8d01581c-cf93-4a74-9f42-0fb702955d15',845,,5594,51,,,0,100,,5600,51,,,0,100,,5598,51,,,0,100,,5586,51,,,0,100,,5587,51,,,0,100,,5590,51,,,0,100,,5596,51,,,0,100,,5592,51,,,0,100,,5597,51,,,0,100,,5599,51,,,0,100,,5588,51,,,0,100,,5591,51,,,0,100,,5595,51,,,0,99,,5593,51,,,0,100,,5589,51,,,0
1100,'9881fb63-ca97-484f-b0ca-1bb7e4ca8571',515,,5622,51,,,0,100,,5630,51,,,0,30,,5626,51,,,0,70,,5615,51,,,0,30,,5602,51,,,0,70,,5632,51,,,0,30,,5635,51,,,0,70,,5634,51,,,0,30,,5629,51,,,0,70,,5625,51,,,0,30,,5616,51,,,0,70,,5606,51,,,0,30,,5614,51,,,0,70,,5621,51,,,0,30,,5605,51,,,0,70,,5620,51,,,0,30,,5623,51,,,0,71,,5618,51,,,0,30,,5611,51,,,0,70,,5628,51,,,0,30,,5613,51,,,0,69,,5631,51,,,0,30,,5612,51,,,0,70,,5603,51,,,0,31,,5619,51,,,0,70,,5617,51,,,0,29,,5633,51,,,0,70,,5610,51,,,0,30,,5604,51,,,0,69,,5627,51,,,0,30,,5601,51,,,0,70,,5607,51,,,0,30,,5624,51,,,0,70,,5609,51,,,0,100,,5608,51,,,0
1100,'a06a7e47-f820-49a2-88af-ccffc941c6bc',745,,5654,51,,,0,70,,5653,51,,,0,30,,5658,51,,,0,70,,5665,51,,,0,30,,5637,51,,,0,70,,5639,51,,,0,30,,5652,51,,,0,70,,5642,51,,,0,30,,5650,51,,,0,70,,5661,51,,,0,30,,5656,51,,,0,70,,5666,51,,,0,30,,5649,51,,,0,70,,5648,51,,,0,30,,5655,51,,,0,70,,5638,51,,,0,30,,5647,51,,,0,70,,5636,51,,,0,30,,5644,51,,,0,70,,5640,51,,,0,30,,5659,51,,,0,70,,5646,51,,,0,30,,5662,51,,,0,70,,5660,51,,,0,30,,5651,51,,,0,69,,5643,51,,,0,30,,5641,51,,,0,70,,5657,51,,,0,30,,5663,51,,,0,70,,5645,51,,,0,100,,5664,51,,,0
1100,'af2e8e03-0a42-4469-a2b8-e03c803b7d24',845,,5671,51,,,0,100,,5670,51,,,0,100,,5680,51,,,0,100,,5667,51,,,0,100,,5676,51,,,0,100,,5677,51,,,0,100,,5681,51,,,0,100,,5675,51,,,0,100,,5674,51,,,0,100,,5679,51,,,0,100,,5673,51,,,0,100,,5669,51,,,0,100,,5668,51,,,0,99,,5672,51,,,0,100,,5678,51,,,0
1100,'f29e6a89-2c24-4546-a5bf-65191f526c55',845,,5693,51,,,0,100,,5683,51,,,0,100,,5687,51,,,0,100,,5682,51,,,0,100,,5684,51,,,0,100,,5692,51,,,0,100,,5695,51,,,0,100,,5694,51,,,0,100,,5688,51,,,0,100,,5685,51,,,0,100,,5691,51,,,0,100,,5690,51,,,0,100,,5686,51,,,0,99,,5689,51,,,0,100,,5696,51,,,0
1000700,'4bf8087f-7a14-48a7-b190-74a0cc4c73da',929,,6308,0,,,0,100,,6309,205,,,0,100,,6306,205,,,0,100,,6300,205,,,0,100,,6298,205,,,0,100,,6305,205,,,0,100,,6307,205,,,0,100,,6299,205,,,0,100,,6302,205,,,0,100,,6297,205,,,0,100,,6303,205,,,0,100,,6301,205,,,0,98,,6304,205,,,0,122,,6296,205,,,0
1000700,'8d01581c-cf93-4a74-9f42-0fb702955d15',929,,6317,0,,,0,100,,6323,205,,,0,100,,6320,205,,,0,100,,6312,205,,,0,100,,6315,205,,,0,100,,6313,205,,,0,100,,6318,205,,,0,100,,6311,205,,,0,100,,6316,205,,,0,100,,6319,205,,,0,100,,6321,205,,,0,100,,6314,205,,,0,98,,6310,205,,,0
1000700,'9881fb63-ca97-484f-b0ca-1bb7e4ca8571',529,,6342,0,,,0,30,,6327,0,,,0,70,,6324,205,,,0,30,,6335,205,,,0,71,,6339,205,,,0,23,,6353,205,,,0,77,,6328,205,,,0,23,,6346,205,,,0,76,,6347,205,,,0,30,,6344,205,,,0,70,,6336,205,,,0,30,,6352,205,,,0,70,,6349,205,,,0,30,,6354,205,,,0,70,,6356,205,,,0,30,,6357,205,,,0,70,,6340,205,,,0,30,,6331,205,,,0,69,,6338,205,,,0,30,,6329,205,,,0,70,,6333,205,,,0,30,,6343,205,,,0,70,,6337,205,,,0,30,,6341,205,,,0,68,,6345,205,,,0,30,,6326,205,,,0,72,,6350,205,,,0,30,,6330,205,,,0,72,,6351,205,,,0,98,,6348,205,,,0,100,,6325,205,,,0,98,,6332,205,,,0,102,,6355,205,,,0,96,,6334,150,4,,0
1000700,'a06a7e47-f820-49a2-88af-ccffc941c6bc',629,,6375,0,,,0,30,,6369,0,,,0,71,,6366,205,,,0,70,,6385,205,,,0,30,,6383,205,,,0,70,,6361,205,,,0,29,,6358,205,,,0,30,,6386,205,,,0,70,,6378,205,,,0,30,,6359,205,,,0,70,,6364,205,,,0,30,,6360,205,,,0,70,,6370,205,,,0,30,,6382,205,,,0,70,,6389,205,,,0,30,,6368,205,,,0,70,,6380,205,,,0,30,,6384,205,,,0,70,,6381,205,,,0,30,,6377,205,,,0,70,,6374,205,,,0,30,,6367,205,,,0,70,,6363,205,,,0,30,,6387,205,,,0,70,,6379,205,,,0,30,,6372,205,,,0,70,,6362,205,,,0,100,,6388,205,,,0,98,,6365,205,,,0,100,,6371,205,,,0,100,,6376,205,,,0
1000700,'af2e8e03-0a42-4469-a2b8-e03c803b7d24',929,,6402,0,,,0,100,,6392,205,,,0,100,,6390,205,,,0,100,,6396,205,,,0,100,,6399,205,,,0,100,,6391,205,,,0,100,,6401,205,,,0,100,,6395,205,,,0,100,,6400,205,,,0,100,,6397,205,,,0,100,,6394,205,,,0,100,,6403,205,,,0,98,,6393,205,,,0
1000700,'f29e6a89-2c24-4546-a5bf-65191f526c55',929,,6417,0,,,0,100,,6409,205,,,0,100,,6411,205,,,0,100,,6413,205,,,0,100,,6406,205,,,0,100,,6407,205,,,0,100,,6415,205,,,0,100,,6414,205,,,0,100,,6410,205,,,0,100,,6416,205,,,0,100,,6408,205,,,0,100,,6404,205,,,0,98,,6412,205,,,0
