10100,'4bf8087f-7a14-48a7-b190-74a0cc4c73da',751,,5896,139,,,0,85,,5890,139,,,0,85,,5884,139,,,0,85,,5892,139,,,0,45,,5888,139,,,0,85,,5899,139,,,0,22,,5900,139,,,0,63,,5898,139,,,0,26,,5909,139,,,0,63,,5901,139,,,0,28,,5891,139,,,0,65,,5886,139,,,0,26,,5904,139,,,0,25,,5906,139,,,0,66,,5907,139,,,0,25,,5902,139,,,0,66,,5887,139,,,0,26,,5885,139,,,0,64,,5908,139,,,0,24,,5910,139,,,0,24,,5903,139,,,0,64,,5894,139,,,0,90,,5883,139,,,0,48,,5895,139,,,0,86,,5893,139,,,0,86,,5897,139,,,0,86,,5889,139,,,0,93,,5905,139,,,0
10100,'8d01581c-cf93-4a74-9f42-0fb702955d15',751,,5911,139,,,0,85,,5915,139,,,0,85,,5929,139,,,0,85,,5927,139,,,0,45,,5917,139,,,0,85,,5931,139,,,0,22,,5913,139,,,0,63,,5923,139,,,0,26,,5924,139,,,0,63,,5936,139,,,0,28,,5919,139,,,0,65,,5932,139,,,0,26,,5918,139,,,0,25,,5912,139,,,0,66,,5937,139,,,0,25,,5934,139,,,0,66,,5920,139,,,0,26,,5938,139,,,0,64,,5933,139,,,0,24,,5914,139,,,0,24,,5922,139,,,0,64,,5926,139,,,0,90,,5916,139,,,0,48,,5928,139,,,0,86,,5921,139,,,0,86,,5930,139,,,0,86,,5925,139,,,0,46,,5935,139,,,0
10100,'9881fb63-ca97-484f-b0ca-1bb7e4ca8571',736,,5949,139,,,0,22,,5952,139,,,0,63,,5945,139,,,0,22,,5960,139,,,0,63,,5958,139,,,0,22,,5940,139,,,0,23,,5950,139,,,0,62,,5966,139,,,0,23,,5947,139,,,0,22,,5954,139,,,0,67,,5959,139,,,0,24,,5963,139,,,0,66,,5975,139,,,0,25,,5972,139,,,0,66,,5968,139,,,0,25,,5967,139,,,0,26,,5943,139,,,0,67,,5969,139,,,0,27,,5962,139,,,0,66,,5942,139,,,0,26,,5964,139,,,0,66,,5971,139,,,0,26,,5956,139,,,0,24,,5941,139,,,0,66,,5944,139,,,0,24,,5974,139,,,0,64,,5951,139,,,0,24,,5957,139,,,0,64,,5970,139,,,0,24,,5953,139,,,0,24,,5961,139,,,0,64,,5939,139,,,0,24,,5973,139,,,0,22,,5948,139,,,0,64,,5965,139,,,0,24,,5946,139,,,0,85,,5955,139,,,0
10100,'a06a7e47-f820-49a2-88af-ccffc941c6bc',746,,5981,139,,,0,85,,5982,139,,,0,22,,5993,139,,,0,63,,5998,139,,,0,22,,6010,139,,,0,63,,6003,139,,,0,22,,5992,139,,,0,23,,6004,139,,,0,62,,5995,139,,,0,23,,5984,139,,,0,22,,5989,139,,,0,63,,6011,139,,,0,22,,5994,139,,,0,63,,6008,139,,,0,26,,6005,139,,,0,25,,5985,139,,,0,65,,5978,139,,,0,26,,5983,139,,,0,67,,5977,139,,,0,26,,5987,139,,,0,65,,5986,139,,,0,26,,5997,139,,,0,25,,6002,139,,,0,66,,5999,139,,,0,25,,5996,139,,,0,66,,5991,139,,,0,25,,5979,139,,,0,66,,6007,139,,,0,24,,5988,139,,,0,26,,6000,139,,,0,64,,6006,139,,,0,24,,5990,139,,,0,62,,5980,139,,,0,24,,6009,139,,,0,23,,6001,139,,,0,90,,5976,139,,,0
10100,'af2e8e03-0a42-4469-a2b8-e03c803b7d24',751,,6039,139,,,0,85,,6033,139,,,0,85,,6034,139,,,0,85,,6035,139,,,0,45,,6028,139,,,0,85,,6019,139,,,0,22,,6030,139,,,0,63,,6024,139,,,0,26,,6025,139,,,0,63,,6026,139,,,0,28,,6020,139,,,0,65,,6031,139,,,0,26,,6014,139,,,0,25,,6023,139,,,0,66,,6015,139,,,0,25,,6021,139,,,0,66,,6022,139,,,0,26,,6017,139,,,0,64,,6027,139,,,0,24,,6018,139,,,0,24,,6032,139,,,0,64,,6037,139,,,0,90,,6038,139,,,0,48,,6029,139,,,0,86,,6016,139,,,0,86,,6013,139,,,0,86,,6012,139,,,0,46,,6036,139,,,0
10100,'f29e6a89-2c24-4546-a5bf-65191f526c55',751,,6042,139,,,0,85,,6058,139,,,0,85,,6041,139,,,0,85,,6045,139,,,0,45,,6046,139,,,0,85,,6053,139,,,0,22,,6060,139,,,0,63,,6063,139,,,0,26,,6066,139,,,0,63,,6064,139,,,0,28,,6048,139,,,0,65,,6047,139,,,0,26,,6057,139,,,0,25,,6056,139,,,0,66,,6059,139,,,0,25,,6044,139,,,0,66,,6054,139,,,0,26,,6055,139,,,0,64,,6040,139,,,0,24,,6050,139,,,0,24,,6049,139,,,0,64,,6052,139,,,0,90,,6065,139,,,0,48,,6061,139,,,0,86,,6051,139,,,0,86,,6043,139,,,0,86,,6067,139,,,0,46,,6062,139,,,0
2001200,'4bf8087f-7a14-48a7-b190-74a0cc4c73da',806,,7495,9,,,0,100,,7492,9,,,0,100,,7483,9,,,0,100,,7485,9,,,0,103,,7482,9,,,0,106,,7484,9,,,0,100,,7486,9,,,0,110,,7491,9,,,0,100,,7490,9,,,0,110,,7487,9,,,0,100,,7488,9,,,0,102,,7493,9,,,0,100,,7494,9,,,0,102,,7489,9,,,0
2001200,'8d01581c-cf93-4a74-9f42-0fb702955d15',806,,7497,9,,,0,100,,7503,9,,,0,100,,7502,9,,,0,100,,7498,9,,,0,103,,7506,9,,,0,106,,7509,9,,,0,100,,7501,9,,,0,110,,7504,9,,,0,100,,7500,9,,,0,110,,7508,9,,,0,100,,7505,9,,,0,102,,7496,9,,,0,100,,7507,9,,,0,102,,7499,9,,,0
2001200,'9881fb63-ca97-484f-b0ca-1bb7e4ca8571',512,,7530,9,,,0,35,,7528,9,,,0,60,,7527,9,,,0,29,,7538,9,,,0,72,,7517,9,,,0,34,,7518,9,,,0,73,,7534,9,,,0,30,,7521,9,,,0,75,,7512,9,,,0,35,,7525,9,,,0,70,,7520,9,,,0,30,,7511,9,,,0,75,,7523,9,,,0,75,,7513,9,,,0,30,,7524,9,,,0,70,,7529,9,,,0,35,,7540,9,,,0,75,,7522,9,,,0,36,,7514,9,,,0,75,,7536,9,,,0,75,,7537,9,,,0,35,,7510,9,,,0,75,,7535,9,,,0,35,,7531,9,,,0,75,,7542,9,,,0,26,,7532,9,,,0,75,,7516,9,,,0,35,,7519,9,,,0,75,,7526,9,,,0,70,,7539,9,,,0,30,,7515,9,,,0,100,,7533,9,,,0,100,,7541,9,,,0
2001200,'a06a7e47-f820-49a2-88af-ccffc941c6bc',619,,7548,9,,,0,30,,7565,9,,,0,70,,7552,9,,,0,31,,7559,9,,,0,70,,7561,9,,,0,30,,7554,9,,,0,70,,7553,9,,,0,30,,7545,9,,,0,73,,7574,9,,,0,30,,7571,9,,,0,70,,7564,9,,,0,81,,7543,9,,,0,30,,7557,9,,,0,70,,7544,9,,,0,30,,7566,9,,,0,79,,7550,9,,,0,30,,7569,9,,,0,70,,7546,9,,,0,30,,7570,9,,,0,80,,7567,9,,,0,30,,7558,9,,,0,70,,7573,9,,,0,30,,7555,9,,,0,82,,7547,9,,,0,70,,7562,9,,,0,30,,7560,9,,,0,70,,7568,9,,,0,30,,7556,9,,,0,70,,7563,9,,,0,30,,7572,9,,,0,100,,7549,9,,,0,100,,7551,9,,,0
2001200,'af2e8e03-0a42-4469-a2b8-e03c803b7d24',806,,7576,9,,,0,100,,7586,9,,,0,100,,7588,9,,,0,100,,7575,9,,,0,103,,7584,9,,,0,106,,7578,9,,,0,100,,7587,9,,,0,110,,7582,9,,,0,100,,7579,9,,,0,110,,7581,9,,,0,100,,7583,9,,,0,102,,7577,9,,,0,100,,7585,9,,,0,102,,7580,9,,,0
2001200,'f29e6a89-2c24-4546-a5bf-65191f526c55',806,,7592,9,,,0,100,,7598,9,,,0,100,,7602,9,,,0,100,,7601,9,,,0,103,,7593,9,,,0,106,,7596,9,,,0,100,,7597,9,,,0,110,,7600,9,,,0,100,,7591,9,,,0,110,,7595,9,,,0,100,,7594,9,,,0,102,,7599,9,,,0,100,,7590,9,,,0,102,,7589,9,,,0
