10100,'4bf8087f-7a14-48a7-b190-74a0cc4c73da',733,,5896,38,,,0,85,,5890,38,,,0,85,,5884,38,,,0,45,,5892,38,,,0,85,,5888,38,,,0,85,,5899,38,,,0,22,,5900,38,,,0,63,,5898,38,,,0,25,,5909,38,,,0,23,,5901,38,,,0,68,,5891,38,,,0,25,,5886,38,,,0,66,,5904,38,,,0,25,,5906,38,,,0,66,,5907,38,,,0,25,,5902,38,,,0,26,,5887,38,,,0,67,,5885,38,,,0,24,,5908,38,,,0,64,,5910,38,,,0,24,,5903,38,,,0,24,,5894,38,,,0,90,,5883,38,,,0,88,,5895,38,,,0,86,,5893,38,,,0,86,,5897,38,,,0,46,,5889,38,,,0,93,,5905,38,,,0
10100,'8d01581c-cf93-4a74-9f42-0fb702955d15',733,,5911,38,,,0,85,,5915,38,,,0,85,,5929,38,,,0,45,,5927,38,,,0,85,,5917,38,,,0,85,,5931,38,,,0,22,,5913,38,,,0,63,,5923,38,,,0,25,,5924,38,,,0,23,,5936,38,,,0,68,,5919,38,,,0,25,,5932,38,,,0,66,,5918,38,,,0,25,,5912,38,,,0,66,,5937,38,,,0,25,,5934,38,,,0,26,,5920,38,,,0,67,,5938,38,,,0,24,,5933,38,,,0,64,,5914,38,,,0,24,,5922,38,,,0,24,,5926,38,,,0,90,,5916,38,,,0,88,,5928,38,,,0,86,,5921,38,,,0,86,,5930,38,,,0,46,,5925,38,,,0,86,,5935,38,,,0
10100,'9881fb63-ca97-484f-b0ca-1bb7e4ca8571',718,,5949,38,,,0,22,,5952,38,,,0,63,,5945,38,,,0,22,,5960,38,,,0,23,,5958,38,,,0,62,,5940,38,,,0,23,,5950,38,,,0,22,,5966,38,,,0,63,,5947,38,,,0,22,,5954,38,,,0,66,,5959,38,,,0,24,,5963,38,,,0,26,,5975,38,,,0,65,,5972,38,,,0,26,,5968,38,,,0,65,,5967,38,,,0,26,,5943,38,,,0,67,,5969,38,,,0,26,,5962,38,,,0,26,,5942,38,,,0,66,,5964,38,,,0,26,,5971,38,,,0,66,,5956,38,,,0,26,,5941,38,,,0,66,,5944,38,,,0,24,,5974,38,,,0,24,,5951,38,,,0,64,,5957,38,,,0,24,,5970,38,,,0,64,,5953,38,,,0,24,,5961,38,,,0,24,,5939,38,,,0,64,,5973,38,,,0,22,,5948,38,,,0,64,,5965,38,,,0,24,,5946,38,,,0,85,,5955,38,,,0
10100,'a06a7e47-f820-49a2-88af-ccffc941c6bc',728,,5981,38,,,0,85,,5982,38,,,0,22,,5993,38,,,0,23,,5998,38,,,0,62,,6010,38,,,0,23,,6003,38,,,0,62,,5992,38,,,0,23,,6004,38,,,0,22,,5995,38,,,0,63,,5984,38,,,0,22,,5989,38,,,0,23,,6011,38,,,0,62,,5994,38,,,0,23,,6008,38,,,0,65,,6005,38,,,0,25,,5985,38,,,0,25,,5978,38,,,0,66,,5983,38,,,0,27,,5977,38,,,0,66,,5987,38,,,0,25,,5986,38,,,0,66,,5997,38,,,0,25,,6002,38,,,0,26,,5999,38,,,0,65,,5996,38,,,0,26,,5991,38,,,0,65,,5979,38,,,0,26,,6007,38,,,0,65,,5988,38,,,0,26,,6000,38,,,0,24,,6006,38,,,0,64,,5990,38,,,0,22,,5980,38,,,0,64,,6009,38,,,0,23,,6001,38,,,0,90,,5976,38,,,0
10100,'af2e8e03-0a42-4469-a2b8-e03c803b7d24',733,,6039,38,,,0,85,,6033,38,,,0,85,,6034,38,,,0,45,,6035,38,,,0,85,,6028,38,,,0,85,,6019,38,,,0,22,,6030,38,,,0,63,,6024,38,,,0,25,,6025,38,,,0,23,,6026,38,,,0,68,,6020,38,,,0,25,,6031,38,,,0,66,,6014,38,,,0,25,,6023,38,,,0,66,,6015,38,,,0,25,,6021,38,,,0,26,,6022,38,,,0,67,,6017,38,,,0,24,,6027,38,,,0,64,,6018,38,,,0,24,,6032,38,,,0,24,,6037,38,,,0,90,,6038,38,,,0,88,,6029,38,,,0,86,,6016,38,,,0,86,,6013,38,,,0,46,,6012,38,,,0,86,,6036,38,,,0
10100,'f29e6a89-2c24-4546-a5bf-65191f526c55',733,,6042,38,,,0,85,,6058,38,,,0,85,,6041,38,,,0,45,,6045,38,,,0,85,,6046,38,,,0,85,,6053,38,,,0,22,,6060,38,,,0,63,,6063,38,,,0,25,,6066,38,,,0,23,,6064,38,,,0,68,,6048,38,,,0,25,,6047,38,,,0,66,,6057,38,,,0,25,,6056,38,,,0,66,,6059,38,,,0,25,,6044,38,,,0,26,,6054,38,,,0,67,,6055,38,,,0,24,,6040,38,,,0,64,,6050,38,,,0,24,,6049,38,,,0,24,,6052,38,,,0,90,,6065,38,,,0,88,,6061,38,,,0,86,,6051,38,,,0,86,,6043,38,,,0,46,,6067,38,,,0,86,,6062,38,,,0
1000800,'4bf8087f-7a14-48a7-b190-74a0cc4c73da',907,,6440,83,,,0,102,,6439,83,,,0,100,,6426,83,,,0,100,,6441,83,,,0,100,,6418,83,,,0,100,,6444,83,,,0,100,,6437,83,,,0,100,,6428,83,,,0,100,,6438,83,,,0,99,,6435,83,,,0,100,,6423,83,,,0,100,,6445,83,,,0,100,,6425,83,,,0,148,,6432,83,,,0
1000800,'8d01581c-cf93-4a74-9f42-0fb702955d15',907,,6448,83,,,0,102,,6468,83,,,0,100,,6473,83,,,0,100,,6455,83,,,0,100,,6459,83,,,0,100,,6463,83,,,0,100,,6470,83,,,0,100,,6471,83,,,0,100,,6465,83,,,0,99,,6464,83,,,0,100,,6457,83,,,0,100,,6472,83,,,0,100,,6454,83,,,0
1000800,'9881fb63-ca97-484f-b0ca-1bb7e4ca8571',537,,6490,178,,,0,70,,6493,178,,,0,30,,6481,332,,,0,70,,6483,332,,,0,30,,6487,332,,,0,70,,6499,332,,,0,32,,6495,312,,,0,70,,6479,332,,,0,30,,6511,332,,,0,70,,6502,332,,,0,30,,6477,332,,,0,70,,6506,332,,,0,30,,6476,332,,,0,70,,6505,332,,,0,30,,6494,332,,,0,70,,6507,332,,,0,30,,6496,332,,,0,70,,6503,332,,,0,30,,6500,332,,,0,70,,6501,332,,,0,30,,6497,312,,,0,70,,6508,332,,,0,30,,6513,332,,,0,70,,6485,332,,,0,32,,6489,332,,,0,70,,6510,332,,,0,30,,6492,332,,,0,70,,6484,332,,,0,94,,6509,332,,,0,103,,6478,83,,,0,98,,6488,83,,,0,100,,6474,83,,,0,104,,6512,83,,,0
1000800,'a06a7e47-f820-49a2-88af-ccffc941c6bc',707,,6539,61,,,0,30,,6524,61,,,0,70,,6535,178,,,0,32,,6541,332,,,0,70,,6537,332,,,0,30,,6543,332,,,0,70,,6546,332,,,0,30,,6519,332,,,0,70,,6529,332,,,0,30,,6538,332,,,0,70,,6531,332,,,0,30,,6522,332,,,0,70,,6526,332,,,0,30,,6515,332,,,0,70,,6518,332,,,0,30,,6547,332,,,0,70,,6532,332,,,0,30,,6530,332,,,0,70,,6550,332,,,0,30,,6516,332,,,0,70,,6540,332,,,0,31,,6523,332,,,0,70,,6517,332,,,0,30,,6542,332,,,0,70,,6527,332,,,0,98,,6548,332,,,0,97,,6520,83,,,0,99,,6549,83,,,0,100,,6544,83,,,0,100,,6534,83,,,0
1000800,'af2e8e03-0a42-4469-a2b8-e03c803b7d24',907,,6569,83,,,0,102,,6554,83,,,0,100,,6572,83,,,0,100,,6575,83,,,0,100,,6571,83,,,0,100,,6558,83,,,0,100,,6556,83,,,0,100,,6555,83,,,0,100,,6553,83,,,0,99,,6566,83,,,0,100,,6564,83,,,0,100,,6567,83,,,0,100,,6557,83,,,0
1000800,'f29e6a89-2c24-4546-a5bf-65191f526c55',907,,6603,83,,,0,102,,6589,83,,,0,100,,6601,83,,,0,100,,6584,83,,,0,100,,6597,83,,,0,100,,6579,83,,,0,100,,6583,83,,,0,100,,6604,83,,,0,100,,6599,83,,,0,99,,6587,83,,,0,100,,6582,83,,,0,100,,6578,83,,,0,100,,6592,83,,,0
