2000700,'4bf8087f-7a14-48a7-b190-74a0cc4c73da',1015,,7070,147,,,0,100,,7076,147,,,0,100,,7067,147,,,0,100,,7074,147,,,0,100,,7075,147,,,0,100,,7078,147,,,0,100,,7073,147,,,0,100,,7069,147,,,0,100,,7068,147,,,0,102,,7065,147,,,0,100,,7066,147,,,0,100,,7077,147,,,0,135,,7071,147,,,0
2000700,'8d01581c-cf93-4a74-9f42-0fb702955d15',1015,,7084,147,,,0,100,,7081,147,,,0,100,,7079,147,,,0,100,,7091,147,,,0,100,,7087,147,,,0,100,,7086,147,,,0,100,,7085,147,,,0,100,,7080,147,,,0,100,,7090,147,,,0,102,,7088,147,,,0,100,,7083,147,,,0,100,,7089,147,,,0
2000700,'9881fb63-ca97-484f-b0ca-1bb7e4ca8571',615,,7098,147,,,0,30,,7102,147,,,0,70,,7118,147,,,0,30,,7097,147,,,0,71,,7092,147,,,0,28,,7094,147,,,0,72,,7100,147,,,0,28,,7124,147,,,0,71,,7115,147,,,0,30,,7108,147,,,0,70,,7106,147,,,0,30,,7113,147,,,0,70,,7111,147,,,0,30,,7093,147,,,0,70,,7120,147,,,0,30,,7109,147,,,0,72,,7104,147,,,0,28,,7123,147,,,0,70,,7095,147,,,0,30,,7119,147,,,0,70,,7114,147,,,0,30,,7110,147,,,0,70,,7103,147,,,0,30,,7105,147,,,0,69,,7096,147,,,0,30,,7112,147,,,0,72,,7107,147,,,0,30,,7101,147,,,0,72,,7122,147,,,0,98,,7099,147,,,0,99,,7121,147,,,0,96,,7117,147,,,0
2000700,'a06a7e47-f820-49a2-88af-ccffc941c6bc',715,,7133,147,,,0,30,,7153,147,,,0,71,,7142,147,,,0,30,,7125,147,,,0,70,,7126,147,,,0,30,,7137,147,,,0,69,,7136,147,,,0,30,,7150,147,,,0,70,,7130,147,,,0,30,,7152,147,,,0,70,,7127,147,,,0,30,,7143,147,,,0,70,,7135,147,,,0,30,,7144,147,,,0,70,,7146,147,,,0,30,,7138,147,,,0,70,,7147,147,,,0,30,,7141,147,,,0,70,,7145,147,,,0,30,,7151,147,,,0,70,,7154,147,,,0,30,,7134,147,,,0,70,,7149,147,,,0,30,,7140,147,,,0,72,,7155,147,,,0,30,,7139,147,,,0,70,,7132,147,,,0,100,,7148,147,,,0,90,,7128,147,,,0,107,,7129,147,,,0
2000700,'af2e8e03-0a42-4469-a2b8-e03c803b7d24',1015,,7166,147,,,0,100,,7160,147,,,0,100,,7161,147,,,0,100,,7157,147,,,0,100,,7167,147,,,0,100,,7158,147,,,0,100,,7165,147,,,0,100,,7164,147,,,0,100,,7159,147,,,0,102,,7163,147,,,0,100,,7156,147,,,0,100,,7162,147,,,0
2000700,'f29e6a89-2c24-4546-a5bf-65191f526c55',1015,,7178,147,,,0,100,,7179,147,,,0,100,,7173,147,,,0,100,,7177,147,,,0,100,,7171,147,,,0,100,,7180,147,,,0,100,,7172,147,,,0,100,,7181,147,,,0,100,,7169,147,,,0,102,,7174,147,,,0,100,,7170,147,,,0,100,,7176,147,,,0
2000801,'4bf8087f-7a14-48a7-b190-74a0cc4c73da',946,,7363,119,,,0,100,,7362,240,,,0,100,,7371,240,,,0,100,,7368,240,,,0,100,,7364,240,,,0,100,,7367,240,,,0,100,,7365,240,,,0,100,,7374,240,,,0,96,,7369,240,,,0,100,,7370,240,,,0,100,,7361,240,,,0,99,,7366,240,,,0,100,,7373,240,,,0,112,,7372,240,,,0
2000801,'8d01581c-cf93-4a74-9f42-0fb702955d15',946,,7380,119,,,0,100,,7376,240,,,0,100,,7384,240,,,0,100,,7377,240,,,0,100,,7381,240,,,0,100,,7387,240,,,0,100,,7382,240,,,0,100,,7388,240,,,0,96,,7383,240,,,0,100,,7385,240,,,0,100,,7386,240,,,0,99,,7375,240,,,0,100,,7378,240,,,0
2000801,'9881fb63-ca97-484f-b0ca-1bb7e4ca8571',522,,7389,119,,,0,100,,7392,119,,,0,21,,7401,240,,,0,70,,7405,240,,,0,30,,7391,194,,,0,70,,7399,240,,,0,31,,7404,240,,,0,70,,7396,240,,,0,29,,7393,240,,,0,70,,7418,240,,,0,31,,7402,240,,,0,72,,7400,240,,,0,30,,7411,240,,,0,70,,7406,240,,,0,31,,7416,240,,,0,70,,7414,240,,,0,30,,7398,240,,,0,70,,7417,240,,,0,30,,7390,194,,,0,73,,7397,240,,,0,30,,7422,240,,,0,70,,7403,240,,,0,30,,7409,240,,,0,71,,7408,240,,,0,31,,7419,240,,,0,67,,7415,240,,,0,28,,7421,240,,,0,101,,7410,240,,,0,100,,7394,240,,,0,95,,7407,240,,,0,100,,7413,240,,,0,100,,7412,240,,,0
2000801,'a06a7e47-f820-49a2-88af-ccffc941c6bc',713,,7425,119,,,0,30,,7446,119,,,0,70,,7423,240,,,0,31,,7431,240,,,0,70,,7428,240,,,0,29,,7433,240,,,0,70,,7435,240,,,0,33,,7440,240,,,0,70,,7424,240,,,0,30,,7432,240,,,0,70,,7444,240,,,0,31,,7451,240,,,0,70,,7452,240,,,0,30,,7447,240,,,0,70,,7453,240,,,0,30,,7426,240,,,0,70,,7448,240,,,0,30,,7450,240,,,0,70,,7438,240,,,0,30,,7430,240,,,0,72,,7434,240,,,0,31,,7429,240,,,0,69,,7436,240,,,0,28,,7441,240,,,0,101,,7437,240,,,0,100,,7443,240,,,0,95,,7427,240,,,0,100,,7445,240,,,0,100,,7449,240,,,0
2000801,'af2e8e03-0a42-4469-a2b8-e03c803b7d24',946,,7455,119,,,0,100,,7465,240,,,0,100,,7454,240,,,0,100,,7467,240,,,0,100,,7460,240,,,0,100,,7457,240,,,0,100,,7459,240,,,0,100,,7458,240,,,0,96,,7461,240,,,0,100,,7466,240,,,0,100,,7464,240,,,0,99,,7463,240,,,0,100,,7456,240,,,0
2000801,'f29e6a89-2c24-4546-a5bf-65191f526c55',946,,7472,119,,,0,100,,7477,240,,,0,100,,7473,240,,,0,100,,7478,240,,,0,100,,7476,240,,,0,100,,7481,240,,,0,100,,7468,240,,,0,100,,7469,240,,,0,96,,7479,240,,,0,100,,7480,240,,,0,100,,7471,240,,,0,99,,7475,240,,,0,100,,7470,240,,,0
