10100,'4bf8087f-7a14-48a7-b190-74a0cc4c73da',753,,5896,141,,,0,85,,5890,141,,,0,85,,5884,141,,,0,85,,5892,141,,,0,45,,5888,141,,,0,85,,5899,141,,,0,62,,5900,141,,,0,23,,5898,141,,,0,28,,5909,141,,,0,63,,5901,141,,,0,28,,5891,141,,,0,65,,5886,141,,,0,26,,5904,141,,,0,25,,5906,141,,,0,66,,5907,141,,,0,25,,5902,141,,,0,66,,5887,141,,,0,24,,5885,141,,,0,64,,5908,141,,,0,24,,5910,141,,,0,24,,5903,141,,,0,64,,5894,141,,,0,90,,5883,141,,,0,48,,5895,141,,,0,86,,5893,141,,,0,86,,5897,141,,,0,86,,5889,141,,,0,93,,5905,141,,,0
10100,'8d01581c-cf93-4a74-9f42-0fb702955d15',753,,5911,141,,,0,85,,5915,141,,,0,85,,5929,141,,,0,85,,5927,141,,,0,45,,5917,141,,,0,85,,5931,141,,,0,62,,5913,141,,,0,23,,5923,141,,,0,28,,5924,141,,,0,63,,5936,141,,,0,28,,5919,141,,,0,65,,5932,141,,,0,26,,5918,141,,,0,25,,5912,141,,,0,66,,5937,141,,,0,25,,5934,141,,,0,66,,5920,141,,,0,24,,5938,141,,,0,64,,5933,141,,,0,24,,5914,141,,,0,24,,5922,141,,,0,64,,5926,141,,,0,90,,5916,141,,,0,48,,5928,141,,,0,86,,5921,141,,,0,86,,5930,141,,,0,86,,5925,141,,,0,46,,5935,141,,,0
10100,'9881fb63-ca97-484f-b0ca-1bb7e4ca8571',738,,5949,141,,,0,62,,5952,141,,,0,23,,5945,141,,,0,22,,5960,141,,,0,63,,5958,141,,,0,22,,5940,141,,,0,23,,5950,141,,,0,62,,5966,141,,,0,23,,5947,141,,,0,62,,5954,141,,,0,29,,5959,141,,,0,24,,5963,141,,,0,66,,5975,141,,,0,25,,5972,141,,,0,66,,5968,141,,,0,25,,5967,141,,,0,66,,5943,141,,,0,27,,5969,141,,,0,27,,5962,141,,,0,66,,5942,141,,,0,26,,5964,141,,,0,66,,5971,141,,,0,26,,5956,141,,,0,62,,5941,141,,,0,26,,5944,141,,,0,24,,5974,141,,,0,64,,5951,141,,,0,24,,5957,141,,,0,64,,5970,141,,,0,24,,5953,141,,,0,24,,5961,141,,,0,64,,5939,141,,,0,24,,5973,141,,,0,62,,5948,141,,,0,24,,5965,141,,,0,24,,5946,141,,,0,85,,5955,141,,,0
10100,'a06a7e47-f820-49a2-88af-ccffc941c6bc',748,,5981,141,,,0,85,,5982,141,,,0,22,,5993,141,,,0,63,,5998,141,,,0,22,,6010,141,,,0,63,,6003,141,,,0,22,,5992,141,,,0,23,,6004,141,,,0,62,,5995,141,,,0,23,,5984,141,,,0,22,,5989,141,,,0,63,,6011,141,,,0,22,,5994,141,,,0,63,,6008,141,,,0,28,,6005,141,,,0,25,,5985,141,,,0,65,,5978,141,,,0,26,,5983,141,,,0,67,,5977,141,,,0,26,,5987,141,,,0,65,,5986,141,,,0,26,,5997,141,,,0,25,,6002,141,,,0,66,,5999,141,,,0,25,,5996,141,,,0,66,,5991,141,,,0,25,,5979,141,,,0,66,,6007,141,,,0,22,,5988,141,,,0,26,,6000,141,,,0,64,,6006,141,,,0,24,,5990,141,,,0,62,,5980,141,,,0,24,,6009,141,,,0,23,,6001,141,,,0,90,,5976,141,,,0
10100,'af2e8e03-0a42-4469-a2b8-e03c803b7d24',753,,6039,141,,,0,85,,6033,141,,,0,85,,6034,141,,,0,85,,6035,141,,,0,45,,6028,141,,,0,85,,6019,141,,,0,62,,6030,141,,,0,23,,6024,141,,,0,28,,6025,141,,,0,63,,6026,141,,,0,28,,6020,141,,,0,65,,6031,141,,,0,26,,6014,141,,,0,25,,6023,141,,,0,66,,6015,141,,,0,25,,6021,141,,,0,66,,6022,141,,,0,24,,6017,141,,,0,64,,6027,141,,,0,24,,6018,141,,,0,24,,6032,141,,,0,64,,6037,141,,,0,90,,6038,141,,,0,48,,6029,141,,,0,86,,6016,141,,,0,86,,6013,141,,,0,86,,6012,141,,,0,46,,6036,141,,,0
10100,'f29e6a89-2c24-4546-a5bf-65191f526c55',753,,6042,141,,,0,85,,6058,141,,,0,85,,6041,141,,,0,85,,6045,141,,,0,45,,6046,141,,,0,85,,6053,141,,,0,62,,6060,141,,,0,23,,6063,141,,,0,28,,6066,141,,,0,63,,6064,141,,,0,28,,6048,141,,,0,65,,6047,141,,,0,26,,6057,141,,,0,25,,6056,141,,,0,66,,6059,141,,,0,25,,6044,141,,,0,66,,6054,141,,,0,24,,6055,141,,,0,64,,6040,141,,,0,24,,6050,141,,,0,24,,6049,141,,,0,64,,6052,141,,,0,90,,6065,141,,,0,48,,6061,141,,,0,86,,6051,141,,,0,86,,6043,141,,,0,86,,6067,141,,,0,46,,6062,141,,,0
2001200,'4bf8087f-7a14-48a7-b190-74a0cc4c73da',810,,7495,12,,,0,100,,7492,12,,,0,100,,7483,12,,,0,100,,7485,12,,,0,103,,7482,12,,,0,106,,7484,12,,,0,100,,7486,12,,,0,110,,7491,12,,,0,100,,7490,12,,,0,110,,7487,12,,,0,100,,7488,12,,,0,101,,7493,12,,,0,100,,7494,12,,,0,102,,7489,12,,,0
2001200,'8d01581c-cf93-4a74-9f42-0fb702955d15',810,,7497,12,,,0,100,,7503,12,,,0,100,,7502,12,,,0,100,,7498,12,,,0,103,,7506,12,,,0,106,,7509,12,,,0,100,,7501,12,,,0,110,,7504,12,,,0,100,,7500,12,,,0,110,,7508,12,,,0,100,,7505,12,,,0,101,,7496,12,,,0,100,,7507,12,,,0,102,,7499,12,,,0
2001200,'9881fb63-ca97-484f-b0ca-1bb7e4ca8571',515,,7530,12,,,0,35,,7528,12,,,0,60,,7527,12,,,0,30,,7538,12,,,0,72,,7517,12,,,0,34,,7518,12,,,0,73,,7534,12,,,0,30,,7521,12,,,0,75,,7512,12,,,0,35,,7525,12,,,0,70,,7520,12,,,0,30,,7511,12,,,0,75,,7523,12,,,0,75,,7513,12,,,0,30,,7524,12,,,0,70,,7529,12,,,0,35,,7540,12,,,0,75,,7522,12,,,0,36,,7514,12,,,0,75,,7536,12,,,0,75,,7537,12,,,0,35,,7510,12,,,0,75,,7535,12,,,0,35,,7531,12,,,0,75,,7542,12,,,0,25,,7532,12,,,0,75,,7516,12,,,0,75,,7519,12,,,0,35,,7526,12,,,0,70,,7539,12,,,0,30,,7515,12,,,0,100,,7533,12,,,0,100,,7541,12,,,0
2001200,'a06a7e47-f820-49a2-88af-ccffc941c6bc',622,,7548,12,,,0,30,,7565,12,,,0,70,,7552,12,,,0,32,,7559,12,,,0,70,,7561,12,,,0,30,,7554,12,,,0,70,,7553,12,,,0,30,,7545,12,,,0,73,,7574,12,,,0,30,,7571,12,,,0,70,,7564,12,,,0,81,,7543,12,,,0,30,,7557,12,,,0,70,,7544,12,,,0,30,,7566,12,,,0,79,,7550,12,,,0,30,,7569,12,,,0,70,,7546,12,,,0,30,,7570,12,,,0,80,,7567,12,,,0,30,,7558,12,,,0,70,,7573,12,,,0,30,,7555,12,,,0,81,,7547,12,,,0,70,,7562,12,,,0,30,,7560,12,,,0,70,,7568,12,,,0,30,,7556,12,,,0,70,,7563,12,,,0,30,,7572,12,,,0,100,,7549,12,,,0,100,,7551,12,,,0
2001200,'af2e8e03-0a42-4469-a2b8-e03c803b7d24',810,,7576,12,,,0,100,,7586,12,,,0,100,,7588,12,,,0,100,,7575,12,,,0,103,,7584,12,,,0,106,,7578,12,,,0,100,,7587,12,,,0,110,,7582,12,,,0,100,,7579,12,,,0,110,,7581,12,,,0,100,,7583,12,,,0,101,,7577,12,,,0,100,,7585,12,,,0,102,,7580,12,,,0
2001200,'f29e6a89-2c24-4546-a5bf-65191f526c55',810,,7592,12,,,0,100,,7598,12,,,0,100,,7602,12,,,0,100,,7601,12,,,0,103,,7593,12,,,0,106,,7596,12,,,0,100,,7597,12,,,0,110,,7600,12,,,0,100,,7591,12,,,0,110,,7595,12,,,0,100,,7594,12,,,0,101,,7599,12,,,0,100,,7590,12,,,0,102,,7589,12,,,0
