10000,'4bf8087f-7a14-48a7-b190-74a0cc4c73da',810,,5700,106,,,0,49,,5717,106,,,0,89,,5702,106,,,0,89,,5705,106,,,0,89,,5715,106,,,0,24,,5712,106,,,0,65,,5710,106,,,0,24,,5699,106,,,0,65,,5698,106,,,0,24,,5697,106,,,0,25,,5707,106,,,0,64,,5709,106,,,0,25,,5723,106,,,0,64,,5720,106,,,0,25,,5716,106,,,0,24,,5721,106,,,0,65,,5713,106,,,0,25,,5704,106,,,0,66,,5722,106,,,0,25,,5719,106,,,0,65,,5724,106,,,0,25,,5718,106,,,0,87,,5703,106,,,0,87,,5714,106,,,0,47,,5708,106,,,0,86,,5711,106,,,0,86,,5706,106,,,0,86,,5701,106,,,0
10000,'8d01581c-cf93-4a74-9f42-0fb702955d15',810,,5728,106,,,0,49,,5745,106,,,0,89,,5747,106,,,0,89,,5730,106,,,0,89,,5729,106,,,0,24,,5731,106,,,0,65,,5742,106,,,0,24,,5735,106,,,0,65,,5748,106,,,0,24,,5727,106,,,0,25,,5738,106,,,0,64,,5751,106,,,0,25,,5736,106,,,0,64,,5741,106,,,0,25,,5750,106,,,0,24,,5733,106,,,0,65,,5752,106,,,0,25,,5737,106,,,0,66,,5734,106,,,0,25,,5725,106,,,0,65,,5743,106,,,0,25,,5749,106,,,0,87,,5739,106,,,0,87,,5746,106,,,0,47,,5732,106,,,0,86,,5740,106,,,0,86,,5726,106,,,0,86,,5744,106,,,0
10000,'9881fb63-ca97-484f-b0ca-1bb7e4ca8571',733,,5772,106,,,0,20,,5767,106,,,0,69,,5758,106,,,0,22,,5763,106,,,0,67,,5756,106,,,0,24,,5769,106,,,0,65,,5773,106,,,0,24,,5780,106,,,0,25,,5757,106,,,0,64,,5779,106,,,0,25,,5771,106,,,0,64,,5781,106,,,0,25,,5785,106,,,0,24,,5788,106,,,0,66,,5765,106,,,0,25,,5783,106,,,0,66,,5776,106,,,0,25,,5764,106,,,0,26,,5790,106,,,0,64,,5777,106,,,0,26,,5762,106,,,0,64,,5760,106,,,0,25,,5784,106,,,0,64,,5774,106,,,0,24,,5766,106,,,0,24,,5775,106,,,0,63,,5789,106,,,0,24,,5753,106,,,0,63,,5782,106,,,0,24,,5787,106,,,0,23,,5778,106,,,0,63,,5770,106,,,0,23,,5759,106,,,0,23,,5786,106,,,0,63,,5768,106,,,0,23,,5755,106,,,0,63,,5754,106,,,0,46,,5761,106,,,0
10000,'a06a7e47-f820-49a2-88af-ccffc941c6bc',808,,5807,106,,,0,24,,5821,106,,,0,25,,5792,106,,,0,64,,5794,106,,,0,25,,5798,106,,,0,64,,5803,106,,,0,25,,5800,106,,,0,24,,5822,106,,,0,65,,5814,106,,,0,24,,5811,106,,,0,65,,5826,106,,,0,24,,5802,106,,,0,65,,5819,106,,,0,24,,5801,106,,,0,25,,5813,106,,,0,64,,5820,106,,,0,25,,5791,106,,,0,64,,5823,106,,,0,25,,5824,106,,,0,25,,5818,106,,,0,66,,5808,106,,,0,25,,5809,106,,,0,66,,5793,106,,,0,25,,5799,106,,,0,65,,5815,106,,,0,25,,5796,106,,,0,22,,5806,106,,,0,65,,5816,106,,,0,22,,5805,106,,,0,65,,5797,106,,,0,21,,5810,106,,,0,25,,5795,106,,,0,61,,5825,106,,,0,25,,5817,106,,,0,22,,5804,106,,,0,86,,5812,106,,,0
10000,'af2e8e03-0a42-4469-a2b8-e03c803b7d24',810,,5833,106,,,0,49,,5838,106,,,0,89,,5847,106,,,0,89,,5834,106,,,0,89,,5846,106,,,0,24,,5830,106,,,0,65,,5848,106,,,0,24,,5841,106,,,0,65,,5843,106,,,0,24,,5850,106,,,0,25,,5840,106,,,0,64,,5845,106,,,0,25,,5842,106,,,0,64,,5827,106,,,0,25,,5837,106,,,0,24,,5854,106,,,0,65,,5852,106,,,0,25,,5836,106,,,0,66,,5831,106,,,0,25,,5839,106,,,0,65,,5849,106,,,0,25,,5828,106,,,0,87,,5851,106,,,0,87,,5829,106,,,0,47,,5835,106,,,0,86,,5853,106,,,0,86,,5844,106,,,0,86,,5832,106,,,0
10000,'f29e6a89-2c24-4546-a5bf-65191f526c55',810,,5881,106,,,0,49,,5872,106,,,0,89,,5878,106,,,0,89,,5858,106,,,0,89,,5862,106,,,0,24,,5868,106,,,0,65,,5875,106,,,0,24,,5882,106,,,0,65,,5876,106,,,0,24,,5865,106,,,0,25,,5879,106,,,0,64,,5866,106,,,0,25,,5871,106,,,0,64,,5855,106,,,0,25,,5869,106,,,0,24,,5870,106,,,0,65,,5863,106,,,0,25,,5880,106,,,0,66,,5859,106,,,0,25,,5874,106,,,0,65,,5877,106,,,0,25,,5860,106,,,0,87,,5856,106,,,0,87,,5864,106,,,0,47,,5873,106,,,0,86,,5867,106,,,0,86,,5857,106,,,0,86,,5861,106,,,0
2000801,'4bf8087f-7a14-48a7-b190-74a0cc4c73da',947,,7362,38,,,0,101,,7371,38,,,0,100,,7368,38,,,0,100,,7364,38,,,0,100,,7367,38,,,0,100,,7365,38,,,0,100,,7374,38,,,0,99,,7369,38,,,0,100,,7370,38,,,0,100,,7361,38,,,0,99,,7366,38,,,0,100,,7373,38,,,0,100,,7372,38,,,0
2000801,'8d01581c-cf93-4a74-9f42-0fb702955d15',947,,7376,38,,,0,101,,7384,38,,,0,100,,7377,38,,,0,100,,7381,38,,,0,100,,7387,38,,,0,100,,7382,38,,,0,100,,7388,38,,,0,99,,7383,38,,,0,100,,7385,38,,,0,100,,7386,38,,,0,99,,7375,38,,,0,100,,7378,38,,,0,100,,7379,30,,,0
2000801,'9881fb63-ca97-484f-b0ca-1bb7e4ca8571',548,,7401,38,,,0,70,,7405,38,,,0,30,,7391,23,,,0,70,,7399,38,,,0,29,,7404,38,,,0,70,,7396,38,,,0,30,,7393,38,,,0,70,,7418,38,,,0,31,,7402,38,,,0,70,,7400,38,,,0,30,,7411,38,,,0,70,,7406,38,,,0,30,,7416,38,,,0,70,,7414,38,,,0,30,,7398,38,,,0,70,,7417,38,,,0,30,,7390,23,,,0,71,,7397,38,,,0,30,,7422,38,,,0,70,,7403,38,,,0,30,,7409,38,,,0,71,,7408,38,,,0,31,,7419,38,,,0,68,,7415,38,,,0,30,,7421,38,,,0,70,,7395,30,,,0,31,,7410,38,,,0,99,,7394,38,,,0,100,,7407,38,,,0,100,,7413,38,,,0,100,,7412,38,,,0,100,,7420,30,,,0
2000801,'a06a7e47-f820-49a2-88af-ccffc941c6bc',717,,7423,38,,,0,30,,7431,38,,,0,70,,7428,38,,,0,30,,7433,38,,,0,70,,7435,38,,,0,31,,7440,38,,,0,70,,7424,38,,,0,30,,7432,38,,,0,70,,7444,38,,,0,30,,7451,38,,,0,70,,7452,38,,,0,30,,7447,38,,,0,70,,7453,38,,,0,30,,7426,38,,,0,70,,7448,38,,,0,30,,7450,38,,,0,70,,7438,38,,,0,30,,7430,38,,,0,72,,7434,38,,,0,30,,7429,38,,,0,69,,7436,38,,,0,30,,7441,38,,,0,70,,7442,30,,,0,31,,7437,38,,,0,99,,7443,38,,,0,100,,7427,38,,,0,100,,7445,38,,,0,100,,7449,38,,,0,100,,7439,30,,,0
2000801,'af2e8e03-0a42-4469-a2b8-e03c803b7d24',947,,7465,38,,,0,101,,7454,38,,,0,100,,7467,38,,,0,100,,7460,38,,,0,100,,7457,38,,,0,100,,7459,38,,,0,100,,7458,38,,,0,99,,7461,38,,,0,100,,7466,38,,,0,100,,7464,38,,,0,99,,7463,38,,,0,100,,7456,38,,,0,100,,7462,30,,,0
2000801,'f29e6a89-2c24-4546-a5bf-65191f526c55',947,,7477,38,,,0,101,,7473,38,,,0,100,,7478,38,,,0,100,,7476,38,,,0,100,,7481,38,,,0,100,,7468,38,,,0,100,,7469,38,,,0,99,,7479,38,,,0,100,,7480,38,,,0,100,,7471,38,,,0,99,,7475,38,,,0,100,,7470,38,,,0,100,,7474,30,,,0
