2000700,'4bf8087f-7a14-48a7-b190-74a0cc4c73da',1017,,7070,149,,,0,100,,7076,149,,,0,100,,7067,149,,,0,100,,7074,149,,,0,100,,7075,149,,,0,100,,7078,149,,,0,100,,7073,149,,,0,100,,7069,149,,,0,100,,7068,149,,,0,102,,7065,149,,,0,100,,7066,149,,,0,100,,7077,149,,,0,135,,7071,149,,,0
2000700,'8d01581c-cf93-4a74-9f42-0fb702955d15',1017,,7084,149,,,0,100,,7081,149,,,0,100,,7079,149,,,0,100,,7091,149,,,0,100,,7087,149,,,0,100,,7086,149,,,0,100,,7085,149,,,0,100,,7080,149,,,0,100,,7090,149,,,0,102,,7088,149,,,0,100,,7083,149,,,0,100,,7089,149,,,0
2000700,'9881fb63-ca97-484f-b0ca-1bb7e4ca8571',617,,7098,149,,,0,30,,7102,149,,,0,70,,7118,149,,,0,30,,7097,149,,,0,71,,7092,149,,,0,28,,7094,149,,,0,72,,7100,149,,,0,28,,7124,149,,,0,71,,7115,149,,,0,30,,7108,149,,,0,70,,7106,149,,,0,30,,7113,149,,,0,70,,7111,149,,,0,30,,7093,149,,,0,70,,7120,149,,,0,30,,7109,149,,,0,72,,7104,149,,,0,28,,7123,149,,,0,70,,7095,149,,,0,30,,7119,149,,,0,70,,7114,149,,,0,30,,7110,149,,,0,70,,7103,149,,,0,30,,7105,149,,,0,69,,7096,149,,,0,30,,7112,149,,,0,72,,7107,149,,,0,30,,7101,149,,,0,72,,7122,149,,,0,98,,7099,149,,,0,98,,7121,149,,,0,96,,7117,149,,,0
2000700,'a06a7e47-f820-49a2-88af-ccffc941c6bc',717,,7133,149,,,0,30,,7153,149,,,0,71,,7142,149,,,0,30,,7125,149,,,0,70,,7126,149,,,0,30,,7137,149,,,0,69,,7136,149,,,0,30,,7150,149,,,0,70,,7130,149,,,0,30,,7152,149,,,0,70,,7127,149,,,0,30,,7143,149,,,0,70,,7135,149,,,0,30,,7144,149,,,0,70,,7146,149,,,0,30,,7138,149,,,0,70,,7147,149,,,0,30,,7141,149,,,0,70,,7145,149,,,0,30,,7151,149,,,0,70,,7154,149,,,0,30,,7134,149,,,0,70,,7149,149,,,0,30,,7140,149,,,0,72,,7155,149,,,0,30,,7139,149,,,0,70,,7132,149,,,0,100,,7148,149,,,0,91,,7128,149,,,0,105,,7129,149,,,0
2000700,'af2e8e03-0a42-4469-a2b8-e03c803b7d24',1017,,7166,149,,,0,100,,7160,149,,,0,100,,7161,149,,,0,100,,7157,149,,,0,100,,7167,149,,,0,100,,7158,149,,,0,100,,7165,149,,,0,100,,7164,149,,,0,100,,7159,149,,,0,102,,7163,149,,,0,100,,7156,149,,,0,100,,7162,149,,,0
2000700,'f29e6a89-2c24-4546-a5bf-65191f526c55',1017,,7178,149,,,0,100,,7179,149,,,0,100,,7173,149,,,0,100,,7177,149,,,0,100,,7171,149,,,0,100,,7180,149,,,0,100,,7172,149,,,0,100,,7181,149,,,0,100,,7169,149,,,0,102,,7174,149,,,0,100,,7170,149,,,0,100,,7176,149,,,0
2000801,'4bf8087f-7a14-48a7-b190-74a0cc4c73da',949,,7363,122,,,0,100,,7362,243,,,0,99,,7371,243,,,0,100,,7368,243,,,0,100,,7364,243,,,0,100,,7367,243,,,0,100,,7365,243,,,0,100,,7374,243,,,0,96,,7369,243,,,0,100,,7370,243,,,0,100,,7361,243,,,0,99,,7366,243,,,0,100,,7373,243,,,0,112,,7372,243,,,0
2000801,'8d01581c-cf93-4a74-9f42-0fb702955d15',949,,7380,122,,,0,100,,7376,243,,,0,99,,7384,243,,,0,100,,7377,243,,,0,100,,7381,243,,,0,100,,7387,243,,,0,100,,7382,243,,,0,100,,7388,243,,,0,96,,7383,243,,,0,100,,7385,243,,,0,100,,7386,243,,,0,99,,7375,243,,,0,100,,7378,243,,,0
2000801,'9881fb63-ca97-484f-b0ca-1bb7e4ca8571',524,,7389,122,,,0,100,,7392,122,,,0,21,,7401,243,,,0,70,,7405,243,,,0,30,,7391,197,,,0,70,,7399,243,,,0,32,,7404,243,,,0,70,,7396,243,,,0,29,,7393,243,,,0,70,,7418,243,,,0,30,,7402,243,,,0,72,,7400,243,,,0,30,,7411,243,,,0,70,,7406,243,,,0,31,,7416,243,,,0,70,,7414,243,,,0,30,,7398,243,,,0,70,,7417,243,,,0,30,,7390,197,,,0,73,,7397,243,,,0,30,,7422,243,,,0,70,,7403,243,,,0,30,,7409,243,,,0,71,,7408,243,,,0,31,,7419,243,,,0,67,,7415,243,,,0,28,,7421,243,,,0,101,,7410,243,,,0,100,,7394,243,,,0,95,,7407,243,,,0,100,,7413,243,,,0,100,,7412,243,,,0
2000801,'a06a7e47-f820-49a2-88af-ccffc941c6bc',715,,7425,122,,,0,30,,7446,122,,,0,70,,7423,243,,,0,32,,7431,243,,,0,70,,7428,243,,,0,29,,7433,243,,,0,70,,7435,243,,,0,32,,7440,243,,,0,70,,7424,243,,,0,30,,7432,243,,,0,70,,7444,243,,,0,31,,7451,243,,,0,70,,7452,243,,,0,30,,7447,243,,,0,70,,7453,243,,,0,30,,7426,243,,,0,70,,7448,243,,,0,30,,7450,243,,,0,70,,7438,243,,,0,30,,7430,243,,,0,72,,7434,243,,,0,31,,7429,243,,,0,69,,7436,243,,,0,28,,7441,243,,,0,101,,7437,243,,,0,100,,7443,243,,,0,95,,7427,243,,,0,100,,7445,243,,,0,100,,7449,243,,,0
2000801,'af2e8e03-0a42-4469-a2b8-e03c803b7d24',949,,7455,122,,,0,100,,7465,243,,,0,99,,7454,243,,,0,100,,7467,243,,,0,100,,7460,243,,,0,100,,7457,243,,,0,100,,7459,243,,,0,100,,7458,243,,,0,96,,7461,243,,,0,100,,7466,243,,,0,100,,7464,243,,,0,99,,7463,243,,,0,100,,7456,243,,,0
2000801,'f29e6a89-2c24-4546-a5bf-65191f526c55',949,,7472,122,,,0,100,,7477,243,,,0,99,,7473,243,,,0,100,,7478,243,,,0,100,,7476,243,,,0,100,,7481,243,,,0,100,,7468,243,,,0,100,,7469,243,,,0,96,,7479,243,,,0,100,,7480,243,,,0,100,,7471,243,,,0,99,,7475,243,,,0,100,,7470,243,,,0
