1000800,'4bf8087f-7a14-48a7-b190-74a0cc4c73da',928,,6419,30,,,0,97,,6433,30,,,0,100,,6434,30,,,0,100,,6427,30,,,0,100,,6422,30,,,0,100,,6421,30,,,0,100,,6431,30,,,0,100,,6430,30,,,0,100,,6443,30,,,0,100,,6424,30,,,0,100,,6446,30,,,0,103,,6429,30,,,0,100,,6442,30,,,0,126,,6436,30,,,0
1000800,'8d01581c-cf93-4a74-9f42-0fb702955d15',928,,6460,30,,,0,97,,6452,30,,,0,100,,6451,30,,,0,100,,6453,30,,,0,100,,6449,30,,,0,100,,6467,30,,,0,100,,6466,30,,,0,100,,6462,30,,,0,100,,6447,30,,,0,100,,6458,30,,,0,100,,6450,30,,,0,103,,6461,30,,,0,100,,6469,30,,,0
1000800,'9881fb63-ca97-484f-b0ca-1bb7e4ca8571',528,,6481,52,,,0,30,,6483,52,,,0,70,,6487,52,,,0,30,,6499,52,,,0,70,,6495,35,,,0,30,,6479,52,,,0,70,,6511,52,,,0,30,,6502,52,,,0,70,,6477,52,,,0,30,,6506,52,,,0,67,,6476,52,,,0,30,,6505,52,,,0,70,,6494,52,,,0,30,,6507,52,,,0,70,,6496,52,,,0,30,,6503,52,,,0,70,,6500,52,,,0,30,,6501,52,,,0,70,,6497,35,,,0,30,,6508,52,,,0,70,,6513,52,,,0,30,,6485,52,,,0,70,,6489,52,,,0,30,,6510,52,,,0,70,,6492,52,,,0,30,,6484,52,,,0,70,,6475,30,,,0,30,,6509,52,,,0,70,,6491,30,,,0,103,,6498,30,,,0,100,,6504,30,,,0,100,,6486,30,,,0,100,,6480,30,,,0
1000800,'a06a7e47-f820-49a2-88af-ccffc941c6bc',728,,6541,52,,,0,30,,6537,52,,,0,70,,6543,52,,,0,30,,6546,52,,,0,70,,6519,52,,,0,30,,6529,52,,,0,67,,6538,52,,,0,30,,6531,52,,,0,70,,6522,52,,,0,30,,6526,52,,,0,70,,6515,52,,,0,30,,6518,52,,,0,70,,6547,52,,,0,30,,6532,52,,,0,70,,6530,52,,,0,30,,6550,52,,,0,70,,6516,52,,,0,30,,6540,52,,,0,70,,6523,52,,,0,30,,6517,52,,,0,70,,6542,52,,,0,30,,6527,52,,,0,70,,6514,30,,,0,30,,6548,52,,,0,70,,6528,30,,,0,103,,6521,30,,,0,100,,6525,30,,,0,100,,6536,30,,,0,100,,6533,30,,,0
1000800,'af2e8e03-0a42-4469-a2b8-e03c803b7d24',928,,6559,30,,,0,97,,6574,30,,,0,100,,6562,30,,,0,100,,6573,30,,,0,100,,6563,30,,,0,100,,6576,30,,,0,100,,6565,30,,,0,100,,6561,30,,,0,100,,6551,30,,,0,100,,6570,30,,,0,100,,6560,30,,,0,103,,6552,30,,,0,100,,6568,30,,,0
1000800,'f29e6a89-2c24-4546-a5bf-65191f526c55',928,,6593,30,,,0,97,,6585,30,,,0,100,,6598,30,,,0,100,,6581,30,,,0,100,,6591,30,,,0,100,,6586,30,,,0,100,,6595,30,,,0,100,,6590,30,,,0,100,,6602,30,,,0,100,,6596,30,,,0,100,,6588,30,,,0,103,,6600,30,,,0,100,,6580,30,,,0
1001200,'4bf8087f-7a14-48a7-b190-74a0cc4c73da',824,,6732,37,,,0,100,,6736,37,,,0,100,,6730,37,,,0,103,,6737,37,,,0,100,,6739,37,,,0,100,,6731,37,,,0,110,,6741,37,,,0,100,,6735,37,,,0,110,,6742,37,,,0,100,,6734,37,,,0,107,,6733,37,,,0,100,,6740,37,,,0,100,,6743,37,,,0,100,,6738,37,,,0
1001200,'8d01581c-cf93-4a74-9f42-0fb702955d15',824,,6745,37,,,0,100,,6757,37,,,0,100,,6750,37,,,0,103,,6755,37,,,0,100,,6747,37,,,0,100,,6754,37,,,0,110,,6744,37,,,0,100,,6751,37,,,0,110,,6749,37,,,0,100,,6752,37,,,0,107,,6748,37,,,0,100,,6746,37,,,0,100,,6753,37,,,0,100,,6756,37,,,0
1001200,'9881fb63-ca97-484f-b0ca-1bb7e4ca8571',555,,6788,37,,,0,72,,6776,37,,,0,74,,6785,37,,,0,30,,6769,37,,,0,28,,6781,37,,,0,75,,6762,37,,,0,75,,6783,37,,,0,30,,6770,37,,,0,70,,6789,37,,,0,35,,6780,37,,,0,75,,6764,37,,,0,30,,6778,37,,,0,70,,6784,37,,,0,35,,6761,37,,,0,75,,6782,37,,,0,30,,6786,37,,,0,77,,6767,37,,,0,73,,6773,37,,,0,35,,6768,37,,,0,75,,6777,37,,,0,35,,6787,37,,,0,75,,6771,37,,,0,74,,6775,37,,,0,35,,6766,37,,,0,75,,6760,37,,,0,35,,6779,37,,,0,70,,6772,37,,,0,30,,6763,37,,,0,100,,6774,37,,,0,100,,6758,37,,,0,110,,6765,37,,,0
1001200,'a06a7e47-f820-49a2-88af-ccffc941c6bc',637,,6795,37,,,0,71,,6793,37,,,0,30,,6791,37,,,0,70,,6805,37,,,0,30,,6799,37,,,0,70,,6810,37,,,0,30,,6800,37,,,0,70,,6813,37,,,0,31,,6811,37,,,0,73,,6816,37,,,0,33,,6792,37,,,0,70,,6817,37,,,0,30,,6819,37,,,0,80,,6796,37,,,0,30,,6807,37,,,0,70,,6794,37,,,0,30,,6815,37,,,0,80,,6814,37,,,0,70,,6802,37,,,0,30,,6818,37,,,0,70,,6804,37,,,0,42,,6808,37,,,0,70,,6812,37,,,0,30,,6809,37,,,0,70,,6798,37,,,0,33,,6806,37,,,0,70,,6801,37,,,0,30,,6803,37,,,0,100,,6820,37,,,0,100,,6790,37,,,0,100,,6797,37,,,0
1001200,'af2e8e03-0a42-4469-a2b8-e03c803b7d24',824,,6834,37,,,0,100,,6830,37,,,0,100,,6824,37,,,0,103,,6831,37,,,0,100,,6828,37,,,0,100,,6832,37,,,0,110,,6826,37,,,0,100,,6829,37,,,0,110,,6822,37,,,0,100,,6827,37,,,0,107,,6821,37,,,0,100,,6823,37,,,0,100,,6825,37,,,0,100,,6833,37,,,0
1001200,'f29e6a89-2c24-4546-a5bf-65191f526c55',824,,6848,37,,,0,100,,6842,37,,,0,100,,6840,37,,,0,103,,6841,37,,,0,100,,6844,37,,,0,100,,6837,37,,,0,110,,6839,37,,,0,100,,6838,37,,,0,110,,6847,37,,,0,100,,6836,37,,,0,107,,6843,37,,,0,100,,6845,37,,,0,100,,6835,37,,,0,100,,6846,37,,,0
