10000,'4bf8087f-7a14-48a7-b190-74a0cc4c73da',823,,5700,129,,,0,89,,5717,129,,,0,89,,5702,129,,,0,49,,5705,129,,,0,89,,5715,129,,,0,64,,5712,129,,,0,25,,5710,129,,,0,24,,5699,129,,,0,65,,5698,129,,,0,24,,5697,129,,,0,65,,5707,129,,,0,24,,5709,129,,,0,25,,5723,129,,,0,64,,5720,129,,,0,25,,5716,129,,,0,64,,5721,129,,,0,25,,5713,129,,,0,25,,5704,129,,,0,66,,5722,129,,,0,25,,5719,129,,,0,64,,5724,129,,,0,25,,5718,129,,,0,87,,5703,129,,,0,87,,5714,129,,,0,47,,5708,129,,,0,86,,5711,129,,,0,86,,5706,129,,,0,86,,5701,129,,,0
10000,'8d01581c-cf93-4a74-9f42-0fb702955d15',823,,5728,129,,,0,89,,5745,129,,,0,89,,5747,129,,,0,49,,5730,129,,,0,89,,5729,129,,,0,64,,5731,129,,,0,25,,5742,129,,,0,24,,5735,129,,,0,65,,5748,129,,,0,24,,5727,129,,,0,65,,5738,129,,,0,24,,5751,129,,,0,25,,5736,129,,,0,64,,5741,129,,,0,25,,5750,129,,,0,64,,5733,129,,,0,25,,5752,129,,,0,25,,5737,129,,,0,66,,5734,129,,,0,25,,5725,129,,,0,64,,5743,129,,,0,25,,5749,129,,,0,87,,5739,129,,,0,87,,5746,129,,,0,47,,5732,129,,,0,86,,5740,129,,,0,86,,5726,129,,,0,86,,5744,129,,,0
10000,'9881fb63-ca97-484f-b0ca-1bb7e4ca8571',745,,5772,129,,,0,61,,5767,129,,,0,29,,5758,129,,,0,22,,5763,129,,,0,67,,5756,129,,,0,24,,5769,129,,,0,65,,5773,129,,,0,24,,5780,129,,,0,65,,5757,129,,,0,24,,5779,129,,,0,25,,5771,129,,,0,64,,5781,129,,,0,25,,5785,129,,,0,64,,5788,129,,,0,27,,5765,129,,,0,25,,5783,129,,,0,66,,5776,129,,,0,25,,5764,129,,,0,66,,5790,129,,,0,23,,5777,129,,,0,66,,5762,129,,,0,24,,5760,129,,,0,25,,5784,129,,,0,64,,5774,129,,,0,23,,5766,129,,,0,64,,5775,129,,,0,23,,5789,129,,,0,24,,5753,129,,,0,63,,5782,129,,,0,24,,5787,129,,,0,23,,5778,129,,,0,63,,5770,129,,,0,23,,5759,129,,,0,63,,5786,129,,,0,23,,5768,129,,,0,23,,5755,129,,,0,63,,5754,129,,,0,86,,5761,129,,,0
10000,'a06a7e47-f820-49a2-88af-ccffc941c6bc',821,,5807,129,,,0,24,,5821,129,,,0,65,,5792,129,,,0,24,,5794,129,,,0,25,,5798,129,,,0,64,,5803,129,,,0,25,,5800,129,,,0,64,,5822,129,,,0,25,,5814,129,,,0,64,,5811,129,,,0,25,,5826,129,,,0,24,,5802,129,,,0,65,,5819,129,,,0,24,,5801,129,,,0,65,,5813,129,,,0,24,,5820,129,,,0,25,,5791,129,,,0,64,,5823,129,,,0,25,,5824,129,,,0,65,,5818,129,,,0,26,,5808,129,,,0,25,,5809,129,,,0,66,,5793,129,,,0,25,,5799,129,,,0,64,,5815,129,,,0,25,,5796,129,,,0,62,,5806,129,,,0,25,,5816,129,,,0,22,,5805,129,,,0,65,,5797,129,,,0,21,,5810,129,,,0,25,,5795,129,,,0,61,,5825,129,,,0,25,,5817,129,,,0,62,,5804,129,,,0,46,,5812,129,,,0
10000,'af2e8e03-0a42-4469-a2b8-e03c803b7d24',823,,5833,129,,,0,89,,5838,129,,,0,89,,5847,129,,,0,49,,5834,129,,,0,89,,5846,129,,,0,64,,5830,129,,,0,25,,5848,129,,,0,24,,5841,129,,,0,65,,5843,129,,,0,24,,5850,129,,,0,65,,5840,129,,,0,24,,5845,129,,,0,25,,5842,129,,,0,64,,5827,129,,,0,25,,5837,129,,,0,64,,5854,129,,,0,25,,5852,129,,,0,25,,5836,129,,,0,66,,5831,129,,,0,25,,5839,129,,,0,64,,5849,129,,,0,25,,5828,129,,,0,87,,5851,129,,,0,87,,5829,129,,,0,47,,5835,129,,,0,86,,5853,129,,,0,86,,5844,129,,,0,86,,5832,129,,,0
10000,'f29e6a89-2c24-4546-a5bf-65191f526c55',823,,5881,129,,,0,89,,5872,129,,,0,89,,5878,129,,,0,49,,5858,129,,,0,89,,5862,129,,,0,64,,5868,129,,,0,25,,5875,129,,,0,24,,5882,129,,,0,65,,5876,129,,,0,24,,5865,129,,,0,65,,5879,129,,,0,24,,5866,129,,,0,25,,5871,129,,,0,64,,5855,129,,,0,25,,5869,129,,,0,64,,5870,129,,,0,25,,5863,129,,,0,25,,5880,129,,,0,66,,5859,129,,,0,25,,5874,129,,,0,64,,5877,129,,,0,25,,5860,129,,,0,87,,5856,129,,,0,87,,5864,129,,,0,47,,5873,129,,,0,86,,5867,129,,,0,86,,5857,129,,,0,86,,5861,129,,,0
2000801,'4bf8087f-7a14-48a7-b190-74a0cc4c73da',1004,,7362,101,,,0,101,,7371,101,,,0,100,,7368,101,,,0,100,,7364,101,,,0,100,,7367,101,,,0,100,,7365,101,,,0,100,,7374,101,,,0,98,,7369,101,,,0,100,,7370,101,,,0,100,,7361,101,,,0,98,,7366,101,,,0,100,,7373,101,,,0,100,,7372,101,,,0
2000801,'8d01581c-cf93-4a74-9f42-0fb702955d15',1004,,7376,101,,,0,101,,7384,101,,,0,100,,7377,101,,,0,100,,7381,101,,,0,100,,7387,101,,,0,100,,7382,101,,,0,100,,7388,101,,,0,98,,7383,101,,,0,100,,7385,101,,,0,100,,7386,101,,,0,98,,7375,101,,,0,100,,7378,101,,,0,100,,7379,80,,,0
2000801,'9881fb63-ca97-484f-b0ca-1bb7e4ca8571',604,,7401,101,,,0,30,,7405,101,,,0,70,,7391,69,,,0,30,,7399,101,,,0,70,,7404,101,,,0,30,,7396,101,,,0,70,,7393,101,,,0,30,,7418,101,,,0,71,,7402,101,,,0,30,,7400,101,,,0,70,,7411,101,,,0,30,,7406,101,,,0,70,,7416,101,,,0,30,,7414,101,,,0,70,,7398,101,,,0,30,,7417,101,,,0,70,,7390,69,,,0,31,,7397,101,,,0,70,,7422,101,,,0,30,,7403,101,,,0,70,,7409,101,,,0,31,,7408,101,,,0,71,,7419,101,,,0,27,,7415,101,,,0,70,,7421,101,,,0,30,,7395,80,,,0,71,,7410,101,,,0,98,,7394,101,,,0,100,,7407,101,,,0,100,,7413,101,,,0,100,,7412,101,,,0,100,,7420,80,,,0
2000801,'a06a7e47-f820-49a2-88af-ccffc941c6bc',733,,7423,101,,,0,71,,7431,101,,,0,30,,7428,101,,,0,70,,7433,101,,,0,30,,7435,101,,,0,71,,7440,101,,,0,30,,7424,101,,,0,70,,7432,101,,,0,30,,7444,101,,,0,70,,7451,101,,,0,30,,7452,101,,,0,70,,7447,101,,,0,30,,7453,101,,,0,70,,7426,101,,,0,30,,7448,101,,,0,70,,7450,101,,,0,30,,7438,101,,,0,70,,7430,101,,,0,32,,7434,101,,,0,70,,7429,101,,,0,28,,7436,101,,,0,70,,7441,101,,,0,30,,7442,80,,,0,71,,7437,101,,,0,98,,7443,101,,,0,100,,7427,101,,,0,100,,7445,101,,,0,100,,7449,101,,,0,100,,7439,80,,,0
2000801,'af2e8e03-0a42-4469-a2b8-e03c803b7d24',1004,,7465,101,,,0,101,,7454,101,,,0,100,,7467,101,,,0,100,,7460,101,,,0,100,,7457,101,,,0,100,,7459,101,,,0,100,,7458,101,,,0,98,,7461,101,,,0,100,,7466,101,,,0,100,,7464,101,,,0,98,,7463,101,,,0,100,,7456,101,,,0,100,,7462,80,,,0
2000801,'f29e6a89-2c24-4546-a5bf-65191f526c55',1004,,7477,101,,,0,101,,7473,101,,,0,100,,7478,101,,,0,100,,7476,101,,,0,100,,7481,101,,,0,100,,7468,101,,,0,100,,7469,101,,,0,98,,7479,101,,,0,100,,7480,101,,,0,100,,7471,101,,,0,98,,7475,101,,,0,100,,7470,101,,,0,100,,7474,80,,,0
