1000,'4bf8087f-7a14-48a7-b190-74a0cc4c73da',903,,5449,244,,,0,100,,5446,244,,,0,100,,5455,244,,,0,100,,5453,244,,,0,100,,5451,244,,,0,100,,5457,244,,,0,100,,5456,244,,,0,100,,5445,244,,,0,100,,5448,244,,,0,100,,5444,244,,,0,100,,5452,244,,,0,100,,5447,244,,,0,100,,5454,244,,,0,100,,5450,244,,,0,120,,5458,244,,,0
1000,'8d01581c-cf93-4a74-9f42-0fb702955d15',903,,5470,244,,,0,100,,5466,244,,,0,100,,5465,244,,,0,100,,5459,244,,,0,100,,5460,244,,,0,100,,5463,244,,,0,100,,5464,244,,,0,100,,5468,244,,,0,100,,5461,244,,,0,100,,5471,244,,,0,100,,5469,244,,,0,100,,5473,244,,,0,100,,5462,244,,,0,100,,5472,244,,,0,100,,5467,244,,,0
1000,'9881fb63-ca97-484f-b0ca-1bb7e4ca8571',633,,5500,244,,,0,70,,5481,244,,,0,30,,5506,244,,,0,70,,5485,244,,,0,30,,5479,244,,,0,70,,5490,244,,,0,30,,5474,244,,,0,70,,5505,244,,,0,30,,5483,244,,,0,70,,5491,244,,,0,30,,5496,244,,,0,70,,5477,244,,,0,30,,5501,244,,,0,70,,5480,244,,,0,30,,5494,244,,,0,70,,5507,244,,,0,30,,5497,244,,,0,70,,5495,244,,,0,30,,5502,244,,,0,70,,5476,244,,,0,30,,5482,244,,,0,70,,5503,244,,,0,30,,5487,244,,,0,70,,5504,244,,,0,30,,5475,244,,,0,70,,5498,244,,,0,30,,5493,244,,,0,70,,5499,244,,,0,30,,5492,244,,,0,70,,5484,244,,,0,30,,5489,244,,,0,70,,5488,244,,,0,30,,5508,244,,,0,100,,5478,244,,,0,100,,5486,244,,,0
1000,'a06a7e47-f820-49a2-88af-ccffc941c6bc',803,,5533,244,,,0,30,,5512,244,,,0,70,,5520,244,,,0,30,,5518,244,,,0,70,,5537,244,,,0,30,,5514,244,,,0,70,,5527,244,,,0,30,,5523,244,,,0,70,,5528,244,,,0,30,,5516,244,,,0,70,,5517,244,,,0,30,,5524,244,,,0,70,,5515,244,,,0,30,,5510,244,,,0,70,,5540,244,,,0,30,,5525,244,,,0,70,,5538,244,,,0,30,,5535,244,,,0,70,,5509,244,,,0,30,,5513,244,,,0,70,,5521,244,,,0,30,,5511,244,,,0,70,,5526,244,,,0,30,,5529,244,,,0,70,,5522,244,,,0,30,,5536,244,,,0,70,,5531,244,,,0,30,,5530,244,,,0,70,,5534,244,,,0,30,,5539,244,,,0,100,,5519,244,,,0,100,,5532,244,,,0
1000,'af2e8e03-0a42-4469-a2b8-e03c803b7d24',903,,5546,244,,,0,100,,5552,244,,,0,100,,5554,244,,,0,100,,5547,244,,,0,100,,5544,244,,,0,100,,5550,244,,,0,100,,5553,244,,,0,100,,5543,244,,,0,100,,5545,244,,,0,100,,5549,244,,,0,100,,5548,244,,,0,100,,5542,244,,,0,100,,5551,244,,,0,100,,5541,244,,,0,100,,5555,244,,,0
1000,'f29e6a89-2c24-4546-a5bf-65191f526c55',903,,5569,244,,,0,100,,5557,244,,,0,100,,5570,244,,,0,100,,5561,244,,,0,100,,5562,244,,,0,100,,5564,244,,,0,100,,5563,244,,,0,100,,5567,244,,,0,100,,5568,244,,,0,100,,5559,244,,,0,100,,5560,244,,,0,100,,5565,244,,,0,100,,5558,244,,,0,100,,5556,244,,,0,100,,5566,244,,,0
10000,'4bf8087f-7a14-48a7-b190-74a0cc4c73da',824,,5700,130,,,0,89,,5717,130,,,0,89,,5702,130,,,0,49,,5705,130,,,0,89,,5715,130,,,0,64,,5712,130,,,0,25,,5710,130,,,0,24,,5699,130,,,0,65,,5698,130,,,0,24,,5697,130,,,0,65,,5707,130,,,0,24,,5709,130,,,0,25,,5723,130,,,0,64,,5720,130,,,0,25,,5716,130,,,0,64,,5721,130,,,0,25,,5713,130,,,0,25,,5704,130,,,0,66,,5722,130,,,0,25,,5719,130,,,0,64,,5724,130,,,0,25,,5718,130,,,0,87,,5703,130,,,0,87,,5714,130,,,0,87,,5708,130,,,0,46,,5711,130,,,0,86,,5706,130,,,0,86,,5701,130,,,0
10000,'8d01581c-cf93-4a74-9f42-0fb702955d15',824,,5728,130,,,0,89,,5745,130,,,0,89,,5747,130,,,0,49,,5730,130,,,0,89,,5729,130,,,0,64,,5731,130,,,0,25,,5742,130,,,0,24,,5735,130,,,0,65,,5748,130,,,0,24,,5727,130,,,0,65,,5738,130,,,0,24,,5751,130,,,0,25,,5736,130,,,0,64,,5741,130,,,0,25,,5750,130,,,0,64,,5733,130,,,0,25,,5752,130,,,0,25,,5737,130,,,0,66,,5734,130,,,0,25,,5725,130,,,0,64,,5743,130,,,0,25,,5749,130,,,0,87,,5739,130,,,0,87,,5746,130,,,0,87,,5732,130,,,0,46,,5740,130,,,0,86,,5726,130,,,0,86,,5744,130,,,0
10000,'9881fb63-ca97-484f-b0ca-1bb7e4ca8571',746,,5772,130,,,0,61,,5767,130,,,0,29,,5758,130,,,0,22,,5763,130,,,0,67,,5756,130,,,0,24,,5769,130,,,0,65,,5773,130,,,0,24,,5780,130,,,0,65,,5757,130,,,0,24,,5779,130,,,0,25,,5771,130,,,0,64,,5781,130,,,0,25,,5785,130,,,0,64,,5788,130,,,0,27,,5765,130,,,0,25,,5783,130,,,0,66,,5776,130,,,0,25,,5764,130,,,0,66,,5790,130,,,0,23,,5777,130,,,0,66,,5762,130,,,0,24,,5760,130,,,0,25,,5784,130,,,0,64,,5774,130,,,0,23,,5766,130,,,0,64,,5775,130,,,0,23,,5789,130,,,0,24,,5753,130,,,0,63,,5782,130,,,0,24,,5787,130,,,0,63,,5778,130,,,0,23,,5770,130,,,0,23,,5759,130,,,0,63,,5786,130,,,0,23,,5768,130,,,0,23,,5755,130,,,0,63,,5754,130,,,0,86,,5761,130,,,0
10000,'a06a7e47-f820-49a2-88af-ccffc941c6bc',822,,5807,130,,,0,24,,5821,130,,,0,65,,5792,130,,,0,24,,5794,130,,,0,65,,5798,130,,,0,24,,5803,130,,,0,25,,5800,130,,,0,64,,5822,130,,,0,25,,5814,130,,,0,64,,5811,130,,,0,25,,5826,130,,,0,24,,5802,130,,,0,65,,5819,130,,,0,24,,5801,130,,,0,65,,5813,130,,,0,24,,5820,130,,,0,25,,5791,130,,,0,64,,5823,130,,,0,25,,5824,130,,,0,65,,5818,130,,,0,26,,5808,130,,,0,25,,5809,130,,,0,66,,5793,130,,,0,25,,5799,130,,,0,64,,5815,130,,,0,25,,5796,130,,,0,62,,5806,130,,,0,25,,5816,130,,,0,22,,5805,130,,,0,65,,5797,130,,,0,21,,5810,130,,,0,25,,5795,130,,,0,61,,5825,130,,,0,25,,5817,130,,,0,62,,5804,130,,,0,46,,5812,130,,,0
10000,'af2e8e03-0a42-4469-a2b8-e03c803b7d24',824,,5833,130,,,0,89,,5838,130,,,0,89,,5847,130,,,0,49,,5834,130,,,0,89,,5846,130,,,0,64,,5830,130,,,0,25,,5848,130,,,0,24,,5841,130,,,0,65,,5843,130,,,0,24,,5850,130,,,0,65,,5840,130,,,0,24,,5845,130,,,0,25,,5842,130,,,0,64,,5827,130,,,0,25,,5837,130,,,0,64,,5854,130,,,0,25,,5852,130,,,0,25,,5836,130,,,0,66,,5831,130,,,0,25,,5839,130,,,0,64,,5849,130,,,0,25,,5828,130,,,0,87,,5851,130,,,0,87,,5829,130,,,0,87,,5835,130,,,0,46,,5853,130,,,0,86,,5844,130,,,0,86,,5832,130,,,0
10000,'f29e6a89-2c24-4546-a5bf-65191f526c55',824,,5881,130,,,0,89,,5872,130,,,0,89,,5878,130,,,0,49,,5858,130,,,0,89,,5862,130,,,0,64,,5868,130,,,0,25,,5875,130,,,0,24,,5882,130,,,0,65,,5876,130,,,0,24,,5865,130,,,0,65,,5879,130,,,0,24,,5866,130,,,0,25,,5871,130,,,0,64,,5855,130,,,0,25,,5869,130,,,0,64,,5870,130,,,0,25,,5863,130,,,0,25,,5880,130,,,0,66,,5859,130,,,0,25,,5874,130,,,0,64,,5877,130,,,0,25,,5860,130,,,0,87,,5856,130,,,0,87,,5864,130,,,0,87,,5873,130,,,0,46,,5867,130,,,0,86,,5857,130,,,0,86,,5861,130,,,0
2000801,'4bf8087f-7a14-48a7-b190-74a0cc4c73da',1004,,7362,103,,,0,102,,7371,103,,,0,100,,7368,103,,,0,100,,7364,103,,,0,100,,7367,103,,,0,100,,7365,103,,,0,100,,7374,103,,,0,97,,7369,103,,,0,100,,7370,103,,,0,100,,7361,103,,,0,98,,7366,103,,,0,100,,7373,103,,,0,100,,7372,103,,,0
2000801,'8d01581c-cf93-4a74-9f42-0fb702955d15',1004,,7376,103,,,0,102,,7384,103,,,0,100,,7377,103,,,0,100,,7381,103,,,0,100,,7387,103,,,0,100,,7382,103,,,0,100,,7388,103,,,0,97,,7383,103,,,0,100,,7385,103,,,0,100,,7386,103,,,0,98,,7375,103,,,0,100,,7378,103,,,0,100,,7379,82,,,0
2000801,'9881fb63-ca97-484f-b0ca-1bb7e4ca8571',604,,7401,103,,,0,30,,7405,103,,,0,70,,7391,70,,,0,30,,7399,103,,,0,70,,7404,103,,,0,30,,7396,103,,,0,70,,7393,103,,,0,30,,7418,103,,,0,72,,7402,103,,,0,30,,7400,103,,,0,70,,7411,103,,,0,30,,7406,103,,,0,70,,7416,103,,,0,30,,7414,103,,,0,70,,7398,103,,,0,30,,7417,103,,,0,70,,7390,70,,,0,30,,7397,103,,,0,70,,7422,103,,,0,30,,7403,103,,,0,70,,7409,103,,,0,31,,7408,103,,,0,71,,7419,103,,,0,27,,7415,103,,,0,70,,7421,103,,,0,30,,7395,82,,,0,71,,7410,103,,,0,98,,7394,103,,,0,100,,7407,103,,,0,100,,7413,103,,,0,100,,7412,103,,,0,100,,7420,82,,,0
2000801,'a06a7e47-f820-49a2-88af-ccffc941c6bc',733,,7423,103,,,0,71,,7431,103,,,0,30,,7428,103,,,0,70,,7433,103,,,0,30,,7435,103,,,0,72,,7440,103,,,0,30,,7424,103,,,0,70,,7432,103,,,0,30,,7444,103,,,0,70,,7451,103,,,0,30,,7452,103,,,0,70,,7447,103,,,0,30,,7453,103,,,0,70,,7426,103,,,0,30,,7448,103,,,0,70,,7450,103,,,0,30,,7438,103,,,0,70,,7430,103,,,0,32,,7434,103,,,0,70,,7429,103,,,0,27,,7436,103,,,0,70,,7441,103,,,0,30,,7442,82,,,0,71,,7437,103,,,0,98,,7443,103,,,0,100,,7427,103,,,0,100,,7445,103,,,0,100,,7449,103,,,0,100,,7439,82,,,0
2000801,'af2e8e03-0a42-4469-a2b8-e03c803b7d24',1004,,7465,103,,,0,102,,7454,103,,,0,100,,7467,103,,,0,100,,7460,103,,,0,100,,7457,103,,,0,100,,7459,103,,,0,100,,7458,103,,,0,97,,7461,103,,,0,100,,7466,103,,,0,100,,7464,103,,,0,98,,7463,103,,,0,100,,7456,103,,,0,100,,7462,82,,,0
2000801,'f29e6a89-2c24-4546-a5bf-65191f526c55',1004,,7477,103,,,0,102,,7473,103,,,0,100,,7478,103,,,0,100,,7476,103,,,0,100,,7481,103,,,0,100,,7468,103,,,0,100,,7469,103,,,0,97,,7479,103,,,0,100,,7480,103,,,0,100,,7471,103,,,0,98,,7475,103,,,0,100,,7470,103,,,0,100,,7474,82,,,0
