1000200,'4bf8087f-7a14-48a7-b190-74a0cc4c73da',938,,6164,22,,,0,100,,6155,22,,,0,70,,6161,22,,,0,100,,6163,22,,,0,30,,6172,22,,,0,100,,6154,22,,,0,70,,6160,22,,,0,100,,6158,22,,,0,30,,6171,22,,,0,100,,6167,22,,,0,70,,6156,22,,,0,100,,6165,22,,,0,30,,6168,22,,,0,100,,6166,22,,,0,70,,6169,22,,,0,100,,6162,22,,,0,30,,6159,22,,,0
1000200,'8d01581c-cf93-4a74-9f42-0fb702955d15',938,,6190,22,,,0,100,,6179,22,,,0,70,,6183,22,,,0,100,,6189,22,,,0,30,,6191,22,,,0,100,,6180,22,,,0,70,,6186,22,,,0,100,,6175,22,,,0,30,,6182,22,,,0,100,,6177,22,,,0,70,,6174,22,,,0,100,,6185,22,,,0,30,,6173,22,,,0,100,,6184,22,,,0,70,,6181,22,,,0,100,,6178,22,,,0,30,,6176,22,,,0
1000200,'9881fb63-ca97-484f-b0ca-1bb7e4ca8571',608,,6195,22,,,0,30,,6217,22,,,0,70,,6193,22,,,0,30,,6215,22,,,0,70,,6208,22,,,0,30,,6210,22,,,0,70,,6222,22,,,0,30,,6203,22,,,0,70,,6192,22,,,0,30,,6214,22,,,0,70,,6194,22,,,0,30,,6216,22,,,0,70,,6202,22,,,0,30,,6209,22,,,0,70,,6224,22,,,0,30,,6223,22,,,0,70,,6213,22,,,0,30,,6206,22,,,0,70,,6211,22,,,0,30,,6204,22,,,0,70,,6218,22,,,0,30,,6201,22,,,0,70,,6205,22,,,0,30,,6196,22,,,0,70,,6219,22,,,0,30,,6207,22,,,0,70,,6199,22,,,0,100,,6198,22,,,0,30,,6197,22,,,0,100,,6212,22,,,0,70,,6200,22,,,0,100,,6221,22,,,0
1000200,'a06a7e47-f820-49a2-88af-ccffc941c6bc',708,,6241,22,,,0,30,,6253,22,,,0,70,,6249,22,,,0,30,,6232,22,,,0,70,,6239,22,,,0,30,,6228,22,,,0,70,,6251,22,,,0,30,,6231,22,,,0,70,,6229,22,,,0,30,,6252,22,,,0,70,,6235,22,,,0,30,,6238,22,,,0,70,,6234,22,,,0,30,,6250,22,,,0,70,,6254,22,,,0,30,,6257,22,,,0,70,,6240,22,,,0,30,,6255,22,,,0,70,,6227,22,,,0,30,,6242,22,,,0,70,,6236,22,,,0,30,,6237,22,,,0,70,,6245,22,,,0,30,,6226,22,,,0,70,,6244,22,,,0,100,,6256,22,,,0,30,,6243,22,,,0,100,,6233,22,,,0,70,,6246,22,,,0,100,,6230,22,,,0
1000200,'af2e8e03-0a42-4469-a2b8-e03c803b7d24',938,,6275,22,,,0,100,,6276,22,,,0,70,,6264,22,,,0,100,,6273,22,,,0,30,,6269,22,,,0,100,,6263,22,,,0,70,,6262,22,,,0,100,,6271,22,,,0,30,,6265,22,,,0,100,,6259,22,,,0,70,,6272,22,,,0,100,,6270,22,,,0,30,,6261,22,,,0,100,,6268,22,,,0,70,,6267,22,,,0,100,,6260,22,,,0,30,,6266,22,,,0
1000200,'f29e6a89-2c24-4546-a5bf-65191f526c55',938,,6295,22,,,0,100,,6290,22,,,0,70,,6292,22,,,0,100,,6279,22,,,0,30,,6284,22,,,0,100,,6288,22,,,0,70,,6293,22,,,0,100,,6281,22,,,0,30,,6283,22,,,0,100,,6289,22,,,0,70,,6280,22,,,0,100,,6278,22,,,0,30,,6286,22,,,0,100,,6282,22,,,0,70,,6285,22,,,0,100,,6294,22,,,0,30,,6291,22,,,0
1000800,'4bf8087f-7a14-48a7-b190-74a0cc4c73da',838,,6420,11,,,0,100,,6419,63,,,0,98,,6433,63,,,0,100,,6434,63,,,0,100,,6427,63,,,0,100,,6422,63,,,0,100,,6421,63,,,0,100,,6431,63,,,0,100,,6430,63,,,0,100,,6443,63,,,0,100,,6424,63,,,0,100,,6446,63,,,0,102,,6429,63,,,0,100,,6442,63,,,0
1000800,'8d01581c-cf93-4a74-9f42-0fb702955d15',838,,6456,11,,,0,100,,6460,63,,,0,98,,6452,63,,,0,100,,6451,63,,,0,100,,6453,63,,,0,100,,6449,63,,,0,100,,6467,63,,,0,100,,6466,63,,,0,100,,6462,63,,,0,100,,6447,63,,,0,100,,6458,63,,,0,100,,6450,63,,,0,102,,6461,63,,,0,100,,6469,63,,,0
1000800,'9881fb63-ca97-484f-b0ca-1bb7e4ca8571',438,,6490,10,,,0,69,,6493,10,,,0,31,,6481,113,,,0,70,,6483,113,,,0,30,,6487,113,,,0,70,,6499,113,,,0,27,,6495,72,,,0,73,,6479,113,,,0,30,,6511,113,,,0,70,,6502,113,,,0,30,,6477,113,,,0,70,,6506,113,,,0,28,,6476,113,,,0,70,,6505,113,,,0,30,,6494,113,,,0,70,,6507,113,,,0,30,,6496,113,,,0,70,,6503,113,,,0,30,,6500,113,,,0,70,,6501,113,,,0,30,,6497,72,,,0,70,,6508,113,,,0,30,,6513,113,,,0,70,,6485,113,,,0,30,,6489,113,,,0,70,,6510,113,,,0,30,,6492,113,,,0,70,,6484,113,,,0,30,,6475,63,,,0,70,,6509,113,,,0,30,,6491,63,,,0,102,,6498,63,,,0,100,,6504,63,,,0,100,,6486,63,,,0,100,,6480,63,,,0
1000800,'a06a7e47-f820-49a2-88af-ccffc941c6bc',708,,6535,10,,,0,30,,6541,113,,,0,70,,6537,113,,,0,30,,6543,113,,,0,70,,6546,113,,,0,30,,6519,113,,,0,70,,6529,113,,,0,28,,6538,113,,,0,70,,6531,113,,,0,30,,6522,113,,,0,70,,6526,113,,,0,30,,6515,113,,,0,70,,6518,113,,,0,30,,6547,113,,,0,70,,6532,113,,,0,30,,6530,113,,,0,70,,6550,113,,,0,30,,6516,113,,,0,70,,6540,113,,,0,30,,6523,113,,,0,70,,6517,113,,,0,30,,6542,113,,,0,70,,6527,113,,,0,30,,6514,63,,,0,70,,6548,113,,,0,30,,6528,63,,,0,102,,6521,63,,,0,100,,6525,63,,,0,100,,6536,63,,,0,100,,6533,63,,,0
1000800,'af2e8e03-0a42-4469-a2b8-e03c803b7d24',838,,6577,11,,,0,100,,6559,63,,,0,98,,6574,63,,,0,100,,6562,63,,,0,100,,6573,63,,,0,100,,6563,63,,,0,100,,6576,63,,,0,100,,6565,63,,,0,100,,6561,63,,,0,100,,6551,63,,,0,100,,6570,63,,,0,100,,6560,63,,,0,102,,6552,63,,,0,100,,6568,63,,,0
1000800,'f29e6a89-2c24-4546-a5bf-65191f526c55',838,,6594,11,,,0,100,,6593,63,,,0,98,,6585,63,,,0,100,,6598,63,,,0,100,,6581,63,,,0,100,,6591,63,,,0,100,,6586,63,,,0,100,,6595,63,,,0,100,,6590,63,,,0,100,,6602,63,,,0,100,,6596,63,,,0,100,,6588,63,,,0,102,,6600,63,,,0,100,,6580,63,,,0
