10100,'4bf8087f-7a14-48a7-b190-74a0cc4c73da',752,,5896,140,,,0,85,,5890,140,,,0,85,,5884,140,,,0,85,,5892,140,,,0,45,,5888,140,,,0,85,,5899,140,,,0,22,,5900,140,,,0,63,,5898,140,,,0,27,,5909,140,,,0,63,,5901,140,,,0,28,,5891,140,,,0,65,,5886,140,,,0,26,,5904,140,,,0,25,,5906,140,,,0,66,,5907,140,,,0,25,,5902,140,,,0,66,,5887,140,,,0,25,,5885,140,,,0,64,,5908,140,,,0,24,,5910,140,,,0,24,,5903,140,,,0,64,,5894,140,,,0,90,,5883,140,,,0,48,,5895,140,,,0,86,,5893,140,,,0,86,,5897,140,,,0,86,,5889,140,,,0,93,,5905,140,,,0
10100,'8d01581c-cf93-4a74-9f42-0fb702955d15',752,,5911,140,,,0,85,,5915,140,,,0,85,,5929,140,,,0,85,,5927,140,,,0,45,,5917,140,,,0,85,,5931,140,,,0,22,,5913,140,,,0,63,,5923,140,,,0,27,,5924,140,,,0,63,,5936,140,,,0,28,,5919,140,,,0,65,,5932,140,,,0,26,,5918,140,,,0,25,,5912,140,,,0,66,,5937,140,,,0,25,,5934,140,,,0,66,,5920,140,,,0,25,,5938,140,,,0,64,,5933,140,,,0,24,,5914,140,,,0,24,,5922,140,,,0,64,,5926,140,,,0,90,,5916,140,,,0,48,,5928,140,,,0,86,,5921,140,,,0,86,,5930,140,,,0,86,,5925,140,,,0,46,,5935,140,,,0
10100,'9881fb63-ca97-484f-b0ca-1bb7e4ca8571',737,,5949,140,,,0,22,,5952,140,,,0,63,,5945,140,,,0,22,,5960,140,,,0,63,,5958,140,,,0,22,,5940,140,,,0,23,,5950,140,,,0,62,,5966,140,,,0,23,,5947,140,,,0,22,,5954,140,,,0,68,,5959,140,,,0,24,,5963,140,,,0,66,,5975,140,,,0,25,,5972,140,,,0,66,,5968,140,,,0,25,,5967,140,,,0,26,,5943,140,,,0,67,,5969,140,,,0,27,,5962,140,,,0,66,,5942,140,,,0,26,,5964,140,,,0,66,,5971,140,,,0,26,,5956,140,,,0,63,,5941,140,,,0,26,,5944,140,,,0,24,,5974,140,,,0,64,,5951,140,,,0,24,,5957,140,,,0,64,,5970,140,,,0,24,,5953,140,,,0,24,,5961,140,,,0,64,,5939,140,,,0,24,,5973,140,,,0,62,,5948,140,,,0,24,,5965,140,,,0,24,,5946,140,,,0,85,,5955,140,,,0
10100,'a06a7e47-f820-49a2-88af-ccffc941c6bc',747,,5981,140,,,0,85,,5982,140,,,0,22,,5993,140,,,0,63,,5998,140,,,0,22,,6010,140,,,0,63,,6003,140,,,0,22,,5992,140,,,0,23,,6004,140,,,0,62,,5995,140,,,0,23,,5984,140,,,0,22,,5989,140,,,0,63,,6011,140,,,0,22,,5994,140,,,0,63,,6008,140,,,0,27,,6005,140,,,0,25,,5985,140,,,0,65,,5978,140,,,0,26,,5983,140,,,0,67,,5977,140,,,0,26,,5987,140,,,0,65,,5986,140,,,0,26,,5997,140,,,0,25,,6002,140,,,0,66,,5999,140,,,0,25,,5996,140,,,0,66,,5991,140,,,0,25,,5979,140,,,0,66,,6007,140,,,0,23,,5988,140,,,0,26,,6000,140,,,0,64,,6006,140,,,0,24,,5990,140,,,0,62,,5980,140,,,0,24,,6009,140,,,0,23,,6001,140,,,0,90,,5976,140,,,0
10100,'af2e8e03-0a42-4469-a2b8-e03c803b7d24',752,,6039,140,,,0,85,,6033,140,,,0,85,,6034,140,,,0,85,,6035,140,,,0,45,,6028,140,,,0,85,,6019,140,,,0,22,,6030,140,,,0,63,,6024,140,,,0,27,,6025,140,,,0,63,,6026,140,,,0,28,,6020,140,,,0,65,,6031,140,,,0,26,,6014,140,,,0,25,,6023,140,,,0,66,,6015,140,,,0,25,,6021,140,,,0,66,,6022,140,,,0,25,,6017,140,,,0,64,,6027,140,,,0,24,,6018,140,,,0,24,,6032,140,,,0,64,,6037,140,,,0,90,,6038,140,,,0,48,,6029,140,,,0,86,,6016,140,,,0,86,,6013,140,,,0,86,,6012,140,,,0,46,,6036,140,,,0
10100,'f29e6a89-2c24-4546-a5bf-65191f526c55',752,,6042,140,,,0,85,,6058,140,,,0,85,,6041,140,,,0,85,,6045,140,,,0,45,,6046,140,,,0,85,,6053,140,,,0,22,,6060,140,,,0,63,,6063,140,,,0,27,,6066,140,,,0,63,,6064,140,,,0,28,,6048,140,,,0,65,,6047,140,,,0,26,,6057,140,,,0,25,,6056,140,,,0,66,,6059,140,,,0,25,,6044,140,,,0,66,,6054,140,,,0,25,,6055,140,,,0,64,,6040,140,,,0,24,,6050,140,,,0,24,,6049,140,,,0,64,,6052,140,,,0,90,,6065,140,,,0,48,,6061,140,,,0,86,,6051,140,,,0,86,,6043,140,,,0,86,,6067,140,,,0,46,,6062,140,,,0
2001200,'4bf8087f-7a14-48a7-b190-74a0cc4c73da',808,,7495,11,,,0,100,,7492,11,,,0,100,,7483,11,,,0,100,,7485,11,,,0,103,,7482,11,,,0,107,,7484,11,,,0,100,,7486,11,,,0,110,,7491,11,,,0,100,,7490,11,,,0,110,,7487,11,,,0,100,,7488,11,,,0,101,,7493,11,,,0,100,,7494,11,,,0,102,,7489,11,,,0
2001200,'8d01581c-cf93-4a74-9f42-0fb702955d15',808,,7497,11,,,0,100,,7503,11,,,0,100,,7502,11,,,0,100,,7498,11,,,0,103,,7506,11,,,0,107,,7509,11,,,0,100,,7501,11,,,0,110,,7504,11,,,0,100,,7500,11,,,0,110,,7508,11,,,0,100,,7505,11,,,0,101,,7496,11,,,0,100,,7507,11,,,0,102,,7499,11,,,0
2001200,'9881fb63-ca97-484f-b0ca-1bb7e4ca8571',514,,7530,11,,,0,35,,7528,11,,,0,60,,7527,11,,,0,29,,7538,11,,,0,72,,7517,11,,,0,34,,7518,11,,,0,73,,7534,11,,,0,30,,7521,11,,,0,75,,7512,11,,,0,35,,7525,11,,,0,70,,7520,11,,,0,30,,7511,11,,,0,75,,7523,11,,,0,76,,7513,11,,,0,30,,7524,11,,,0,70,,7529,11,,,0,35,,7540,11,,,0,75,,7522,11,,,0,35,,7514,11,,,0,75,,7536,11,,,0,75,,7537,11,,,0,35,,7510,11,,,0,75,,7535,11,,,0,35,,7531,11,,,0,75,,7542,11,,,0,26,,7532,11,,,0,75,,7516,11,,,0,35,,7519,11,,,0,75,,7526,11,,,0,70,,7539,11,,,0,30,,7515,11,,,0,100,,7533,11,,,0,100,,7541,11,,,0
2001200,'a06a7e47-f820-49a2-88af-ccffc941c6bc',621,,7548,11,,,0,30,,7565,11,,,0,70,,7552,11,,,0,31,,7559,11,,,0,70,,7561,11,,,0,30,,7554,11,,,0,70,,7553,11,,,0,30,,7545,11,,,0,73,,7574,11,,,0,30,,7571,11,,,0,70,,7564,11,,,0,82,,7543,11,,,0,30,,7557,11,,,0,70,,7544,11,,,0,30,,7566,11,,,0,79,,7550,11,,,0,30,,7569,11,,,0,70,,7546,11,,,0,30,,7570,11,,,0,80,,7567,11,,,0,30,,7558,11,,,0,70,,7573,11,,,0,30,,7555,11,,,0,81,,7547,11,,,0,70,,7562,11,,,0,30,,7560,11,,,0,70,,7568,11,,,0,30,,7556,11,,,0,70,,7563,11,,,0,30,,7572,11,,,0,100,,7549,11,,,0,100,,7551,11,,,0
2001200,'af2e8e03-0a42-4469-a2b8-e03c803b7d24',808,,7576,11,,,0,100,,7586,11,,,0,100,,7588,11,,,0,100,,7575,11,,,0,103,,7584,11,,,0,107,,7578,11,,,0,100,,7587,11,,,0,110,,7582,11,,,0,100,,7579,11,,,0,110,,7581,11,,,0,100,,7583,11,,,0,101,,7577,11,,,0,100,,7585,11,,,0,102,,7580,11,,,0
2001200,'f29e6a89-2c24-4546-a5bf-65191f526c55',808,,7592,11,,,0,100,,7598,11,,,0,100,,7602,11,,,0,100,,7601,11,,,0,103,,7593,11,,,0,107,,7596,11,,,0,100,,7597,11,,,0,110,,7600,11,,,0,100,,7591,11,,,0,110,,7595,11,,,0,100,,7594,11,,,0,101,,7599,11,,,0,100,,7590,11,,,0,102,,7589,11,,,0
