1001200,'4bf8087f-7a14-48a7-b190-74a0cc4c73da',832,,6732,70,,,0,100,,6736,70,,,0,100,,6730,70,,,0,103,,6737,70,,,0,102,,6739,70,,,0,100,,6731,70,,,0,110,,6741,70,,,0,100,,6735,70,,,0,110,,6742,70,,,0,100,,6734,70,,,0,147,,6733,70,,,0,100,,6740,70,,,0,100,,6743,70,,,0,100,,6738,70,,,0
1001200,'8d01581c-cf93-4a74-9f42-0fb702955d15',832,,6745,70,,,0,100,,6757,70,,,0,100,,6750,70,,,0,103,,6755,70,,,0,102,,6747,70,,,0,100,,6754,70,,,0,110,,6744,70,,,0,100,,6751,70,,,0,110,,6749,70,,,0,100,,6752,70,,,0,147,,6748,70,,,0,100,,6746,70,,,0,100,,6753,70,,,0,100,,6756,70,,,0
1001200,'9881fb63-ca97-484f-b0ca-1bb7e4ca8571',604,,6788,70,,,0,32,,6776,70,,,0,74,,6785,70,,,0,29,,6769,70,,,0,70,,6781,70,,,0,35,,6762,70,,,0,75,,6783,70,,,0,30,,6770,70,,,0,70,,6789,70,,,0,35,,6780,70,,,0,75,,6764,70,,,0,30,,6778,70,,,0,70,,6784,70,,,0,75,,6761,70,,,0,35,,6782,70,,,0,71,,6786,70,,,0,35,,6767,70,,,0,75,,6773,70,,,0,35,,6768,70,,,0,75,,6777,70,,,0,75,,6787,70,,,0,35,,6771,70,,,0,72,,6775,70,,,0,35,,6766,70,,,0,75,,6760,70,,,0,35,,6779,70,,,0,70,,6772,70,,,0,30,,6763,70,,,0,100,,6774,70,,,0,100,,6758,70,,,0,149,,6765,70,,,0
1001200,'a06a7e47-f820-49a2-88af-ccffc941c6bc',647,,6795,70,,,0,69,,6793,70,,,0,30,,6791,70,,,0,70,,6805,70,,,0,30,,6799,70,,,0,70,,6810,70,,,0,33,,6800,70,,,0,70,,6813,70,,,0,30,,6811,70,,,0,76,,6816,70,,,0,30,,6792,70,,,0,70,,6817,70,,,0,30,,6819,70,,,0,80,,6796,70,,,0,70,,6807,70,,,0,30,,6794,70,,,0,70,,6815,70,,,0,40,,6814,70,,,0,70,,6802,70,,,0,30,,6818,70,,,0,70,,6804,70,,,0,42,,6808,70,,,0,70,,6812,70,,,0,30,,6809,70,,,0,70,,6798,70,,,0,73,,6806,70,,,0,30,,6801,70,,,0,70,,6803,70,,,0,100,,6820,70,,,0,100,,6790,70,,,0,100,,6797,70,,,0
1001200,'af2e8e03-0a42-4469-a2b8-e03c803b7d24',832,,6834,70,,,0,100,,6830,70,,,0,100,,6824,70,,,0,103,,6831,70,,,0,102,,6828,70,,,0,100,,6832,70,,,0,110,,6826,70,,,0,100,,6829,70,,,0,110,,6822,70,,,0,100,,6827,70,,,0,147,,6821,70,,,0,100,,6823,70,,,0,100,,6825,70,,,0,100,,6833,70,,,0
1001200,'f29e6a89-2c24-4546-a5bf-65191f526c55',832,,6848,70,,,0,100,,6842,70,,,0,100,,6840,70,,,0,103,,6841,70,,,0,102,,6844,70,,,0,100,,6837,70,,,0,110,,6839,70,,,0,100,,6838,70,,,0,110,,6847,70,,,0,100,,6836,70,,,0,147,,6843,70,,,0,100,,6845,70,,,0,100,,6835,70,,,0,100,,6846,70,,,0
2000801,'4bf8087f-7a14-48a7-b190-74a0cc4c73da',1000,,7363,148,,,0,100,,7362,268,,,0,100,,7371,268,,,0,100,,7368,268,,,0,100,,7364,268,,,0,100,,7367,268,,,0,100,,7365,268,,,0,100,,7374,268,,,0,55,,7369,268,,,0,100,,7370,268,,,0,100,,7361,268,,,0,99,,7366,268,,,0,100,,7373,268,,,0
2000801,'8d01581c-cf93-4a74-9f42-0fb702955d15',1000,,7380,148,,,0,100,,7376,268,,,0,100,,7384,268,,,0,100,,7377,268,,,0,100,,7381,268,,,0,100,,7387,268,,,0,100,,7382,268,,,0,100,,7388,268,,,0,55,,7383,268,,,0,100,,7385,268,,,0,100,,7386,268,,,0,99,,7375,268,,,0,100,,7378,268,,,0
2000801,'9881fb63-ca97-484f-b0ca-1bb7e4ca8571',535,,7389,148,,,0,100,,7392,148,,,0,21,,7401,268,,,0,70,,7405,268,,,0,30,,7391,223,,,0,70,,7399,268,,,0,32,,7404,268,,,0,70,,7396,268,,,0,29,,7393,268,,,0,70,,7418,268,,,0,31,,7402,268,,,0,72,,7400,268,,,0,70,,7411,268,,,0,30,,7406,268,,,0,71,,7416,268,,,0,30,,7414,268,,,0,70,,7398,268,,,0,28,,7417,268,,,0,30,,7390,223,,,0,73,,7397,268,,,0,72,,7422,268,,,0,30,,7403,268,,,0,70,,7409,268,,,0,31,,7408,268,,,0,71,,7419,268,,,0,26,,7415,268,,,0,68,,7421,268,,,0,101,,7410,268,,,0,100,,7394,268,,,0,55,,7407,268,,,0,100,,7413,268,,,0,100,,7412,268,,,0
2000801,'a06a7e47-f820-49a2-88af-ccffc941c6bc',726,,7425,148,,,0,30,,7446,148,,,0,70,,7423,268,,,0,32,,7431,268,,,0,70,,7428,268,,,0,29,,7433,268,,,0,70,,7435,268,,,0,73,,7440,268,,,0,30,,7424,268,,,0,70,,7432,268,,,0,30,,7444,268,,,0,71,,7451,268,,,0,30,,7452,268,,,0,70,,7447,268,,,0,30,,7453,268,,,0,70,,7426,268,,,0,30,,7448,268,,,0,70,,7450,268,,,0,30,,7438,268,,,0,70,,7430,268,,,0,32,,7434,268,,,0,71,,7429,268,,,0,28,,7436,268,,,0,68,,7441,268,,,0,101,,7437,268,,,0,100,,7443,268,,,0,55,,7427,268,,,0,100,,7445,268,,,0,100,,7449,268,,,0
2000801,'af2e8e03-0a42-4469-a2b8-e03c803b7d24',1000,,7455,148,,,0,100,,7465,268,,,0,100,,7454,268,,,0,100,,7467,268,,,0,100,,7460,268,,,0,100,,7457,268,,,0,100,,7459,268,,,0,100,,7458,268,,,0,55,,7461,268,,,0,100,,7466,268,,,0,100,,7464,268,,,0,99,,7463,268,,,0,100,,7456,268,,,0
2000801,'f29e6a89-2c24-4546-a5bf-65191f526c55',1000,,7472,148,,,0,100,,7477,268,,,0,100,,7473,268,,,0,100,,7478,268,,,0,100,,7476,268,,,0,100,,7481,268,,,0,100,,7468,268,,,0,100,,7469,268,,,0,55,,7479,268,,,0,100,,7480,268,,,0,100,,7471,268,,,0,99,,7475,268,,,0,100,,7470,268,,,0
