1000,'4bf8087f-7a14-48a7-b190-74a0cc4c73da',842,,5449,165,,,0,98,,5446,165,,,0,100,,5455,165,,,0,100,,5453,165,,,0,100,,5451,165,,,0,100,,5457,165,,,0,100,,5456,165,,,0,100,,5445,165,,,0,100,,5448,165,,,0,101,,5444,165,,,0,100,,5452,165,,,0,100,,5447,165,,,0,100,,5454,165,,,0,100,,5450,165,,,0,160,,5458,165,,,0
1000,'8d01581c-cf93-4a74-9f42-0fb702955d15',842,,5470,165,,,0,98,,5466,165,,,0,100,,5465,165,,,0,100,,5459,165,,,0,100,,5460,165,,,0,100,,5463,165,,,0,100,,5464,165,,,0,100,,5468,165,,,0,100,,5461,165,,,0,101,,5471,165,,,0,100,,5469,165,,,0,100,,5473,165,,,0,100,,5462,165,,,0,100,,5472,165,,,0,100,,5467,165,,,0
1000,'9881fb63-ca97-484f-b0ca-1bb7e4ca8571',612,,5500,165,,,0,30,,5481,165,,,0,70,,5506,165,,,0,30,,5485,165,,,0,68,,5479,165,,,0,30,,5490,165,,,0,70,,5474,165,,,0,30,,5505,165,,,0,70,,5483,165,,,0,30,,5491,165,,,0,70,,5496,165,,,0,30,,5477,165,,,0,70,,5501,165,,,0,30,,5480,165,,,0,70,,5494,165,,,0,30,,5507,165,,,0,70,,5497,165,,,0,30,,5495,165,,,0,70,,5502,165,,,0,30,,5476,165,,,0,70,,5482,165,,,0,30,,5503,165,,,0,71,,5487,165,,,0,30,,5504,165,,,0,70,,5475,165,,,0,30,,5498,165,,,0,70,,5493,165,,,0,30,,5499,165,,,0,70,,5492,165,,,0,30,,5484,165,,,0,70,,5489,165,,,0,30,,5488,165,,,0,70,,5508,165,,,0,100,,5478,165,,,0,100,,5486,165,,,0
1000,'a06a7e47-f820-49a2-88af-ccffc941c6bc',742,,5533,165,,,0,68,,5512,165,,,0,30,,5520,165,,,0,70,,5518,165,,,0,30,,5537,165,,,0,70,,5514,165,,,0,30,,5527,165,,,0,70,,5523,165,,,0,30,,5528,165,,,0,70,,5516,165,,,0,30,,5517,165,,,0,70,,5524,165,,,0,30,,5515,165,,,0,70,,5510,165,,,0,30,,5540,165,,,0,70,,5525,165,,,0,30,,5538,165,,,0,70,,5535,165,,,0,30,,5509,165,,,0,71,,5513,165,,,0,30,,5521,165,,,0,70,,5511,165,,,0,30,,5526,165,,,0,70,,5529,165,,,0,30,,5522,165,,,0,70,,5536,165,,,0,30,,5531,165,,,0,70,,5530,165,,,0,30,,5534,165,,,0,70,,5539,165,,,0,100,,5519,165,,,0,100,,5532,165,,,0
1000,'af2e8e03-0a42-4469-a2b8-e03c803b7d24',842,,5546,165,,,0,98,,5552,165,,,0,100,,5554,165,,,0,100,,5547,165,,,0,100,,5544,165,,,0,100,,5550,165,,,0,100,,5553,165,,,0,100,,5543,165,,,0,100,,5545,165,,,0,101,,5549,165,,,0,100,,5548,165,,,0,100,,5542,165,,,0,100,,5551,165,,,0,100,,5541,165,,,0,100,,5555,165,,,0
1000,'f29e6a89-2c24-4546-a5bf-65191f526c55',842,,5569,165,,,0,98,,5557,165,,,0,100,,5570,165,,,0,100,,5561,165,,,0,100,,5562,165,,,0,100,,5564,165,,,0,100,,5563,165,,,0,100,,5567,165,,,0,100,,5568,165,,,0,101,,5559,165,,,0,100,,5560,165,,,0,100,,5565,165,,,0,100,,5558,165,,,0,100,,5556,165,,,0,100,,5566,165,,,0
10000,'4bf8087f-7a14-48a7-b190-74a0cc4c73da',756,,5700,32,,,0,89,,5717,32,,,0,89,,5702,32,,,0,89,,5705,32,,,0,89,,5715,32,,,0,24,,5712,32,,,0,65,,5710,32,,,0,24,,5699,32,,,0,25,,5698,32,,,0,64,,5697,32,,,0,25,,5707,32,,,0,64,,5709,32,,,0,25,,5723,32,,,0,24,,5720,32,,,0,65,,5716,32,,,0,24,,5721,32,,,0,65,,5713,32,,,0,25,,5704,32,,,0,26,,5722,32,,,0,65,,5719,32,,,0,25,,5724,32,,,0,65,,5718,32,,,0,47,,5703,32,,,0,87,,5714,32,,,0,87,,5708,32,,,0,87,,5711,32,,,0,86,,5706,32,,,0,46,,5701,32,,,0
10000,'8d01581c-cf93-4a74-9f42-0fb702955d15',756,,5728,32,,,0,89,,5745,32,,,0,89,,5747,32,,,0,89,,5730,32,,,0,89,,5729,32,,,0,24,,5731,32,,,0,65,,5742,32,,,0,24,,5735,32,,,0,25,,5748,32,,,0,64,,5727,32,,,0,25,,5738,32,,,0,64,,5751,32,,,0,25,,5736,32,,,0,24,,5741,32,,,0,65,,5750,32,,,0,24,,5733,32,,,0,65,,5752,32,,,0,25,,5737,32,,,0,26,,5734,32,,,0,65,,5725,32,,,0,25,,5743,32,,,0,65,,5749,32,,,0,47,,5739,32,,,0,87,,5746,32,,,0,87,,5732,32,,,0,87,,5740,32,,,0,86,,5726,32,,,0,46,,5744,32,,,0
10000,'9881fb63-ca97-484f-b0ca-1bb7e4ca8571',720,,5772,32,,,0,19,,5767,32,,,0,69,,5758,32,,,0,22,,5763,32,,,0,27,,5756,32,,,0,64,,5769,32,,,0,25,,5773,32,,,0,64,,5780,32,,,0,25,,5757,32,,,0,24,,5779,32,,,0,65,,5771,32,,,0,24,,5781,32,,,0,65,,5785,32,,,0,24,,5788,32,,,0,66,,5765,32,,,0,25,,5783,32,,,0,26,,5776,32,,,0,65,,5764,32,,,0,26,,5790,32,,,0,64,,5777,32,,,0,26,,5762,32,,,0,24,,5760,32,,,0,65,,5784,32,,,0,24,,5774,32,,,0,64,,5766,32,,,0,24,,5775,32,,,0,23,,5789,32,,,0,64,,5753,32,,,0,23,,5782,32,,,0,64,,5787,32,,,0,23,,5778,32,,,0,24,,5770,32,,,0,63,,5759,32,,,0,23,,5786,32,,,0,63,,5768,32,,,0,23,,5755,32,,,0,23,,5754,32,,,0,86,,5761,32,,,0
10000,'a06a7e47-f820-49a2-88af-ccffc941c6bc',754,,5807,32,,,0,64,,5821,32,,,0,25,,5792,32,,,0,64,,5794,32,,,0,25,,5798,32,,,0,24,,5803,32,,,0,65,,5800,32,,,0,24,,5822,32,,,0,65,,5814,32,,,0,24,,5811,32,,,0,25,,5826,32,,,0,64,,5802,32,,,0,25,,5819,32,,,0,64,,5801,32,,,0,25,,5813,32,,,0,64,,5820,32,,,0,25,,5791,32,,,0,24,,5823,32,,,0,65,,5824,32,,,0,25,,5818,32,,,0,66,,5808,32,,,0,25,,5809,32,,,0,26,,5793,32,,,0,65,,5799,32,,,0,25,,5815,32,,,0,65,,5796,32,,,0,22,,5806,32,,,0,25,,5816,32,,,0,62,,5805,32,,,0,25,,5797,32,,,0,62,,5810,32,,,0,25,,5795,32,,,0,21,,5825,32,,,0,65,,5817,32,,,0,22,,5804,32,,,0,86,,5812,32,,,0
10000,'af2e8e03-0a42-4469-a2b8-e03c803b7d24',756,,5833,32,,,0,89,,5838,32,,,0,89,,5847,32,,,0,89,,5834,32,,,0,89,,5846,32,,,0,24,,5830,32,,,0,65,,5848,32,,,0,24,,5841,32,,,0,25,,5843,32,,,0,64,,5850,32,,,0,25,,5840,32,,,0,64,,5845,32,,,0,25,,5842,32,,,0,24,,5827,32,,,0,65,,5837,32,,,0,24,,5854,32,,,0,65,,5852,32,,,0,25,,5836,32,,,0,26,,5831,32,,,0,65,,5839,32,,,0,25,,5849,32,,,0,65,,5828,32,,,0,47,,5851,32,,,0,87,,5829,32,,,0,87,,5835,32,,,0,87,,5853,32,,,0,86,,5844,32,,,0,46,,5832,32,,,0
10000,'f29e6a89-2c24-4546-a5bf-65191f526c55',756,,5881,32,,,0,89,,5872,32,,,0,89,,5878,32,,,0,89,,5858,32,,,0,89,,5862,32,,,0,24,,5868,32,,,0,65,,5875,32,,,0,24,,5882,32,,,0,25,,5876,32,,,0,64,,5865,32,,,0,25,,5879,32,,,0,64,,5866,32,,,0,25,,5871,32,,,0,24,,5855,32,,,0,65,,5869,32,,,0,24,,5870,32,,,0,65,,5863,32,,,0,25,,5880,32,,,0,26,,5859,32,,,0,65,,5874,32,,,0,25,,5877,32,,,0,65,,5860,32,,,0,47,,5856,32,,,0,87,,5864,32,,,0,87,,5873,32,,,0,87,,5867,32,,,0,86,,5857,32,,,0,46,,5861,32,,,0
