2000700,'4bf8087f-7a14-48a7-b190-74a0cc4c73da',945,,7070,50,,,0,100,,7076,50,,,0,100,,7067,50,,,0,100,,7074,50,,,0,100,,7075,50,,,0,100,,7078,50,,,0,100,,7073,50,,,0,100,,7069,50,,,0,100,,7068,50,,,0,102,,7065,50,,,0,100,,7066,50,,,0,100,,7077,50,,,0,97,,7071,50,,,0
2000700,'8d01581c-cf93-4a74-9f42-0fb702955d15',945,,7084,50,,,0,100,,7081,50,,,0,100,,7079,50,,,0,100,,7091,50,,,0,100,,7087,50,,,0,100,,7086,50,,,0,100,,7085,50,,,0,100,,7080,50,,,0,100,,7090,50,,,0,102,,7088,50,,,0,100,,7083,50,,,0,100,,7089,50,,,0
2000700,'9881fb63-ca97-484f-b0ca-1bb7e4ca8571',546,,7098,50,,,0,70,,7102,50,,,0,30,,7118,50,,,0,70,,7097,50,,,0,30,,7092,50,,,0,68,,7094,50,,,0,32,,7100,50,,,0,68,,7124,50,,,0,31,,7115,50,,,0,70,,7108,50,,,0,30,,7106,50,,,0,70,,7113,50,,,0,30,,7111,50,,,0,70,,7093,50,,,0,30,,7120,50,,,0,70,,7109,50,,,0,30,,7104,50,,,0,70,,7123,50,,,0,31,,7095,50,,,0,70,,7119,50,,,0,30,,7114,50,,,0,70,,7110,50,,,0,30,,7103,50,,,0,70,,7105,50,,,0,28,,7096,50,,,0,70,,7112,50,,,0,32,,7107,50,,,0,70,,7101,50,,,0,32,,7122,50,,,0,98,,7099,50,,,0,99,,7121,50,,,0,96,,7117,50,,,0
2000700,'a06a7e47-f820-49a2-88af-ccffc941c6bc',646,,7133,50,,,0,70,,7153,50,,,0,30,,7142,50,,,0,70,,7125,50,,,0,30,,7126,50,,,0,70,,7137,50,,,0,29,,7136,50,,,0,70,,7150,50,,,0,30,,7130,50,,,0,70,,7152,50,,,0,30,,7127,50,,,0,70,,7143,50,,,0,30,,7135,50,,,0,70,,7144,50,,,0,30,,7146,50,,,0,70,,7138,50,,,0,30,,7147,50,,,0,70,,7141,50,,,0,30,,7145,50,,,0,70,,7151,50,,,0,30,,7154,50,,,0,70,,7134,50,,,0,30,,7149,50,,,0,70,,7140,50,,,0,32,,7155,50,,,0,70,,7139,50,,,0,30,,7132,50,,,0,100,,7148,50,,,0,97,,7128,50,,,0,100,,7129,50,,,0
2000700,'af2e8e03-0a42-4469-a2b8-e03c803b7d24',945,,7166,50,,,0,100,,7160,50,,,0,100,,7161,50,,,0,100,,7157,50,,,0,100,,7167,50,,,0,100,,7158,50,,,0,100,,7165,50,,,0,100,,7164,50,,,0,100,,7159,50,,,0,102,,7163,50,,,0,100,,7156,50,,,0,100,,7162,50,,,0
2000700,'f29e6a89-2c24-4546-a5bf-65191f526c55',945,,7178,50,,,0,100,,7179,50,,,0,100,,7173,50,,,0,100,,7177,50,,,0,100,,7171,50,,,0,100,,7180,50,,,0,100,,7172,50,,,0,100,,7181,50,,,0,100,,7169,50,,,0,102,,7174,50,,,0,100,,7170,50,,,0,100,,7176,50,,,0
2001200,'4bf8087f-7a14-48a7-b190-74a0cc4c73da',821,,7495,40,,,0,100,,7492,40,,,0,100,,7483,40,,,0,100,,7485,40,,,0,103,,7482,40,,,0,109,,7484,40,,,0,100,,7486,40,,,0,110,,7491,40,,,0,100,,7490,40,,,0,110,,7487,40,,,0,100,,7488,40,,,0,100,,7493,40,,,0,100,,7494,40,,,0,102,,7489,40,,,0
2001200,'8d01581c-cf93-4a74-9f42-0fb702955d15',821,,7497,40,,,0,100,,7503,40,,,0,100,,7502,40,,,0,100,,7498,40,,,0,103,,7506,40,,,0,109,,7509,40,,,0,100,,7501,40,,,0,110,,7504,40,,,0,100,,7500,40,,,0,110,,7508,40,,,0,100,,7505,40,,,0,100,,7496,40,,,0,100,,7507,40,,,0,102,,7499,40,,,0
2001200,'9881fb63-ca97-484f-b0ca-1bb7e4ca8571',527,,7530,40,,,0,75,,7528,40,,,0,23,,7527,40,,,0,28,,7538,40,,,0,73,,7517,40,,,0,74,,7518,40,,,0,33,,7534,40,,,0,70,,7521,40,,,0,35,,7512,40,,,0,75,,7525,40,,,0,30,,7520,40,,,0,70,,7511,40,,,0,35,,7523,40,,,0,74,,7513,40,,,0,30,,7524,40,,,0,70,,7529,40,,,0,35,,7540,40,,,0,75,,7522,40,,,0,79,,7514,40,,,0,35,,7536,40,,,0,75,,7537,40,,,0,35,,7510,40,,,0,75,,7535,40,,,0,75,,7531,40,,,0,35,,7542,40,,,0,63,,7532,40,,,0,35,,7516,40,,,0,75,,7519,40,,,0,35,,7526,40,,,0,70,,7539,40,,,0,30,,7515,40,,,0,100,,7533,40,,,0,100,,7541,40,,,0
2001200,'a06a7e47-f820-49a2-88af-ccffc941c6bc',637,,7548,40,,,0,70,,7565,40,,,0,30,,7552,40,,,0,68,,7559,40,,,0,30,,7561,40,,,0,70,,7554,40,,,0,30,,7553,40,,,0,70,,7545,40,,,0,33,,7574,40,,,0,70,,7571,40,,,0,30,,7564,40,,,0,84,,7543,40,,,0,30,,7557,40,,,0,70,,7544,40,,,0,30,,7566,40,,,0,79,,7550,40,,,0,70,,7569,40,,,0,30,,7546,40,,,0,70,,7570,40,,,0,40,,7567,40,,,0,70,,7558,40,,,0,30,,7573,40,,,0,70,,7555,40,,,0,40,,7547,40,,,0,70,,7562,40,,,0,30,,7560,40,,,0,70,,7568,40,,,0,30,,7556,40,,,0,70,,7563,40,,,0,30,,7572,40,,,0,100,,7549,40,,,0,100,,7551,40,,,0
2001200,'af2e8e03-0a42-4469-a2b8-e03c803b7d24',821,,7576,40,,,0,100,,7586,40,,,0,100,,7588,40,,,0,100,,7575,40,,,0,103,,7584,40,,,0,109,,7578,40,,,0,100,,7587,40,,,0,110,,7582,40,,,0,100,,7579,40,,,0,110,,7581,40,,,0,100,,7583,40,,,0,100,,7577,40,,,0,100,,7585,40,,,0,102,,7580,40,,,0
2001200,'f29e6a89-2c24-4546-a5bf-65191f526c55',821,,7592,40,,,0,100,,7598,40,,,0,100,,7602,40,,,0,100,,7601,40,,,0,103,,7593,40,,,0,109,,7596,40,,,0,100,,7597,40,,,0,110,,7600,40,,,0,100,,7591,40,,,0,110,,7595,40,,,0,100,,7594,40,,,0,100,,7599,40,,,0,100,,7590,40,,,0,102,,7589,40,,,0
