10000,'4bf8087f-7a14-48a7-b190-74a0cc4c73da',745,,5700,4,,,0,89,,5717,4,,,0,89,,5702,4,,,0,89,,5705,4,,,0,89,,5715,4,,,0,24,,5712,4,,,0,25,,5710,4,,,0,64,,5699,4,,,0,25,,5698,4,,,0,64,,5697,4,,,0,25,,5707,4,,,0,24,,5709,4,,,0,65,,5723,4,,,0,24,,5720,4,,,0,65,,5716,4,,,0,24,,5721,4,,,0,25,,5713,4,,,0,65,,5704,4,,,0,26,,5722,4,,,0,65,,5719,4,,,0,26,,5724,4,,,0,65,,5718,4,,,0,47,,5703,4,,,0,87,,5714,4,,,0,87,,5708,4,,,0,87,,5711,4,,,0,46,,5706,4,,,0,86,,5701,4,,,0
10000,'8d01581c-cf93-4a74-9f42-0fb702955d15',745,,5728,4,,,0,89,,5745,4,,,0,89,,5747,4,,,0,89,,5730,4,,,0,89,,5729,4,,,0,24,,5731,4,,,0,25,,5742,4,,,0,64,,5735,4,,,0,25,,5748,4,,,0,64,,5727,4,,,0,25,,5738,4,,,0,24,,5751,4,,,0,65,,5736,4,,,0,24,,5741,4,,,0,65,,5750,4,,,0,24,,5733,4,,,0,25,,5752,4,,,0,65,,5737,4,,,0,26,,5734,4,,,0,65,,5725,4,,,0,26,,5743,4,,,0,65,,5749,4,,,0,47,,5739,4,,,0,87,,5746,4,,,0,87,,5732,4,,,0,87,,5740,4,,,0,46,,5726,4,,,0,86,,5744,4,,,0
10000,'9881fb63-ca97-484f-b0ca-1bb7e4ca8571',709,,5772,4,,,0,19,,5767,4,,,0,29,,5758,4,,,0,62,,5763,4,,,0,27,,5756,4,,,0,64,,5769,4,,,0,25,,5773,4,,,0,24,,5780,4,,,0,65,,5757,4,,,0,24,,5779,4,,,0,65,,5771,4,,,0,24,,5781,4,,,0,65,,5785,4,,,0,24,,5788,4,,,0,25,,5765,4,,,0,65,,5783,4,,,0,26,,5776,4,,,0,65,,5764,4,,,0,26,,5790,4,,,0,25,,5777,4,,,0,66,,5762,4,,,0,24,,5760,4,,,0,65,,5784,4,,,0,24,,5774,4,,,0,65,,5766,4,,,0,24,,5775,4,,,0,23,,5789,4,,,0,64,,5753,4,,,0,23,,5782,4,,,0,64,,5787,4,,,0,23,,5778,4,,,0,24,,5770,4,,,0,63,,5759,4,,,0,23,,5786,4,,,0,23,,5768,4,,,0,63,,5755,4,,,0,23,,5754,4,,,0,86,,5761,4,,,0
10000,'a06a7e47-f820-49a2-88af-ccffc941c6bc',743,,5807,4,,,0,64,,5821,4,,,0,25,,5792,4,,,0,24,,5794,4,,,0,65,,5798,4,,,0,24,,5803,4,,,0,65,,5800,4,,,0,24,,5822,4,,,0,25,,5814,4,,,0,64,,5811,4,,,0,25,,5826,4,,,0,64,,5802,4,,,0,25,,5819,4,,,0,64,,5801,4,,,0,25,,5813,4,,,0,24,,5820,4,,,0,65,,5791,4,,,0,24,,5823,4,,,0,65,,5824,4,,,0,25,,5818,4,,,0,26,,5808,4,,,0,65,,5809,4,,,0,26,,5793,4,,,0,65,,5799,4,,,0,26,,5815,4,,,0,65,,5796,4,,,0,22,,5806,4,,,0,25,,5816,4,,,0,62,,5805,4,,,0,25,,5797,4,,,0,22,,5810,4,,,0,65,,5795,4,,,0,21,,5825,4,,,0,65,,5817,4,,,0,22,,5804,4,,,0,86,,5812,4,,,0
10000,'af2e8e03-0a42-4469-a2b8-e03c803b7d24',745,,5833,4,,,0,89,,5838,4,,,0,89,,5847,4,,,0,89,,5834,4,,,0,89,,5846,4,,,0,24,,5830,4,,,0,25,,5848,4,,,0,64,,5841,4,,,0,25,,5843,4,,,0,64,,5850,4,,,0,25,,5840,4,,,0,24,,5845,4,,,0,65,,5842,4,,,0,24,,5827,4,,,0,65,,5837,4,,,0,24,,5854,4,,,0,25,,5852,4,,,0,65,,5836,4,,,0,26,,5831,4,,,0,65,,5839,4,,,0,26,,5849,4,,,0,65,,5828,4,,,0,47,,5851,4,,,0,87,,5829,4,,,0,87,,5835,4,,,0,87,,5853,4,,,0,46,,5844,4,,,0,86,,5832,4,,,0
10000,'f29e6a89-2c24-4546-a5bf-65191f526c55',745,,5881,4,,,0,89,,5872,4,,,0,89,,5878,4,,,0,89,,5858,4,,,0,89,,5862,4,,,0,24,,5868,4,,,0,25,,5875,4,,,0,64,,5882,4,,,0,25,,5876,4,,,0,64,,5865,4,,,0,25,,5879,4,,,0,24,,5866,4,,,0,65,,5871,4,,,0,24,,5855,4,,,0,65,,5869,4,,,0,24,,5870,4,,,0,25,,5863,4,,,0,65,,5880,4,,,0,26,,5859,4,,,0,65,,5874,4,,,0,26,,5877,4,,,0,65,,5860,4,,,0,47,,5856,4,,,0,87,,5864,4,,,0,87,,5873,4,,,0,87,,5867,4,,,0,46,,5857,4,,,0,86,,5861,4,,,0
1000700,'4bf8087f-7a14-48a7-b190-74a0cc4c73da',1018,,6309,177,,,0,100,,6306,177,,,0,100,,6300,177,,,0,100,,6298,177,,,0,100,,6305,177,,,0,100,,6307,177,,,0,100,,6299,177,,,0,100,,6302,177,,,0,100,,6297,177,,,0,100,,6303,177,,,0,100,,6301,177,,,0,99,,6304,177,,,0,122,,6296,177,,,0
1000700,'8d01581c-cf93-4a74-9f42-0fb702955d15',1018,,6323,177,,,0,100,,6320,177,,,0,100,,6312,177,,,0,100,,6315,177,,,0,100,,6313,177,,,0,100,,6318,177,,,0,100,,6311,177,,,0,100,,6316,177,,,0,100,,6319,177,,,0,100,,6321,177,,,0,100,,6314,177,,,0,99,,6310,177,,,0
1000700,'9881fb63-ca97-484f-b0ca-1bb7e4ca8571',620,,6324,177,,,0,30,,6335,177,,,0,68,,6339,177,,,0,23,,6353,177,,,0,77,,6328,177,,,0,23,,6346,177,,,0,77,,6347,177,,,0,30,,6344,177,,,0,70,,6336,177,,,0,30,,6352,177,,,0,70,,6349,177,,,0,30,,6354,177,,,0,70,,6356,177,,,0,30,,6357,177,,,0,70,,6340,177,,,0,30,,6331,177,,,0,68,,6338,177,,,0,30,,6329,177,,,0,70,,6333,177,,,0,30,,6343,177,,,0,70,,6337,177,,,0,30,,6341,177,,,0,69,,6345,177,,,0,30,,6326,177,,,0,72,,6350,177,,,0,30,,6330,177,,,0,72,,6351,177,,,0,98,,6348,177,,,0,101,,6325,177,,,0,98,,6332,177,,,0,102,,6355,177,,,0,96,,6334,129,,,0
1000700,'a06a7e47-f820-49a2-88af-ccffc941c6bc',718,,6366,177,,,0,30,,6385,177,,,0,70,,6383,177,,,0,30,,6361,177,,,0,70,,6358,177,,,0,30,,6386,177,,,0,70,,6378,177,,,0,30,,6359,177,,,0,70,,6364,177,,,0,30,,6360,177,,,0,70,,6370,177,,,0,30,,6382,177,,,0,70,,6389,177,,,0,30,,6368,177,,,0,70,,6380,177,,,0,30,,6384,177,,,0,70,,6381,177,,,0,30,,6377,177,,,0,70,,6374,177,,,0,30,,6367,177,,,0,70,,6363,177,,,0,30,,6387,177,,,0,70,,6379,177,,,0,30,,6372,177,,,0,70,,6362,177,,,0,100,,6388,177,,,0,99,,6365,177,,,0,100,,6371,177,,,0,100,,6376,177,,,0
1000700,'af2e8e03-0a42-4469-a2b8-e03c803b7d24',1018,,6392,177,,,0,100,,6390,177,,,0,100,,6396,177,,,0,100,,6399,177,,,0,100,,6391,177,,,0,100,,6401,177,,,0,100,,6395,177,,,0,100,,6400,177,,,0,100,,6397,177,,,0,100,,6394,177,,,0,100,,6403,177,,,0,99,,6393,177,,,0
1000700,'f29e6a89-2c24-4546-a5bf-65191f526c55',1018,,6409,177,,,0,100,,6411,177,,,0,100,,6413,177,,,0,100,,6406,177,,,0,100,,6407,177,,,0,100,,6415,177,,,0,100,,6414,177,,,0,100,,6410,177,,,0,100,,6416,177,,,0,100,,6408,177,,,0,100,,6404,177,,,0,99,,6412,177,,,0
1001200,'4bf8087f-7a14-48a7-b190-74a0cc4c73da',853,,6732,125,,,0,100,,6736,125,,,0,100,,6730,125,,,0,103,,6737,125,,,0,144,,6739,125,,,0,100,,6731,125,,,0,110,,6741,125,,,0,100,,6735,125,,,0,110,,6742,125,,,0,100,,6734,125,,,0,103,,6733,125,,,0,100,,6740,125,,,0,102,,6743,125,,,0,115,,6738,125,,,0
1001200,'8d01581c-cf93-4a74-9f42-0fb702955d15',853,,6745,125,,,0,100,,6757,125,,,0,100,,6750,125,,,0,103,,6755,125,,,0,144,,6747,125,,,0,100,,6754,125,,,0,110,,6744,125,,,0,100,,6751,125,,,0,110,,6749,125,,,0,100,,6752,125,,,0,103,,6748,125,,,0,100,,6746,125,,,0,102,,6753,125,,,0,100,,6756,125,,,0
1001200,'9881fb63-ca97-484f-b0ca-1bb7e4ca8571',556,,6759,8,,,0,67,,6788,125,,,0,32,,6776,125,,,0,74,,6785,125,,,0,72,,6769,125,,,0,30,,6781,125,,,0,75,,6762,125,,,0,35,,6783,125,,,0,70,,6770,125,,,0,30,,6789,125,,,0,75,,6780,125,,,0,35,,6764,125,,,0,70,,6778,125,,,0,30,,6784,125,,,0,75,,6761,125,,,0,75,,6782,125,,,0,35,,6786,125,,,0,75,,6767,125,,,0,35,,6773,125,,,0,75,,6768,125,,,0,35,,6777,125,,,0,75,,6787,125,,,0,75,,6771,125,,,0,28,,6775,125,,,0,75,,6766,125,,,0,35,,6760,125,,,0,75,,6779,125,,,0,30,,6772,125,,,0,70,,6763,125,,,0,100,,6774,125,,,0,100,,6758,125,,,0,105,,6765,125,,,0
1001200,'a06a7e47-f820-49a2-88af-ccffc941c6bc',707,,6795,125,,,0,30,,6793,125,,,0,70,,6791,125,,,0,30,,6805,125,,,0,70,,6799,125,,,0,30,,6810,125,,,0,73,,6800,125,,,0,30,,6813,125,,,0,70,,6811,125,,,0,38,,6816,125,,,0,70,,6792,125,,,0,30,,6817,125,,,0,70,,6819,125,,,0,40,,6796,125,,,0,70,,6807,125,,,0,30,,6794,125,,,0,70,,6815,125,,,0,80,,6814,125,,,0,30,,6802,125,,,0,70,,6818,125,,,0,30,,6804,125,,,0,80,,6808,125,,,0,30,,6812,125,,,0,70,,6809,125,,,0,30,,6798,125,,,0,73,,6806,125,,,0,30,,6801,125,,,0,70,,6803,125,,,0,100,,6820,125,,,0,100,,6790,125,,,0,100,,6797,125,,,0
1001200,'af2e8e03-0a42-4469-a2b8-e03c803b7d24',853,,6834,125,,,0,100,,6830,125,,,0,100,,6824,125,,,0,103,,6831,125,,,0,144,,6828,125,,,0,100,,6832,125,,,0,110,,6826,125,,,0,100,,6829,125,,,0,110,,6822,125,,,0,100,,6827,125,,,0,103,,6821,125,,,0,100,,6823,125,,,0,102,,6825,125,,,0,100,,6833,125,,,0
1001200,'f29e6a89-2c24-4546-a5bf-65191f526c55',853,,6848,125,,,0,100,,6842,125,,,0,100,,6840,125,,,0,103,,6841,125,,,0,144,,6844,125,,,0,100,,6837,125,,,0,110,,6839,125,,,0,100,,6838,125,,,0,110,,6847,125,,,0,100,,6836,125,,,0,103,,6843,125,,,0,100,,6845,125,,,0,102,,6835,125,,,0,100,,6846,125,,,0
