1000800,'4bf8087f-7a14-48a7-b190-74a0cc4c73da',905,,6420,85,,,0,100,,6419,133,,,0,100,,6433,133,,,0,100,,6434,133,,,0,100,,6427,133,,,0,100,,6422,133,,,0,100,,6421,133,,,0,100,,6431,133,,,0,100,,6430,133,,,0,100,,6443,133,,,0,100,,6424,133,,,0,100,,6446,133,,,0,100,,6429,133,,,0,100,,6442,133,,,0
1000800,'8d01581c-cf93-4a74-9f42-0fb702955d15',905,,6456,85,,,0,100,,6460,133,,,0,100,,6452,133,,,0,100,,6451,133,,,0,100,,6453,133,,,0,100,,6449,133,,,0,100,,6467,133,,,0,100,,6466,133,,,0,100,,6462,133,,,0,100,,6447,133,,,0,100,,6458,133,,,0,100,,6450,133,,,0,100,,6461,133,,,0,100,,6469,133,,,0
1000800,'9881fb63-ca97-484f-b0ca-1bb7e4ca8571',505,,6490,81,,,0,30,,6493,81,,,0,70,,6481,225,,,0,30,,6483,225,,,0,70,,6487,225,,,0,30,,6499,225,,,0,70,,6495,185,,,0,30,,6479,225,,,0,70,,6511,225,,,0,30,,6502,225,,,0,70,,6477,225,,,0,30,,6506,225,,,0,70,,6476,225,,,0,30,,6505,225,,,0,70,,6494,225,,,0,30,,6507,225,,,0,70,,6496,225,,,0,30,,6503,225,,,0,70,,6500,225,,,0,30,,6501,225,,,0,70,,6497,185,,,0,30,,6508,225,,,0,70,,6513,225,,,0,30,,6485,225,,,0,70,,6489,225,,,0,30,,6510,225,,,0,70,,6492,225,,,0,30,,6484,225,,,0,70,,6475,135,,,0,30,,6509,225,,,0,70,,6491,133,,,0,100,,6498,133,,,0,100,,6504,133,,,0,100,,6486,133,,,0,100,,6480,133,,,0
1000800,'a06a7e47-f820-49a2-88af-ccffc941c6bc',735,,6535,81,,,0,70,,6541,225,,,0,30,,6537,225,,,0,70,,6543,225,,,0,30,,6546,225,,,0,70,,6519,225,,,0,30,,6529,225,,,0,70,,6538,225,,,0,30,,6531,225,,,0,70,,6522,225,,,0,30,,6526,225,,,0,70,,6515,225,,,0,30,,6518,225,,,0,70,,6547,225,,,0,30,,6532,225,,,0,70,,6530,225,,,0,30,,6550,225,,,0,70,,6516,225,,,0,30,,6540,225,,,0,70,,6523,225,,,0,30,,6517,225,,,0,70,,6542,225,,,0,30,,6527,225,,,0,70,,6514,135,,,0,30,,6548,225,,,0,70,,6528,133,,,0,100,,6521,133,,,0,100,,6525,133,,,0,100,,6536,133,,,0,100,,6533,133,,,0
1000800,'af2e8e03-0a42-4469-a2b8-e03c803b7d24',905,,6577,85,,,0,100,,6559,133,,,0,100,,6574,133,,,0,100,,6562,133,,,0,100,,6573,133,,,0,100,,6563,133,,,0,100,,6576,133,,,0,100,,6565,133,,,0,100,,6561,133,,,0,100,,6551,133,,,0,100,,6570,133,,,0,100,,6560,133,,,0,100,,6552,133,,,0,100,,6568,133,,,0
1000800,'f29e6a89-2c24-4546-a5bf-65191f526c55',905,,6594,85,,,0,100,,6593,133,,,0,100,,6585,133,,,0,100,,6598,133,,,0,100,,6581,133,,,0,100,,6591,133,,,0,100,,6586,133,,,0,100,,6595,133,,,0,100,,6590,133,,,0,100,,6602,133,,,0,100,,6596,133,,,0,100,,6588,133,,,0,100,,6600,133,,,0,100,,6580,133,,,0
1001200,'4bf8087f-7a14-48a7-b190-74a0cc4c73da',843,,6732,90,,,0,100,,6736,90,,,0,100,,6730,90,,,0,103,,6737,90,,,0,102,,6739,90,,,0,100,,6731,90,,,0,110,,6741,90,,,0,100,,6735,90,,,0,150,,6742,90,,,0,100,,6734,90,,,0,106,,6733,90,,,0,100,,6740,90,,,0,100,,6743,90,,,0,100,,6738,90,,,0
1001200,'8d01581c-cf93-4a74-9f42-0fb702955d15',843,,6745,90,,,0,100,,6757,90,,,0,100,,6750,90,,,0,103,,6755,90,,,0,102,,6747,90,,,0,100,,6754,90,,,0,110,,6744,90,,,0,100,,6751,90,,,0,150,,6749,90,,,0,100,,6752,90,,,0,106,,6748,90,,,0,100,,6746,90,,,0,100,,6753,90,,,0,100,,6756,90,,,0
1001200,'9881fb63-ca97-484f-b0ca-1bb7e4ca8571',614,,6788,90,,,0,32,,6776,90,,,0,74,,6785,90,,,0,30,,6769,90,,,0,70,,6781,90,,,0,35,,6762,90,,,0,75,,6783,90,,,0,70,,6770,90,,,0,30,,6789,90,,,0,75,,6780,90,,,0,35,,6764,90,,,0,70,,6778,90,,,0,30,,6784,90,,,0,75,,6761,90,,,0,35,,6782,90,,,0,72,,6786,90,,,0,35,,6767,90,,,0,75,,6773,90,,,0,75,,6768,90,,,0,35,,6777,90,,,0,75,,6787,90,,,0,35,,6771,90,,,0,70,,6775,90,,,0,35,,6766,90,,,0,75,,6760,90,,,0,75,,6779,90,,,0,30,,6772,90,,,0,70,,6763,90,,,0,100,,6774,90,,,0,100,,6758,90,,,0,109,,6765,90,,,0
1001200,'a06a7e47-f820-49a2-88af-ccffc941c6bc',656,,6795,90,,,0,71,,6793,90,,,0,30,,6791,90,,,0,70,,6805,90,,,0,30,,6799,90,,,0,70,,6810,90,,,0,73,,6800,90,,,0,30,,6813,90,,,0,70,,6811,90,,,0,36,,6816,90,,,0,70,,6792,90,,,0,30,,6817,90,,,0,70,,6819,90,,,0,40,,6796,90,,,0,70,,6807,90,,,0,30,,6794,90,,,0,70,,6815,90,,,0,40,,6814,90,,,0,70,,6802,90,,,0,30,,6818,90,,,0,70,,6804,90,,,0,81,,6808,90,,,0,30,,6812,90,,,0,70,,6809,90,,,0,30,,6798,90,,,0,73,,6806,90,,,0,30,,6801,90,,,0,70,,6803,90,,,0,100,,6820,90,,,0,100,,6790,90,,,0,100,,6797,90,,,0
1001200,'af2e8e03-0a42-4469-a2b8-e03c803b7d24',843,,6834,90,,,0,100,,6830,90,,,0,100,,6824,90,,,0,103,,6831,90,,,0,102,,6828,90,,,0,100,,6832,90,,,0,110,,6826,90,,,0,100,,6829,90,,,0,150,,6822,90,,,0,100,,6827,90,,,0,106,,6821,90,,,0,100,,6823,90,,,0,100,,6825,90,,,0,100,,6833,90,,,0
1001200,'f29e6a89-2c24-4546-a5bf-65191f526c55',843,,6848,90,,,0,100,,6842,90,,,0,100,,6840,90,,,0,103,,6841,90,,,0,102,,6844,90,,,0,100,,6837,90,,,0,110,,6839,90,,,0,100,,6838,90,,,0,150,,6847,90,,,0,100,,6836,90,,,0,106,,6843,90,,,0,100,,6845,90,,,0,100,,6835,90,,,0,100,,6846,90,,,0
