1000,'4bf8087f-7a14-48a7-b190-74a0cc4c73da',904,,5449,249,,,0,100,,5446,249,,,0,100,,5455,249,,,0,100,,5453,249,,,0,101,,5451,249,,,0,100,,5457,249,,,0,100,,5456,249,,,0,100,,5445,249,,,0,100,,5448,249,,,0,99,,5444,249,,,0,100,,5452,249,,,0,100,,5447,249,,,0,100,,5454,249,,,0,100,,5450,249,,,0,120,,5458,249,,,0
1000,'8d01581c-cf93-4a74-9f42-0fb702955d15',904,,5470,249,,,0,100,,5466,249,,,0,100,,5465,249,,,0,100,,5459,249,,,0,101,,5460,249,,,0,100,,5463,249,,,0,100,,5464,249,,,0,100,,5468,249,,,0,100,,5461,249,,,0,99,,5471,249,,,0,100,,5469,249,,,0,100,,5473,249,,,0,100,,5462,249,,,0,100,,5472,249,,,0,100,,5467,249,,,0
1000,'9881fb63-ca97-484f-b0ca-1bb7e4ca8571',634,,5500,249,,,0,70,,5481,249,,,0,30,,5506,249,,,0,70,,5485,249,,,0,30,,5479,249,,,0,70,,5490,249,,,0,30,,5474,249,,,0,70,,5505,249,,,0,30,,5483,249,,,0,70,,5491,249,,,0,30,,5496,249,,,0,71,,5477,249,,,0,30,,5501,249,,,0,70,,5480,249,,,0,30,,5494,249,,,0,70,,5507,249,,,0,30,,5497,249,,,0,70,,5495,249,,,0,30,,5502,249,,,0,70,,5476,249,,,0,30,,5482,249,,,0,70,,5503,249,,,0,29,,5487,249,,,0,70,,5504,249,,,0,30,,5475,249,,,0,70,,5498,249,,,0,30,,5493,249,,,0,70,,5499,249,,,0,30,,5492,249,,,0,70,,5484,249,,,0,30,,5489,249,,,0,70,,5488,249,,,0,30,,5508,249,,,0,100,,5478,249,,,0,100,,5486,249,,,0
1000,'a06a7e47-f820-49a2-88af-ccffc941c6bc',804,,5533,249,,,0,30,,5512,249,,,0,70,,5520,249,,,0,30,,5518,249,,,0,70,,5537,249,,,0,30,,5514,249,,,0,70,,5527,249,,,0,30,,5523,249,,,0,71,,5528,249,,,0,30,,5516,249,,,0,70,,5517,249,,,0,30,,5524,249,,,0,70,,5515,249,,,0,30,,5510,249,,,0,70,,5540,249,,,0,30,,5525,249,,,0,70,,5538,249,,,0,30,,5535,249,,,0,70,,5509,249,,,0,29,,5513,249,,,0,70,,5521,249,,,0,30,,5511,249,,,0,70,,5526,249,,,0,30,,5529,249,,,0,70,,5522,249,,,0,30,,5536,249,,,0,70,,5531,249,,,0,30,,5530,249,,,0,70,,5534,249,,,0,30,,5539,249,,,0,100,,5519,249,,,0,100,,5532,249,,,0
1000,'af2e8e03-0a42-4469-a2b8-e03c803b7d24',904,,5546,249,,,0,100,,5552,249,,,0,100,,5554,249,,,0,100,,5547,249,,,0,101,,5544,249,,,0,100,,5550,249,,,0,100,,5553,249,,,0,100,,5543,249,,,0,100,,5545,249,,,0,99,,5549,249,,,0,100,,5548,249,,,0,100,,5542,249,,,0,100,,5551,249,,,0,100,,5541,249,,,0,100,,5555,249,,,0
1000,'f29e6a89-2c24-4546-a5bf-65191f526c55',904,,5569,249,,,0,100,,5557,249,,,0,100,,5570,249,,,0,100,,5561,249,,,0,101,,5562,249,,,0,100,,5564,249,,,0,100,,5563,249,,,0,100,,5567,249,,,0,100,,5568,249,,,0,99,,5559,249,,,0,100,,5560,249,,,0,100,,5565,249,,,0,100,,5558,249,,,0,100,,5556,249,,,0,100,,5566,249,,,0
10000,'4bf8087f-7a14-48a7-b190-74a0cc4c73da',825,,5700,133,,,0,89,,5717,133,,,0,89,,5702,133,,,0,49,,5705,133,,,0,89,,5715,133,,,0,64,,5712,133,,,0,25,,5710,133,,,0,24,,5699,133,,,0,65,,5698,133,,,0,24,,5697,133,,,0,65,,5707,133,,,0,24,,5709,133,,,0,25,,5723,133,,,0,64,,5720,133,,,0,25,,5716,133,,,0,64,,5721,133,,,0,25,,5713,133,,,0,65,,5704,133,,,0,26,,5722,133,,,0,25,,5719,133,,,0,64,,5724,133,,,0,25,,5718,133,,,0,87,,5703,133,,,0,87,,5714,133,,,0,87,,5708,133,,,0,46,,5711,133,,,0,86,,5706,133,,,0,86,,5701,133,,,0
10000,'8d01581c-cf93-4a74-9f42-0fb702955d15',825,,5728,133,,,0,89,,5745,133,,,0,89,,5747,133,,,0,49,,5730,133,,,0,89,,5729,133,,,0,64,,5731,133,,,0,25,,5742,133,,,0,24,,5735,133,,,0,65,,5748,133,,,0,24,,5727,133,,,0,65,,5738,133,,,0,24,,5751,133,,,0,25,,5736,133,,,0,64,,5741,133,,,0,25,,5750,133,,,0,64,,5733,133,,,0,25,,5752,133,,,0,65,,5737,133,,,0,26,,5734,133,,,0,25,,5725,133,,,0,64,,5743,133,,,0,25,,5749,133,,,0,87,,5739,133,,,0,87,,5746,133,,,0,87,,5732,133,,,0,46,,5740,133,,,0,86,,5726,133,,,0,86,,5744,133,,,0
10000,'9881fb63-ca97-484f-b0ca-1bb7e4ca8571',747,,5772,133,,,0,61,,5767,133,,,0,29,,5758,133,,,0,22,,5763,133,,,0,67,,5756,133,,,0,24,,5769,133,,,0,65,,5773,133,,,0,24,,5780,133,,,0,65,,5757,133,,,0,24,,5779,133,,,0,25,,5771,133,,,0,64,,5781,133,,,0,25,,5785,133,,,0,64,,5788,133,,,0,27,,5765,133,,,0,25,,5783,133,,,0,66,,5776,133,,,0,25,,5764,133,,,0,66,,5790,133,,,0,23,,5777,133,,,0,66,,5762,133,,,0,24,,5760,133,,,0,25,,5784,133,,,0,64,,5774,133,,,0,23,,5766,133,,,0,64,,5775,133,,,0,23,,5789,133,,,0,24,,5753,133,,,0,63,,5782,133,,,0,24,,5787,133,,,0,63,,5778,133,,,0,23,,5770,133,,,0,23,,5759,133,,,0,63,,5786,133,,,0,23,,5768,133,,,0,23,,5755,133,,,0,63,,5754,133,,,0,86,,5761,133,,,0
10000,'a06a7e47-f820-49a2-88af-ccffc941c6bc',823,,5807,133,,,0,24,,5821,133,,,0,65,,5792,133,,,0,24,,5794,133,,,0,65,,5798,133,,,0,24,,5803,133,,,0,25,,5800,133,,,0,64,,5822,133,,,0,25,,5814,133,,,0,64,,5811,133,,,0,25,,5826,133,,,0,24,,5802,133,,,0,65,,5819,133,,,0,24,,5801,133,,,0,65,,5813,133,,,0,24,,5820,133,,,0,25,,5791,133,,,0,64,,5823,133,,,0,25,,5824,133,,,0,65,,5818,133,,,0,26,,5808,133,,,0,65,,5809,133,,,0,26,,5793,133,,,0,25,,5799,133,,,0,64,,5815,133,,,0,25,,5796,133,,,0,62,,5806,133,,,0,25,,5816,133,,,0,22,,5805,133,,,0,65,,5797,133,,,0,21,,5810,133,,,0,65,,5795,133,,,0,21,,5825,133,,,0,25,,5817,133,,,0,62,,5804,133,,,0,46,,5812,133,,,0
10000,'af2e8e03-0a42-4469-a2b8-e03c803b7d24',825,,5833,133,,,0,89,,5838,133,,,0,89,,5847,133,,,0,49,,5834,133,,,0,89,,5846,133,,,0,64,,5830,133,,,0,25,,5848,133,,,0,24,,5841,133,,,0,65,,5843,133,,,0,24,,5850,133,,,0,65,,5840,133,,,0,24,,5845,133,,,0,25,,5842,133,,,0,64,,5827,133,,,0,25,,5837,133,,,0,64,,5854,133,,,0,25,,5852,133,,,0,65,,5836,133,,,0,26,,5831,133,,,0,25,,5839,133,,,0,64,,5849,133,,,0,25,,5828,133,,,0,87,,5851,133,,,0,87,,5829,133,,,0,87,,5835,133,,,0,46,,5853,133,,,0,86,,5844,133,,,0,86,,5832,133,,,0
10000,'f29e6a89-2c24-4546-a5bf-65191f526c55',825,,5881,133,,,0,89,,5872,133,,,0,89,,5878,133,,,0,49,,5858,133,,,0,89,,5862,133,,,0,64,,5868,133,,,0,25,,5875,133,,,0,24,,5882,133,,,0,65,,5876,133,,,0,24,,5865,133,,,0,65,,5879,133,,,0,24,,5866,133,,,0,25,,5871,133,,,0,64,,5855,133,,,0,25,,5869,133,,,0,64,,5870,133,,,0,25,,5863,133,,,0,65,,5880,133,,,0,26,,5859,133,,,0,25,,5874,133,,,0,64,,5877,133,,,0,25,,5860,133,,,0,87,,5856,133,,,0,87,,5864,133,,,0,87,,5873,133,,,0,46,,5867,133,,,0,86,,5857,133,,,0,86,,5861,133,,,0
