10000,'4bf8087f-7a14-48a7-b190-74a0cc4c73da',813,,5700,112,,,0,89,,5717,112,,,0,49,,5702,112,,,0,89,,5705,112,,,0,89,,5715,112,,,0,24,,5712,112,,,0,65,,5710,112,,,0,24,,5699,112,,,0,65,,5698,112,,,0,24,,5697,112,,,0,25,,5707,112,,,0,64,,5709,112,,,0,25,,5723,112,,,0,64,,5720,112,,,0,25,,5716,112,,,0,24,,5721,112,,,0,65,,5713,112,,,0,25,,5704,112,,,0,66,,5722,112,,,0,25,,5719,112,,,0,65,,5724,112,,,0,25,,5718,112,,,0,87,,5703,112,,,0,87,,5714,112,,,0,47,,5708,112,,,0,86,,5711,112,,,0,86,,5706,112,,,0,86,,5701,112,,,0
10000,'8d01581c-cf93-4a74-9f42-0fb702955d15',813,,5728,112,,,0,89,,5745,112,,,0,49,,5747,112,,,0,89,,5730,112,,,0,89,,5729,112,,,0,24,,5731,112,,,0,65,,5742,112,,,0,24,,5735,112,,,0,65,,5748,112,,,0,24,,5727,112,,,0,25,,5738,112,,,0,64,,5751,112,,,0,25,,5736,112,,,0,64,,5741,112,,,0,25,,5750,112,,,0,24,,5733,112,,,0,65,,5752,112,,,0,25,,5737,112,,,0,66,,5734,112,,,0,25,,5725,112,,,0,65,,5743,112,,,0,25,,5749,112,,,0,87,,5739,112,,,0,87,,5746,112,,,0,47,,5732,112,,,0,86,,5740,112,,,0,86,,5726,112,,,0,86,,5744,112,,,0
10000,'9881fb63-ca97-484f-b0ca-1bb7e4ca8571',736,,5772,112,,,0,20,,5767,112,,,0,69,,5758,112,,,0,22,,5763,112,,,0,67,,5756,112,,,0,24,,5769,112,,,0,65,,5773,112,,,0,24,,5780,112,,,0,25,,5757,112,,,0,64,,5779,112,,,0,25,,5771,112,,,0,64,,5781,112,,,0,25,,5785,112,,,0,24,,5788,112,,,0,67,,5765,112,,,0,25,,5783,112,,,0,66,,5776,112,,,0,25,,5764,112,,,0,66,,5790,112,,,0,23,,5777,112,,,0,26,,5762,112,,,0,64,,5760,112,,,0,25,,5784,112,,,0,64,,5774,112,,,0,24,,5766,112,,,0,24,,5775,112,,,0,63,,5789,112,,,0,24,,5753,112,,,0,63,,5782,112,,,0,24,,5787,112,,,0,23,,5778,112,,,0,63,,5770,112,,,0,23,,5759,112,,,0,23,,5786,112,,,0,63,,5768,112,,,0,23,,5755,112,,,0,63,,5754,112,,,0,46,,5761,112,,,0
10000,'a06a7e47-f820-49a2-88af-ccffc941c6bc',811,,5807,112,,,0,24,,5821,112,,,0,65,,5792,112,,,0,24,,5794,112,,,0,25,,5798,112,,,0,64,,5803,112,,,0,25,,5800,112,,,0,64,,5822,112,,,0,25,,5814,112,,,0,24,,5811,112,,,0,65,,5826,112,,,0,24,,5802,112,,,0,65,,5819,112,,,0,24,,5801,112,,,0,25,,5813,112,,,0,64,,5820,112,,,0,25,,5791,112,,,0,64,,5823,112,,,0,25,,5824,112,,,0,25,,5818,112,,,0,66,,5808,112,,,0,25,,5809,112,,,0,66,,5793,112,,,0,25,,5799,112,,,0,65,,5815,112,,,0,25,,5796,112,,,0,22,,5806,112,,,0,65,,5816,112,,,0,22,,5805,112,,,0,65,,5797,112,,,0,21,,5810,112,,,0,25,,5795,112,,,0,61,,5825,112,,,0,25,,5817,112,,,0,22,,5804,112,,,0,86,,5812,112,,,0
10000,'af2e8e03-0a42-4469-a2b8-e03c803b7d24',813,,5833,112,,,0,89,,5838,112,,,0,49,,5847,112,,,0,89,,5834,112,,,0,89,,5846,112,,,0,24,,5830,112,,,0,65,,5848,112,,,0,24,,5841,112,,,0,65,,5843,112,,,0,24,,5850,112,,,0,25,,5840,112,,,0,64,,5845,112,,,0,25,,5842,112,,,0,64,,5827,112,,,0,25,,5837,112,,,0,24,,5854,112,,,0,65,,5852,112,,,0,25,,5836,112,,,0,66,,5831,112,,,0,25,,5839,112,,,0,65,,5849,112,,,0,25,,5828,112,,,0,87,,5851,112,,,0,87,,5829,112,,,0,47,,5835,112,,,0,86,,5853,112,,,0,86,,5844,112,,,0,86,,5832,112,,,0
10000,'f29e6a89-2c24-4546-a5bf-65191f526c55',813,,5881,112,,,0,89,,5872,112,,,0,49,,5878,112,,,0,89,,5858,112,,,0,89,,5862,112,,,0,24,,5868,112,,,0,65,,5875,112,,,0,24,,5882,112,,,0,65,,5876,112,,,0,24,,5865,112,,,0,25,,5879,112,,,0,64,,5866,112,,,0,25,,5871,112,,,0,64,,5855,112,,,0,25,,5869,112,,,0,24,,5870,112,,,0,65,,5863,112,,,0,25,,5880,112,,,0,66,,5859,112,,,0,25,,5874,112,,,0,65,,5877,112,,,0,25,,5860,112,,,0,87,,5856,112,,,0,87,,5864,112,,,0,47,,5873,112,,,0,86,,5867,112,,,0,86,,5857,112,,,0,86,,5861,112,,,0
2000801,'4bf8087f-7a14-48a7-b190-74a0cc4c73da',951,,7362,47,,,0,100,,7371,47,,,0,100,,7368,47,,,0,100,,7364,47,,,0,100,,7367,47,,,0,100,,7365,47,,,0,100,,7374,47,,,0,100,,7369,47,,,0,100,,7370,47,,,0,100,,7361,47,,,0,98,,7366,47,,,0,100,,7373,47,,,0,100,,7372,47,,,0
2000801,'8d01581c-cf93-4a74-9f42-0fb702955d15',951,,7376,47,,,0,100,,7384,47,,,0,100,,7377,47,,,0,100,,7381,47,,,0,100,,7387,47,,,0,100,,7382,47,,,0,100,,7388,47,,,0,100,,7383,47,,,0,100,,7385,47,,,0,100,,7386,47,,,0,98,,7375,47,,,0,100,,7378,47,,,0,100,,7379,39,,,0
2000801,'9881fb63-ca97-484f-b0ca-1bb7e4ca8571',552,,7401,47,,,0,70,,7405,47,,,0,30,,7391,30,,,0,70,,7399,47,,,0,29,,7404,47,,,0,70,,7396,47,,,0,30,,7393,47,,,0,70,,7418,47,,,0,30,,7402,47,,,0,70,,7400,47,,,0,30,,7411,47,,,0,70,,7406,47,,,0,30,,7416,47,,,0,70,,7414,47,,,0,30,,7398,47,,,0,70,,7417,47,,,0,30,,7390,30,,,0,71,,7397,47,,,0,30,,7422,47,,,0,70,,7403,47,,,0,30,,7409,47,,,0,71,,7408,47,,,0,31,,7419,47,,,0,69,,7415,47,,,0,30,,7421,47,,,0,70,,7395,39,,,0,31,,7410,47,,,0,98,,7394,47,,,0,100,,7407,47,,,0,100,,7413,47,,,0,100,,7412,47,,,0,100,,7420,39,,,0
2000801,'a06a7e47-f820-49a2-88af-ccffc941c6bc',721,,7423,47,,,0,30,,7431,47,,,0,70,,7428,47,,,0,30,,7433,47,,,0,70,,7435,47,,,0,30,,7440,47,,,0,70,,7424,47,,,0,30,,7432,47,,,0,70,,7444,47,,,0,30,,7451,47,,,0,70,,7452,47,,,0,30,,7447,47,,,0,70,,7453,47,,,0,30,,7426,47,,,0,70,,7448,47,,,0,30,,7450,47,,,0,70,,7438,47,,,0,30,,7430,47,,,0,72,,7434,47,,,0,30,,7429,47,,,0,70,,7436,47,,,0,30,,7441,47,,,0,70,,7442,39,,,0,31,,7437,47,,,0,98,,7443,47,,,0,100,,7427,47,,,0,100,,7445,47,,,0,100,,7449,47,,,0,100,,7439,39,,,0
2000801,'af2e8e03-0a42-4469-a2b8-e03c803b7d24',951,,7465,47,,,0,100,,7454,47,,,0,100,,7467,47,,,0,100,,7460,47,,,0,100,,7457,47,,,0,100,,7459,47,,,0,100,,7458,47,,,0,100,,7461,47,,,0,100,,7466,47,,,0,100,,7464,47,,,0,98,,7463,47,,,0,100,,7456,47,,,0,100,,7462,39,,,0
2000801,'f29e6a89-2c24-4546-a5bf-65191f526c55',951,,7477,47,,,0,100,,7473,47,,,0,100,,7478,47,,,0,100,,7476,47,,,0,100,,7481,47,,,0,100,,7468,47,,,0,100,,7469,47,,,0,100,,7479,47,,,0,100,,7480,47,,,0,100,,7471,47,,,0,98,,7475,47,,,0,100,,7470,47,,,0,100,,7474,39,,,0
