10100,'4bf8087f-7a14-48a7-b190-74a0cc4c73da',743,,5896,117,,,0,85,,5890,117,,,0,85,,5884,117,,,0,45,,5892,117,,,0,85,,5888,117,,,0,85,,5899,117,,,0,22,,5900,117,,,0,63,,5898,117,,,0,25,,5909,117,,,0,63,,5901,117,,,0,28,,5891,117,,,0,25,,5886,117,,,0,66,,5904,117,,,0,25,,5906,117,,,0,66,,5907,117,,,0,25,,5902,117,,,0,66,,5887,117,,,0,27,,5885,117,,,0,24,,5908,117,,,0,64,,5910,117,,,0,24,,5903,117,,,0,64,,5894,117,,,0,50,,5883,117,,,0,88,,5895,117,,,0,86,,5893,117,,,0,86,,5897,117,,,0,86,,5889,117,,,0,53,,5905,117,,,0
10100,'8d01581c-cf93-4a74-9f42-0fb702955d15',743,,5911,117,,,0,85,,5915,117,,,0,85,,5929,117,,,0,45,,5927,117,,,0,85,,5917,117,,,0,85,,5931,117,,,0,22,,5913,117,,,0,63,,5923,117,,,0,25,,5924,117,,,0,63,,5936,117,,,0,28,,5919,117,,,0,25,,5932,117,,,0,66,,5918,117,,,0,25,,5912,117,,,0,66,,5937,117,,,0,25,,5934,117,,,0,66,,5920,117,,,0,27,,5938,117,,,0,24,,5933,117,,,0,64,,5914,117,,,0,24,,5922,117,,,0,64,,5926,117,,,0,50,,5916,117,,,0,88,,5928,117,,,0,86,,5921,117,,,0,86,,5930,117,,,0,86,,5925,117,,,0,46,,5935,117,,,0
10100,'9881fb63-ca97-484f-b0ca-1bb7e4ca8571',728,,5949,117,,,0,22,,5952,117,,,0,63,,5945,117,,,0,22,,5960,117,,,0,23,,5958,117,,,0,62,,5940,117,,,0,23,,5950,117,,,0,62,,5966,117,,,0,23,,5947,117,,,0,22,,5954,117,,,0,66,,5959,117,,,0,24,,5963,117,,,0,66,,5975,117,,,0,25,,5972,117,,,0,26,,5968,117,,,0,65,,5967,117,,,0,26,,5943,117,,,0,67,,5969,117,,,0,27,,5962,117,,,0,66,,5942,117,,,0,26,,5964,117,,,0,66,,5971,117,,,0,26,,5956,117,,,0,25,,5941,117,,,0,66,,5944,117,,,0,24,,5974,117,,,0,64,,5951,117,,,0,24,,5957,117,,,0,24,,5970,117,,,0,64,,5953,117,,,0,24,,5961,117,,,0,64,,5939,117,,,0,24,,5973,117,,,0,22,,5948,117,,,0,64,,5965,117,,,0,24,,5946,117,,,0,85,,5955,117,,,0
10100,'a06a7e47-f820-49a2-88af-ccffc941c6bc',738,,5981,117,,,0,85,,5982,117,,,0,22,,5993,117,,,0,63,,5998,117,,,0,22,,6010,117,,,0,23,,6003,117,,,0,62,,5992,117,,,0,23,,6004,117,,,0,62,,5995,117,,,0,23,,5984,117,,,0,22,,5989,117,,,0,63,,6011,117,,,0,22,,5994,117,,,0,23,,6008,117,,,0,65,,6005,117,,,0,25,,5985,117,,,0,65,,5978,117,,,0,26,,5983,117,,,0,67,,5977,117,,,0,26,,5987,117,,,0,25,,5986,117,,,0,66,,5997,117,,,0,25,,6002,117,,,0,66,,5999,117,,,0,25,,5996,117,,,0,66,,5991,117,,,0,25,,5979,117,,,0,26,,6007,117,,,0,65,,5988,117,,,0,26,,6000,117,,,0,64,,6006,117,,,0,24,,5990,117,,,0,22,,5980,117,,,0,64,,6009,117,,,0,23,,6001,117,,,0,90,,5976,117,,,0
10100,'af2e8e03-0a42-4469-a2b8-e03c803b7d24',743,,6039,117,,,0,85,,6033,117,,,0,85,,6034,117,,,0,45,,6035,117,,,0,85,,6028,117,,,0,85,,6019,117,,,0,22,,6030,117,,,0,63,,6024,117,,,0,25,,6025,117,,,0,63,,6026,117,,,0,28,,6020,117,,,0,25,,6031,117,,,0,66,,6014,117,,,0,25,,6023,117,,,0,66,,6015,117,,,0,25,,6021,117,,,0,66,,6022,117,,,0,27,,6017,117,,,0,24,,6027,117,,,0,64,,6018,117,,,0,24,,6032,117,,,0,64,,6037,117,,,0,50,,6038,117,,,0,88,,6029,117,,,0,86,,6016,117,,,0,86,,6013,117,,,0,86,,6012,117,,,0,46,,6036,117,,,0
10100,'f29e6a89-2c24-4546-a5bf-65191f526c55',743,,6042,117,,,0,85,,6058,117,,,0,85,,6041,117,,,0,45,,6045,117,,,0,85,,6046,117,,,0,85,,6053,117,,,0,22,,6060,117,,,0,63,,6063,117,,,0,25,,6066,117,,,0,63,,6064,117,,,0,28,,6048,117,,,0,25,,6047,117,,,0,66,,6057,117,,,0,25,,6056,117,,,0,66,,6059,117,,,0,25,,6044,117,,,0,66,,6054,117,,,0,27,,6055,117,,,0,24,,6040,117,,,0,64,,6050,117,,,0,24,,6049,117,,,0,64,,6052,117,,,0,50,,6065,117,,,0,88,,6061,117,,,0,86,,6051,117,,,0,86,,6043,117,,,0,86,,6067,117,,,0,46,,6062,117,,,0
1000801,'4bf8087f-7a14-48a7-b190-74a0cc4c73da',918,,6610,49,,,0,102,,6607,49,,,0,100,,6611,49,,,0,99,,6605,49,,,0,100,,6618,49,,,0,100,,6615,49,,,0,100,,6606,49,,,0,100,,6609,49,,,0,101,,6617,49,,,0,99,,6614,49,,,0,100,,6616,49,,,0,100,,6613,49,,,0,100,,6612,49,,,0,188,,6619,39,,,0
1000801,'8d01581c-cf93-4a74-9f42-0fb702955d15',918,,6621,49,,,0,102,,6624,49,,,0,100,,6633,49,,,0,99,,6628,49,,,0,100,,6626,49,,,0,100,,6631,49,,,0,100,,6623,49,,,0,100,,6629,49,,,0,101,,6625,49,,,0,99,,6620,49,,,0,100,,6622,49,,,0,100,,6630,49,,,0,100,,6632,39,,,0
1000801,'9881fb63-ca97-484f-b0ca-1bb7e4ca8571',547,,6637,49,,,0,70,,6649,49,,,0,30,,6642,49,,,0,70,,6640,49,,,0,30,,6639,49,,,0,70,,6644,49,,,0,32,,6668,49,,,0,70,,6665,49,,,0,30,,6663,49,,,0,70,,6648,49,,,0,30,,6641,49,,,0,70,,6659,49,,,0,30,,6653,49,,,0,70,,6660,49,,,0,30,,6647,49,,,0,70,,6664,49,,,0,30,,6650,49,,,0,70,,6652,49,,,0,30,,6636,49,,,0,70,,6635,49,,,0,30,,6667,49,,,0,71,,6656,49,,,0,30,,6634,49,,,0,70,,6657,49,,,0,31,,6666,49,,,0,70,,6655,49,,,0,30,,6638,39,,,0,70,,6669,49,,,0,98,,6645,49,,,0,100,,6654,49,,,0,98,,6643,49,,,0,100,,6646,39,,,0,103,,6651,39,,,0
1000801,'a06a7e47-f820-49a2-88af-ccffc941c6bc',717,,6691,49,,,0,30,,6671,49,,,0,70,,6677,49,,,0,32,,6689,49,,,0,70,,6701,49,,,0,30,,6673,49,,,0,70,,6686,49,,,0,30,,6695,49,,,0,70,,6697,49,,,0,30,,6692,49,,,0,70,,6681,49,,,0,30,,6685,49,,,0,70,,6675,49,,,0,30,,6694,49,,,0,70,,6693,49,,,0,30,,6672,49,,,0,70,,6683,49,,,0,30,,6688,49,,,0,70,,6676,49,,,0,31,,6699,49,,,0,70,,6678,49,,,0,31,,6690,49,,,0,70,,6670,49,,,0,30,,6684,39,,,0,70,,6698,49,,,0,98,,6687,49,,,0,100,,6679,49,,,0,98,,6674,49,,,0,100,,6682,39,,,0,100,,6700,39,,,0
1000801,'af2e8e03-0a42-4469-a2b8-e03c803b7d24',918,,6709,49,,,0,102,,6706,49,,,0,100,,6711,49,,,0,99,,6708,49,,,0,100,,6703,49,,,0,100,,6712,49,,,0,100,,6713,49,,,0,100,,6707,49,,,0,101,,6715,49,,,0,99,,6714,49,,,0,100,,6704,49,,,0,100,,6705,49,,,0,100,,6702,39,,,0
1000801,'f29e6a89-2c24-4546-a5bf-65191f526c55',918,,6717,49,,,0,102,,6727,49,,,0,100,,6718,49,,,0,99,,6722,49,,,0,100,,6726,49,,,0,100,,6719,49,,,0,100,,6720,49,,,0,100,,6729,49,,,0,101,,6728,49,,,0,99,,6723,49,,,0,100,,6721,49,,,0,100,,6724,49,,,0,100,,6716,39,,,0
