10100,'4bf8087f-7a14-48a7-b190-74a0cc4c73da',723,,5896,19,,,0,85,,5890,19,,,0,45,,5884,19,,,0,85,,5892,19,,,0,85,,5888,19,,,0,85,,5899,19,,,0,22,,5900,19,,,0,23,,5898,19,,,0,63,,5909,19,,,0,23,,5901,19,,,0,68,,5891,19,,,0,25,,5886,19,,,0,26,,5904,19,,,0,65,,5906,19,,,0,26,,5907,19,,,0,65,,5902,19,,,0,26,,5887,19,,,0,67,,5885,19,,,0,24,,5908,19,,,0,24,,5910,19,,,0,64,,5903,19,,,0,24,,5894,19,,,0,90,,5883,19,,,0,88,,5895,19,,,0,87,,5893,19,,,0,46,,5897,19,,,0,86,,5889,19,,,0,93,,5905,19,,,0
10100,'8d01581c-cf93-4a74-9f42-0fb702955d15',723,,5911,19,,,0,85,,5915,19,,,0,45,,5929,19,,,0,85,,5927,19,,,0,85,,5917,19,,,0,85,,5931,19,,,0,22,,5913,19,,,0,23,,5923,19,,,0,63,,5924,19,,,0,23,,5936,19,,,0,68,,5919,19,,,0,25,,5932,19,,,0,26,,5918,19,,,0,65,,5912,19,,,0,26,,5937,19,,,0,65,,5934,19,,,0,26,,5920,19,,,0,67,,5938,19,,,0,24,,5933,19,,,0,24,,5914,19,,,0,64,,5922,19,,,0,24,,5926,19,,,0,90,,5916,19,,,0,88,,5928,19,,,0,87,,5921,19,,,0,46,,5930,19,,,0,86,,5925,19,,,0,86,,5935,19,,,0
10100,'9881fb63-ca97-484f-b0ca-1bb7e4ca8571',708,,5949,19,,,0,22,,5952,19,,,0,23,,5945,19,,,0,62,,5960,19,,,0,23,,5958,19,,,0,62,,5940,19,,,0,23,,5950,19,,,0,22,,5966,19,,,0,63,,5947,19,,,0,22,,5954,19,,,0,24,,5959,19,,,0,64,,5963,19,,,0,26,,5975,19,,,0,65,,5972,19,,,0,26,,5968,19,,,0,65,,5967,19,,,0,26,,5943,19,,,0,27,,5969,19,,,0,66,,5962,19,,,0,26,,5942,19,,,0,66,,5964,19,,,0,26,,5971,19,,,0,66,,5956,19,,,0,26,,5941,19,,,0,26,,5944,19,,,0,64,,5974,19,,,0,24,,5951,19,,,0,64,,5957,19,,,0,24,,5970,19,,,0,24,,5953,19,,,0,64,,5961,19,,,0,24,,5939,19,,,0,64,,5973,19,,,0,23,,5948,19,,,0,24,,5965,19,,,0,64,,5946,19,,,0,85,,5955,19,,,0
10100,'a06a7e47-f820-49a2-88af-ccffc941c6bc',718,,5981,19,,,0,85,,5982,19,,,0,22,,5993,19,,,0,23,,5998,19,,,0,62,,6010,19,,,0,23,,6003,19,,,0,22,,5992,19,,,0,63,,6004,19,,,0,22,,5995,19,,,0,63,,5984,19,,,0,22,,5989,19,,,0,23,,6011,19,,,0,62,,5994,19,,,0,23,,6008,19,,,0,23,,6005,19,,,0,65,,5985,19,,,0,25,,5978,19,,,0,66,,5983,19,,,0,27,,5977,19,,,0,66,,5987,19,,,0,25,,5986,19,,,0,26,,5997,19,,,0,65,,6002,19,,,0,26,,5999,19,,,0,65,,5996,19,,,0,26,,5991,19,,,0,65,,5979,19,,,0,26,,6007,19,,,0,25,,5988,19,,,0,66,,6000,19,,,0,24,,6006,19,,,0,64,,5990,19,,,0,23,,5980,19,,,0,24,,6009,19,,,0,63,,6001,19,,,0,90,,5976,19,,,0
10100,'af2e8e03-0a42-4469-a2b8-e03c803b7d24',723,,6039,19,,,0,85,,6033,19,,,0,45,,6034,19,,,0,85,,6035,19,,,0,85,,6028,19,,,0,85,,6019,19,,,0,22,,6030,19,,,0,23,,6024,19,,,0,63,,6025,19,,,0,23,,6026,19,,,0,68,,6020,19,,,0,25,,6031,19,,,0,26,,6014,19,,,0,65,,6023,19,,,0,26,,6015,19,,,0,65,,6021,19,,,0,26,,6022,19,,,0,67,,6017,19,,,0,24,,6027,19,,,0,24,,6018,19,,,0,64,,6032,19,,,0,24,,6037,19,,,0,90,,6038,19,,,0,88,,6029,19,,,0,87,,6016,19,,,0,46,,6013,19,,,0,86,,6012,19,,,0,86,,6036,19,,,0
10100,'f29e6a89-2c24-4546-a5bf-65191f526c55',723,,6042,19,,,0,85,,6058,19,,,0,45,,6041,19,,,0,85,,6045,19,,,0,85,,6046,19,,,0,85,,6053,19,,,0,22,,6060,19,,,0,23,,6063,19,,,0,63,,6066,19,,,0,23,,6064,19,,,0,68,,6048,19,,,0,25,,6047,19,,,0,26,,6057,19,,,0,65,,6056,19,,,0,26,,6059,19,,,0,65,,6044,19,,,0,26,,6054,19,,,0,67,,6055,19,,,0,24,,6040,19,,,0,24,,6050,19,,,0,64,,6049,19,,,0,24,,6052,19,,,0,90,,6065,19,,,0,88,,6061,19,,,0,87,,6051,19,,,0,46,,6043,19,,,0,86,,6067,19,,,0,86,,6062,19,,,0
1000800,'4bf8087f-7a14-48a7-b190-74a0cc4c73da',854,,6440,53,,,0,101,,6439,53,,,0,100,,6426,53,,,0,100,,6441,53,,,0,100,,6418,53,,,0,100,,6444,53,,,0,100,,6437,53,,,0,100,,6428,53,,,0,100,,6438,53,,,0,100,,6435,53,,,0,100,,6423,53,,,0,100,,6445,53,,,0,100,,6425,53,,,0,188,,6432,53,,,0
1000800,'8d01581c-cf93-4a74-9f42-0fb702955d15',854,,6448,53,,,0,101,,6468,53,,,0,100,,6473,53,,,0,100,,6455,53,,,0,100,,6459,53,,,0,100,,6463,53,,,0,100,,6470,53,,,0,100,,6471,53,,,0,100,,6465,53,,,0,100,,6464,53,,,0,100,,6457,53,,,0,100,,6472,53,,,0,100,,6454,53,,,0
1000800,'9881fb63-ca97-484f-b0ca-1bb7e4ca8571',524,,6490,147,,,0,30,,6493,147,,,0,70,,6481,298,,,0,30,,6483,298,,,0,70,,6487,298,,,0,30,,6499,298,,,0,71,,6495,260,,,0,30,,6479,298,,,0,70,,6511,298,,,0,30,,6502,298,,,0,70,,6477,298,,,0,30,,6506,298,,,0,70,,6476,298,,,0,30,,6505,298,,,0,70,,6494,298,,,0,30,,6507,298,,,0,70,,6496,298,,,0,30,,6503,298,,,0,70,,6500,298,,,0,30,,6501,298,,,0,70,,6497,260,,,0,30,,6508,298,,,0,70,,6513,298,,,0,30,,6485,298,,,0,72,,6489,298,,,0,30,,6510,298,,,0,70,,6492,298,,,0,30,,6484,298,,,0,99,,6509,298,,,0,99,,6478,53,,,0,99,,6488,53,,,0,100,,6474,53,,,0,104,,6512,53,,,0
1000800,'a06a7e47-f820-49a2-88af-ccffc941c6bc',654,,6539,29,,,0,70,,6524,29,,,0,30,,6535,147,,,0,71,,6541,298,,,0,30,,6537,298,,,0,70,,6543,298,,,0,30,,6546,298,,,0,70,,6519,298,,,0,30,,6529,298,,,0,70,,6538,298,,,0,30,,6531,298,,,0,70,,6522,298,,,0,30,,6526,298,,,0,70,,6515,298,,,0,30,,6518,298,,,0,70,,6547,298,,,0,30,,6532,298,,,0,70,,6530,298,,,0,30,,6550,298,,,0,70,,6516,298,,,0,30,,6540,298,,,0,72,,6523,298,,,0,30,,6517,298,,,0,70,,6542,298,,,0,30,,6527,298,,,0,98,,6548,298,,,0,101,,6520,53,,,0,99,,6549,53,,,0,100,,6544,53,,,0,100,,6534,53,,,0
1000800,'af2e8e03-0a42-4469-a2b8-e03c803b7d24',854,,6569,53,,,0,101,,6554,53,,,0,100,,6572,53,,,0,100,,6575,53,,,0,100,,6571,53,,,0,100,,6558,53,,,0,100,,6556,53,,,0,100,,6555,53,,,0,100,,6553,53,,,0,100,,6566,53,,,0,100,,6564,53,,,0,100,,6567,53,,,0,100,,6557,53,,,0
1000800,'f29e6a89-2c24-4546-a5bf-65191f526c55',854,,6603,53,,,0,101,,6589,53,,,0,100,,6601,53,,,0,100,,6584,53,,,0,100,,6597,53,,,0,100,,6579,53,,,0,100,,6583,53,,,0,100,,6604,53,,,0,100,,6599,53,,,0,100,,6587,53,,,0,100,,6582,53,,,0,100,,6578,53,,,0,100,,6592,53,,,0
