1000,'4bf8087f-7a14-48a7-b190-74a0cc4c73da',839,,5449,150,,,0,98,,5446,150,,,0,100,,5455,150,,,0,100,,5453,150,,,0,100,,5451,150,,,0,100,,5457,150,,,0,100,,5456,150,,,0,100,,5445,150,,,0,100,,5448,150,,,0,101,,5444,150,,,0,100,,5452,150,,,0,100,,5447,150,,,0,100,,5454,150,,,0,100,,5450,150,,,0,120,,5458,150,,,0
1000,'8d01581c-cf93-4a74-9f42-0fb702955d15',839,,5470,150,,,0,98,,5466,150,,,0,100,,5465,150,,,0,100,,5459,150,,,0,100,,5460,150,,,0,100,,5463,150,,,0,100,,5464,150,,,0,100,,5468,150,,,0,100,,5461,150,,,0,101,,5471,150,,,0,100,,5469,150,,,0,100,,5473,150,,,0,100,,5462,150,,,0,100,,5472,150,,,0,100,,5467,150,,,0
1000,'9881fb63-ca97-484f-b0ca-1bb7e4ca8571',609,,5500,150,,,0,30,,5481,150,,,0,70,,5506,150,,,0,30,,5485,150,,,0,68,,5479,150,,,0,30,,5490,150,,,0,70,,5474,150,,,0,30,,5505,150,,,0,70,,5483,150,,,0,30,,5491,150,,,0,70,,5496,150,,,0,30,,5477,150,,,0,70,,5501,150,,,0,30,,5480,150,,,0,70,,5494,150,,,0,30,,5507,150,,,0,70,,5497,150,,,0,30,,5495,150,,,0,70,,5502,150,,,0,30,,5476,150,,,0,70,,5482,150,,,0,30,,5503,150,,,0,71,,5487,150,,,0,30,,5504,150,,,0,70,,5475,150,,,0,30,,5498,150,,,0,70,,5493,150,,,0,30,,5499,150,,,0,70,,5492,150,,,0,30,,5484,150,,,0,70,,5489,150,,,0,30,,5488,150,,,0,70,,5508,150,,,0,100,,5478,150,,,0,100,,5486,150,,,0
1000,'a06a7e47-f820-49a2-88af-ccffc941c6bc',739,,5533,150,,,0,68,,5512,150,,,0,30,,5520,150,,,0,70,,5518,150,,,0,30,,5537,150,,,0,70,,5514,150,,,0,30,,5527,150,,,0,70,,5523,150,,,0,30,,5528,150,,,0,70,,5516,150,,,0,30,,5517,150,,,0,70,,5524,150,,,0,30,,5515,150,,,0,70,,5510,150,,,0,30,,5540,150,,,0,70,,5525,150,,,0,30,,5538,150,,,0,70,,5535,150,,,0,30,,5509,150,,,0,71,,5513,150,,,0,30,,5521,150,,,0,70,,5511,150,,,0,30,,5526,150,,,0,70,,5529,150,,,0,30,,5522,150,,,0,70,,5536,150,,,0,30,,5531,150,,,0,70,,5530,150,,,0,30,,5534,150,,,0,70,,5539,150,,,0,100,,5519,150,,,0,100,,5532,150,,,0
1000,'af2e8e03-0a42-4469-a2b8-e03c803b7d24',839,,5546,150,,,0,98,,5552,150,,,0,100,,5554,150,,,0,100,,5547,150,,,0,100,,5544,150,,,0,100,,5550,150,,,0,100,,5553,150,,,0,100,,5543,150,,,0,100,,5545,150,,,0,101,,5549,150,,,0,100,,5548,150,,,0,100,,5542,150,,,0,100,,5551,150,,,0,100,,5541,150,,,0,100,,5555,150,,,0
1000,'f29e6a89-2c24-4546-a5bf-65191f526c55',839,,5569,150,,,0,98,,5557,150,,,0,100,,5570,150,,,0,100,,5561,150,,,0,100,,5562,150,,,0,100,,5564,150,,,0,100,,5563,150,,,0,100,,5567,150,,,0,100,,5568,150,,,0,101,,5559,150,,,0,100,,5560,150,,,0,100,,5565,150,,,0,100,,5558,150,,,0,100,,5556,150,,,0,100,,5566,150,,,0
2000800,'4bf8087f-7a14-48a7-b190-74a0cc4c73da',931,,7207,73,,,0,100,,7197,70,,,0,100,,7187,70,,,0,100,,7200,70,,,0,100,,7189,70,,,0,100,,7199,70,,,0,100,,7192,70,,,0,100,,7206,70,,,0,100,,7202,70,,,0,100,,7196,70,,,0,100,,7205,70,,,0,100,,7184,70,,,0,100,,7194,70,,,0
2000800,'8d01581c-cf93-4a74-9f42-0fb702955d15',931,,7219,73,,,0,100,,7224,70,,,0,100,,7232,70,,,0,100,,7209,70,,,0,100,,7215,70,,,0,100,,7217,70,,,0,100,,7208,70,,,0,100,,7227,70,,,0,100,,7213,70,,,0,100,,7228,70,,,0,100,,7220,70,,,0,100,,7221,70,,,0,100,,7218,70,,,0
2000800,'9881fb63-ca97-484f-b0ca-1bb7e4ca8571',532,,7250,73,,,0,70,,7243,73,,,0,30,,7237,129,,,0,70,,7238,73,,,0,29,,7259,129,,,0,70,,7264,129,,,0,30,,7240,129,,,0,70,,7251,129,,,0,30,,7265,129,,,0,70,,7252,129,,,0,30,,7258,129,,,0,70,,7257,129,,,0,30,,7267,129,,,0,70,,7248,129,,,0,30,,7235,129,,,0,70,,7266,129,,,0,30,,7242,129,,,0,70,,7261,129,,,0,30,,7247,129,,,0,70,,7255,129,,,0,30,,7260,129,,,0,71,,7236,129,,,0,31,,7272,129,,,0,69,,7270,129,,,0,30,,7244,129,,,0,70,,7269,129,,,0,30,,7254,129,,,0,102,,7239,129,,,0,98,,7263,70,,,0,100,,7253,70,,,0,100,,7268,70,,,0,100,,7234,70,,,0
2000800,'a06a7e47-f820-49a2-88af-ccffc941c6bc',702,,7305,70,,,0,29,,7302,70,,,0,70,,7274,70,,,0,30,,7295,129,,,0,70,,7307,129,,,0,30,,7304,129,,,0,70,,7282,129,,,0,30,,7280,129,,,0,70,,7299,129,,,0,30,,7293,129,,,0,70,,7277,129,,,0,30,,7273,129,,,0,70,,7292,129,,,0,30,,7297,129,,,0,70,,7296,129,,,0,30,,7298,129,,,0,70,,7281,129,,,0,30,,7279,129,,,0,71,,7275,129,,,0,30,,7285,129,,,0,70,,7286,129,,,0,30,,7289,129,,,0,70,,7301,129,,,0,30,,7306,129,,,0,100,,7300,129,,,0,100,,7276,70,,,0,100,,7287,70,,,0,100,,7308,70,,,0,100,,7283,70,,,0
2000800,'af2e8e03-0a42-4469-a2b8-e03c803b7d24',931,,7310,73,,,0,100,,7324,70,,,0,100,,7325,70,,,0,100,,7330,70,,,0,100,,7316,70,,,0,100,,7312,70,,,0,100,,7315,70,,,0,100,,7322,70,,,0,100,,7328,70,,,0,100,,7333,70,,,0,100,,7319,70,,,0,100,,7320,70,,,0,100,,7313,70,,,0
2000800,'f29e6a89-2c24-4546-a5bf-65191f526c55',931,,7347,73,,,0,100,,7353,70,,,0,100,,7356,70,,,0,100,,7359,70,,,0,100,,7354,70,,,0,100,,7352,70,,,0,100,,7341,70,,,0,100,,7357,70,,,0,100,,7343,70,,,0,100,,7349,70,,,0,100,,7358,70,,,0,100,,7345,70,,,0,100,,7344,70,,,0
