1000700,'4bf8087f-7a14-48a7-b190-74a0cc4c73da',949,,6309,67,,,0,100,,6306,67,,,0,100,,6300,67,,,0,100,,6298,67,,,0,100,,6305,67,,,0,100,,6307,67,,,0,100,,6299,67,,,0,100,,6302,67,,,0,101,,6297,67,,,0,100,,6303,67,,,0,100,,6301,67,,,0,99,,6304,67,,,0,100,,6296,67,,,0
1000700,'8d01581c-cf93-4a74-9f42-0fb702955d15',949,,6323,67,,,0,100,,6320,67,,,0,100,,6312,67,,,0,100,,6315,67,,,0,100,,6313,67,,,0,100,,6318,67,,,0,100,,6311,67,,,0,100,,6316,67,,,0,101,,6319,67,,,0,100,,6321,67,,,0,100,,6314,67,,,0,99,,6310,67,,,0,100,,6322,53,,,0
1000700,'9881fb63-ca97-484f-b0ca-1bb7e4ca8571',549,,6324,67,,,0,70,,6335,67,,,0,30,,6339,67,,,0,65,,6353,67,,,0,33,,6328,67,,,0,67,,6346,67,,,0,35,,6347,67,,,0,70,,6344,67,,,0,30,,6336,67,,,0,70,,6352,67,,,0,30,,6349,67,,,0,70,,6354,67,,,0,30,,6356,67,,,0,70,,6357,67,,,0,30,,6340,67,,,0,70,,6331,67,,,0,29,,6338,67,,,0,70,,6329,67,,,0,30,,6333,67,,,0,70,,6343,67,,,0,30,,6337,67,,,0,70,,6341,67,,,0,29,,6345,67,,,0,70,,6326,67,,,0,32,,6350,67,,,0,70,,6330,67,,,0,32,,6351,67,,,0,98,,6348,67,,,0,101,,6325,67,,,0,98,,6332,67,,,0,102,,6355,67,,,0,96,,6334,56,,,0
1000700,'a06a7e47-f820-49a2-88af-ccffc941c6bc',649,,6366,67,,,0,70,,6385,67,,,0,30,,6383,67,,,0,70,,6361,67,,,0,30,,6358,67,,,0,70,,6386,67,,,0,30,,6378,67,,,0,70,,6359,67,,,0,30,,6364,67,,,0,80,,6360,67,,,0,20,,6370,67,,,0,70,,6382,67,,,0,30,,6389,67,,,0,70,,6368,67,,,0,30,,6380,67,,,0,70,,6384,67,,,0,30,,6381,67,,,0,70,,6377,67,,,0,30,,6374,67,,,0,70,,6367,67,,,0,30,,6363,67,,,0,70,,6387,67,,,0,31,,6379,67,,,0,70,,6372,67,,,0,30,,6362,67,,,0,100,,6388,67,,,0,99,,6365,67,,,0,100,,6371,67,,,0,100,,6376,67,,,0,100,,6373,53,,,0
1000700,'af2e8e03-0a42-4469-a2b8-e03c803b7d24',949,,6392,67,,,0,100,,6390,67,,,0,100,,6396,67,,,0,100,,6399,67,,,0,100,,6391,67,,,0,100,,6401,67,,,0,100,,6395,67,,,0,100,,6400,67,,,0,101,,6397,67,,,0,100,,6394,67,,,0,100,,6403,67,,,0,99,,6393,67,,,0,100,,6398,53,,,0
1000700,'f29e6a89-2c24-4546-a5bf-65191f526c55',949,,6409,67,,,0,100,,6411,67,,,0,100,,6413,67,,,0,100,,6406,67,,,0,100,,6407,67,,,0,100,,6415,67,,,0,100,,6414,67,,,0,100,,6410,67,,,0,101,,6416,67,,,0,100,,6408,67,,,0,100,,6404,67,,,0,99,,6412,67,,,0,100,,6405,53,,,0
2000801,'4bf8087f-7a14-48a7-b190-74a0cc4c73da',936,2,7363,74,,,0,100,2,7362,191,,,0,100,2,7371,191,,,0,100,2,7368,191,,,0,100,2,7364,191,,,0,100,2,7367,191,,,0,100,2,7365,191,,,0,100,2,7374,191,,,0,97,2,7369,191,,,0,100,2,7370,191,,,0,100,2,7361,191,,,0,99,2,7366,191,,,0,100,2,7373,191,,,0,112,2,7372,191,,,0
2000801,'8d01581c-cf93-4a74-9f42-0fb702955d15',936,2,7380,74,,,0,100,2,7376,191,,,0,100,2,7384,191,,,0,100,2,7377,191,,,0,100,2,7381,191,,,0,100,2,7387,191,,,0,100,2,7382,191,,,0,100,2,7388,191,,,0,97,2,7383,191,,,0,100,2,7385,191,,,0,100,2,7386,191,,,0,99,2,7375,191,,,0,100,2,7378,191,,,0
2000801,'9881fb63-ca97-484f-b0ca-1bb7e4ca8571',513,2,7389,74,,,0,100,2,7392,74,,,0,21,2,7401,191,,,0,70,2,7405,191,,,0,30,2,7391,144,,,0,70,2,7399,191,,,0,30,2,7404,191,,,0,70,2,7396,191,,,0,29,,7393,191,,,0,70,,7418,191,,,0,31,,7402,191,,,0,72,2,7400,191,,,0,30,2,7411,191,,,0,70,2,7406,191,,,0,31,2,7416,191,,,0,70,2,7414,191,,,0,30,2,7398,191,,,0,70,2,7417,191,,,0,30,2,7390,144,,,0,71,2,7397,191,,,0,30,2,7422,191,,,0,70,2,7403,191,,,0,30,2,7409,191,,,0,71,,7408,191,,,0,31,,7419,191,,,0,70,2,7415,191,,,0,28,2,7421,191,,,0,101,2,7410,191,,,0,100,2,7394,191,,,0,95,2,7407,191,,,0,100,2,7413,191,,,0,100,2,7412,191,,,0
2000801,'a06a7e47-f820-49a2-88af-ccffc941c6bc',704,2,7425,74,,,0,30,2,7446,74,,,0,70,2,7423,191,,,0,30,2,7431,191,,,0,70,2,7428,191,,,0,29,,7433,191,,,0,70,,7435,191,,,0,33,2,7440,191,,,0,70,2,7424,191,,,0,30,2,7432,191,,,0,70,2,7444,191,,,0,31,2,7451,191,,,0,70,2,7452,191,,,0,30,2,7447,191,,,0,70,2,7453,191,,,0,30,2,7426,191,,,0,70,2,7448,191,,,0,30,2,7450,191,,,0,70,2,7438,191,,,0,30,2,7430,191,,,0,72,2,7434,191,,,0,31,2,7429,191,,,0,70,2,7436,191,,,0,28,2,7441,191,,,0,101,2,7437,191,,,0,100,2,7443,191,,,0,95,2,7427,191,,,0,100,2,7445,191,,,0,100,2,7449,191,,,0
2000801,'af2e8e03-0a42-4469-a2b8-e03c803b7d24',936,2,7455,74,,,0,100,2,7465,191,,,0,100,2,7454,191,,,0,100,2,7467,191,,,0,100,2,7460,191,,,0,100,2,7457,191,,,0,100,2,7459,191,,,0,100,2,7458,191,,,0,97,2,7461,191,,,0,100,2,7466,191,,,0,100,2,7464,191,,,0,99,2,7463,191,,,0,100,2,7456,191,,,0
2000801,'f29e6a89-2c24-4546-a5bf-65191f526c55',936,2,7472,74,,,0,100,2,7477,191,,,0,100,2,7473,191,,,0,100,2,7478,191,,,0,100,2,7476,191,,,0,100,2,7481,191,,,0,100,2,7468,191,,,0,100,2,7469,191,,,0,97,2,7479,191,,,0,100,2,7480,191,,,0,100,2,7471,191,,,0,99,2,7475,191,,,0,100,2,7470,191,,,0
