10100,'4bf8087f-7a14-48a7-b190-74a0cc4c73da',756,,5896,146,,,0,85,,5890,146,,,0,85,,5884,146,,,0,85,,5892,146,,,0,45,,5888,146,,,0,85,,5899,146,,,0,62,,5900,146,,,0,23,,5898,146,,,0,28,,5909,146,,,0,63,,5901,146,,,0,28,,5891,146,,,0,65,,5886,146,,,0,26,,5904,146,,,0,65,,5906,146,,,0,26,,5907,146,,,0,25,,5902,146,,,0,66,,5887,146,,,0,24,,5885,146,,,0,64,,5908,146,,,0,24,,5910,146,,,0,24,,5903,146,,,0,64,,5894,146,,,0,90,,5883,146,,,0,48,,5895,146,,,0,86,,5893,146,,,0,86,,5897,146,,,0,86,,5889,146,,,0,93,,5905,146,,,0
10100,'8d01581c-cf93-4a74-9f42-0fb702955d15',756,,5911,146,,,0,85,,5915,146,,,0,85,,5929,146,,,0,85,,5927,146,,,0,45,,5917,146,,,0,85,,5931,146,,,0,62,,5913,146,,,0,23,,5923,146,,,0,28,,5924,146,,,0,63,,5936,146,,,0,28,,5919,146,,,0,65,,5932,146,,,0,26,,5918,146,,,0,65,,5912,146,,,0,26,,5937,146,,,0,25,,5934,146,,,0,66,,5920,146,,,0,24,,5938,146,,,0,64,,5933,146,,,0,24,,5914,146,,,0,24,,5922,146,,,0,64,,5926,146,,,0,90,,5916,146,,,0,48,,5928,146,,,0,86,,5921,146,,,0,86,,5930,146,,,0,86,,5925,146,,,0,86,,5935,146,,,0
10100,'9881fb63-ca97-484f-b0ca-1bb7e4ca8571',741,,5949,146,,,0,62,,5952,146,,,0,23,,5945,146,,,0,22,,5960,146,,,0,63,,5958,146,,,0,22,,5940,146,,,0,23,,5950,146,,,0,62,,5966,146,,,0,23,,5947,146,,,0,62,,5954,146,,,0,29,,5959,146,,,0,24,,5963,146,,,0,66,,5975,146,,,0,25,,5972,146,,,0,66,,5968,146,,,0,25,,5967,146,,,0,66,,5943,146,,,0,27,,5969,146,,,0,27,,5962,146,,,0,66,,5942,146,,,0,26,,5964,146,,,0,66,,5971,146,,,0,26,,5956,146,,,0,62,,5941,146,,,0,26,,5944,146,,,0,24,,5974,146,,,0,64,,5951,146,,,0,24,,5957,146,,,0,64,,5970,146,,,0,24,,5953,146,,,0,24,,5961,146,,,0,64,,5939,146,,,0,24,,5973,146,,,0,62,,5948,146,,,0,24,,5965,146,,,0,24,,5946,146,,,0,85,,5955,146,,,0
10100,'a06a7e47-f820-49a2-88af-ccffc941c6bc',751,,5981,146,,,0,85,,5982,146,,,0,22,,5993,146,,,0,63,,5998,146,,,0,22,,6010,146,,,0,63,,6003,146,,,0,22,,5992,146,,,0,23,,6004,146,,,0,62,,5995,146,,,0,23,,5984,146,,,0,22,,5989,146,,,0,63,,6011,146,,,0,22,,5994,146,,,0,63,,6008,146,,,0,28,,6005,146,,,0,25,,5985,146,,,0,65,,5978,146,,,0,26,,5983,146,,,0,67,,5977,146,,,0,26,,5987,146,,,0,65,,5986,146,,,0,26,,5997,146,,,0,25,,6002,146,,,0,66,,5999,146,,,0,25,,5996,146,,,0,66,,5991,146,,,0,25,,5979,146,,,0,66,,6007,146,,,0,22,,5988,146,,,0,26,,6000,146,,,0,64,,6006,146,,,0,24,,5990,146,,,0,62,,5980,146,,,0,24,,6009,146,,,0,23,,6001,146,,,0,90,,5976,146,,,0
10100,'af2e8e03-0a42-4469-a2b8-e03c803b7d24',756,,6039,146,,,0,85,,6033,146,,,0,85,,6034,146,,,0,85,,6035,146,,,0,45,,6028,146,,,0,85,,6019,146,,,0,62,,6030,146,,,0,23,,6024,146,,,0,28,,6025,146,,,0,63,,6026,146,,,0,28,,6020,146,,,0,65,,6031,146,,,0,26,,6014,146,,,0,65,,6023,146,,,0,26,,6015,146,,,0,25,,6021,146,,,0,66,,6022,146,,,0,24,,6017,146,,,0,64,,6027,146,,,0,24,,6018,146,,,0,24,,6032,146,,,0,64,,6037,146,,,0,90,,6038,146,,,0,48,,6029,146,,,0,86,,6016,146,,,0,86,,6013,146,,,0,86,,6012,146,,,0,86,,6036,146,,,0
10100,'f29e6a89-2c24-4546-a5bf-65191f526c55',756,,6042,146,,,0,85,,6058,146,,,0,85,,6041,146,,,0,85,,6045,146,,,0,45,,6046,146,,,0,85,,6053,146,,,0,62,,6060,146,,,0,23,,6063,146,,,0,28,,6066,146,,,0,63,,6064,146,,,0,28,,6048,146,,,0,65,,6047,146,,,0,26,,6057,146,,,0,65,,6056,146,,,0,26,,6059,146,,,0,25,,6044,146,,,0,66,,6054,146,,,0,24,,6055,146,,,0,64,,6040,146,,,0,24,,6050,146,,,0,24,,6049,146,,,0,64,,6052,146,,,0,90,,6065,146,,,0,48,,6061,146,,,0,86,,6051,146,,,0,86,,6043,146,,,0,86,,6067,146,,,0,86,,6062,146,,,0
2000700,'4bf8087f-7a14-48a7-b190-74a0cc4c73da',938,,7070,28,,,0,100,,7076,28,,,0,100,,7067,28,,,0,100,,7074,28,,,0,100,,7075,28,,,0,100,,7078,28,,,0,100,,7073,28,,,0,100,,7069,28,,,0,100,,7068,28,,,0,102,,7065,28,,,0,100,,7066,28,,,0,100,,7077,28,,,0,98,,7071,28,,,0,121,,7072,27,,,0
2000700,'8d01581c-cf93-4a74-9f42-0fb702955d15',938,,7084,28,,,0,100,,7081,28,,,0,100,,7079,28,,,0,100,,7091,28,,,0,100,,7087,28,,,0,100,,7086,28,,,0,100,,7085,28,,,0,100,,7080,28,,,0,100,,7090,28,,,0,102,,7088,28,,,0,100,,7083,28,,,0,100,,7089,28,,,0,97,,7082,27,,,0
2000700,'9881fb63-ca97-484f-b0ca-1bb7e4ca8571',540,,7098,28,,,0,70,,7102,28,,,0,30,,7118,28,,,0,70,,7097,28,,,0,30,,7092,28,,,0,65,,7094,28,,,0,35,,7100,28,,,0,65,,7124,28,,,0,33,,7115,28,,,0,70,,7108,28,,,0,30,,7106,28,,,0,70,,7113,28,,,0,30,,7111,28,,,0,70,,7093,28,,,0,30,,7120,28,,,0,70,,7109,28,,,0,30,,7104,28,,,0,70,,7123,28,,,0,31,,7095,28,,,0,70,,7119,28,,,0,30,,7114,28,,,0,70,,7110,28,,,0,30,,7103,28,,,0,70,,7105,28,,,0,28,,7096,28,,,0,70,,7112,28,,,0,32,,7107,28,,,0,70,,7101,28,,,0,32,,7122,28,,,0,98,,7099,28,,,0,99,,7121,28,,,0,96,,7117,28,,,0,104,,7116,27,,,0
2000700,'a06a7e47-f820-49a2-88af-ccffc941c6bc',640,,7133,28,,,0,70,,7153,28,,,0,30,,7142,28,,,0,70,,7125,28,,,0,30,,7126,28,,,0,70,,7137,28,,,0,28,,7136,28,,,0,70,,7150,28,,,0,30,,7130,28,,,0,70,,7152,28,,,0,30,,7127,28,,,0,70,,7143,28,,,0,30,,7135,28,,,0,70,,7144,28,,,0,30,,7146,28,,,0,70,,7138,28,,,0,30,,7147,28,,,0,70,,7141,28,,,0,30,,7145,28,,,0,70,,7151,28,,,0,30,,7154,28,,,0,70,,7134,28,,,0,30,,7149,28,,,0,70,,7140,28,,,0,31,,7155,28,,,0,71,,7139,28,,,0,30,,7132,28,,,0,100,,7148,28,,,0,97,,7128,28,,,0,100,,7129,28,,,0,100,,7131,27,,,0
2000700,'af2e8e03-0a42-4469-a2b8-e03c803b7d24',938,,7166,28,,,0,100,,7160,28,,,0,100,,7161,28,,,0,100,,7157,28,,,0,100,,7167,28,,,0,100,,7158,28,,,0,100,,7165,28,,,0,100,,7164,28,,,0,100,,7159,28,,,0,102,,7163,28,,,0,100,,7156,28,,,0,100,,7162,28,,,0,97,,7168,27,,,0
2000700,'f29e6a89-2c24-4546-a5bf-65191f526c55',938,,7178,28,,,0,100,,7179,28,,,0,100,,7173,28,,,0,100,,7177,28,,,0,100,,7171,28,,,0,100,,7180,28,,,0,100,,7172,28,,,0,100,,7181,28,,,0,100,,7169,28,,,0,102,,7174,28,,,0,100,,7170,28,,,0,100,,7176,28,,,0,97,,7175,27,,,0
2001200,'4bf8087f-7a14-48a7-b190-74a0cc4c73da',814,,7495,19,,,0,100,,7492,19,,,0,100,,7483,19,,,0,100,,7485,19,,,0,103,,7482,19,,,0,106,,7484,19,,,0,100,,7486,19,,,0,110,,7491,19,,,0,100,,7490,19,,,0,110,,7487,19,,,0,100,,7488,19,,,0,101,,7493,19,,,0,100,,7494,19,,,0,102,,7489,19,,,0
2001200,'8d01581c-cf93-4a74-9f42-0fb702955d15',814,,7497,19,,,0,100,,7503,19,,,0,100,,7502,19,,,0,100,,7498,19,,,0,103,,7506,19,,,0,106,,7509,19,,,0,100,,7501,19,,,0,110,,7504,19,,,0,100,,7500,19,,,0,110,,7508,19,,,0,100,,7505,19,,,0,101,,7496,19,,,0,100,,7507,19,,,0,102,,7499,19,,,0
2001200,'9881fb63-ca97-484f-b0ca-1bb7e4ca8571',519,,7530,19,,,0,35,,7528,19,,,0,60,,7527,19,,,0,30,,7538,19,,,0,72,,7517,19,,,0,34,,7518,19,,,0,73,,7534,19,,,0,30,,7521,19,,,0,75,,7512,19,,,0,75,,7525,19,,,0,30,,7520,19,,,0,70,,7511,19,,,0,35,,7523,19,,,0,75,,7513,19,,,0,30,,7524,19,,,0,70,,7529,19,,,0,35,,7540,19,,,0,75,,7522,19,,,0,36,,7514,19,,,0,75,,7536,19,,,0,75,,7537,19,,,0,35,,7510,19,,,0,75,,7535,19,,,0,35,,7531,19,,,0,75,,7542,19,,,0,25,,7532,19,,,0,75,,7516,19,,,0,75,,7519,19,,,0,35,,7526,19,,,0,70,,7539,19,,,0,30,,7515,19,,,0,100,,7533,19,,,0,100,,7541,19,,,0
2001200,'a06a7e47-f820-49a2-88af-ccffc941c6bc',626,,7548,19,,,0,30,,7565,19,,,0,70,,7552,19,,,0,32,,7559,19,,,0,70,,7561,19,,,0,30,,7554,19,,,0,70,,7553,19,,,0,30,,7545,19,,,0,73,,7574,19,,,0,70,,7571,19,,,0,30,,7564,19,,,0,81,,7543,19,,,0,30,,7557,19,,,0,70,,7544,19,,,0,30,,7566,19,,,0,79,,7550,19,,,0,30,,7569,19,,,0,70,,7546,19,,,0,30,,7570,19,,,0,80,,7567,19,,,0,70,,7558,19,,,0,30,,7573,19,,,0,70,,7555,19,,,0,41,,7547,19,,,0,70,,7562,19,,,0,30,,7560,19,,,0,70,,7568,19,,,0,30,,7556,19,,,0,70,,7563,19,,,0,30,,7572,19,,,0,100,,7549,19,,,0,100,,7551,19,,,0
2001200,'af2e8e03-0a42-4469-a2b8-e03c803b7d24',814,,7576,19,,,0,100,,7586,19,,,0,100,,7588,19,,,0,100,,7575,19,,,0,103,,7584,19,,,0,106,,7578,19,,,0,100,,7587,19,,,0,110,,7582,19,,,0,100,,7579,19,,,0,110,,7581,19,,,0,100,,7583,19,,,0,101,,7577,19,,,0,100,,7585,19,,,0,102,,7580,19,,,0
2001200,'f29e6a89-2c24-4546-a5bf-65191f526c55',814,,7592,19,,,0,100,,7598,19,,,0,100,,7602,19,,,0,100,,7601,19,,,0,103,,7593,19,,,0,106,,7596,19,,,0,100,,7597,19,,,0,110,,7600,19,,,0,100,,7591,19,,,0,110,,7595,19,,,0,100,,7594,19,,,0,101,,7599,19,,,0,100,,7590,19,,,0,102,,7589,19,,,0
