1100,'4bf8087f-7a14-48a7-b190-74a0cc4c73da',831,,5575,11,,,0,100,,5584,11,,,0,100,,5578,11,,,0,100,,5574,11,,,0,100,,5580,11,,,0,100,,5576,11,,,0,100,,5581,11,,,0,100,,5585,11,,,0,100,,5577,11,,,0,100,,5573,11,,,0,100,,5571,11,,,0,100,,5579,11,,,0,100,,5582,11,,,0,100,,5572,11,,,0,100,,5583,11,,,0
1100,'8d01581c-cf93-4a74-9f42-0fb702955d15',831,,5594,11,,,0,100,,5600,11,,,0,100,,5598,11,,,0,100,,5586,11,,,0,100,,5587,11,,,0,100,,5590,11,,,0,100,,5596,11,,,0,100,,5592,11,,,0,100,,5597,11,,,0,100,,5599,11,,,0,100,,5588,11,,,0,100,,5591,11,,,0,100,,5595,11,,,0,100,,5593,11,,,0,100,,5589,11,,,0
1100,'9881fb63-ca97-484f-b0ca-1bb7e4ca8571',501,,5622,11,,,0,100,,5630,11,,,0,30,,5626,11,,,0,70,,5615,11,,,0,30,,5602,11,,,0,70,,5632,11,,,0,30,,5635,11,,,0,70,,5634,11,,,0,30,,5629,11,,,0,70,,5625,11,,,0,30,,5616,11,,,0,70,,5606,11,,,0,30,,5614,11,,,0,70,,5621,11,,,0,30,,5605,11,,,0,70,,5620,11,,,0,30,,5623,11,,,0,71,,5618,11,,,0,30,,5611,11,,,0,70,,5628,11,,,0,30,,5613,11,,,0,69,,5631,11,,,0,30,,5612,11,,,0,70,,5603,11,,,0,31,,5619,11,,,0,70,,5617,11,,,0,29,,5633,11,,,0,70,,5610,11,,,0,30,,5604,11,,,0,70,,5627,11,,,0,30,,5601,11,,,0,70,,5607,11,,,0,30,,5624,11,,,0,70,,5609,11,,,0,100,,5608,11,,,0
1100,'a06a7e47-f820-49a2-88af-ccffc941c6bc',731,,5654,11,,,0,70,,5653,11,,,0,30,,5658,11,,,0,70,,5665,11,,,0,30,,5637,11,,,0,70,,5639,11,,,0,30,,5652,11,,,0,70,,5642,11,,,0,30,,5650,11,,,0,70,,5661,11,,,0,30,,5656,11,,,0,70,,5666,11,,,0,30,,5649,11,,,0,70,,5648,11,,,0,30,,5655,11,,,0,70,,5638,11,,,0,30,,5647,11,,,0,70,,5636,11,,,0,30,,5644,11,,,0,70,,5640,11,,,0,30,,5659,11,,,0,70,,5646,11,,,0,30,,5662,11,,,0,70,,5660,11,,,0,30,,5651,11,,,0,70,,5643,11,,,0,30,,5641,11,,,0,70,,5657,11,,,0,30,,5663,11,,,0,70,,5645,11,,,0,100,,5664,11,,,0
1100,'af2e8e03-0a42-4469-a2b8-e03c803b7d24',831,,5671,11,,,0,100,,5670,11,,,0,100,,5680,11,,,0,100,,5667,11,,,0,100,,5676,11,,,0,100,,5677,11,,,0,100,,5681,11,,,0,100,,5675,11,,,0,100,,5674,11,,,0,100,,5679,11,,,0,100,,5673,11,,,0,100,,5669,11,,,0,100,,5668,11,,,0,100,,5672,11,,,0,100,,5678,11,,,0
1100,'f29e6a89-2c24-4546-a5bf-65191f526c55',831,,5693,11,,,0,100,,5683,11,,,0,100,,5687,11,,,0,100,,5682,11,,,0,100,,5684,11,,,0,100,,5692,11,,,0,100,,5695,11,,,0,100,,5694,11,,,0,100,,5688,11,,,0,100,,5685,11,,,0,100,,5691,11,,,0,100,,5690,11,,,0,100,,5686,11,,,0,100,,5689,11,,,0,100,,5696,11,,,0
10100,'4bf8087f-7a14-48a7-b190-74a0cc4c73da',721,,5896,11,,,0,85,,5890,11,,,0,45,,5884,11,,,0,85,,5892,11,,,0,85,,5888,11,,,0,85,,5899,11,,,0,22,,5900,11,,,0,23,,5898,11,,,0,62,,5909,11,,,0,23,,5901,11,,,0,68,,5891,11,,,0,25,,5886,11,,,0,26,,5904,11,,,0,65,,5906,11,,,0,26,,5907,11,,,0,65,,5902,11,,,0,26,,5887,11,,,0,67,,5885,11,,,0,24,,5908,11,,,0,24,,5910,11,,,0,64,,5903,11,,,0,24,,5894,11,,,0,90,,5883,11,,,0,88,,5895,11,,,0,88,,5893,11,,,0,46,,5897,11,,,0,86,,5889,11,,,0,93,,5905,11,,,0
10100,'8d01581c-cf93-4a74-9f42-0fb702955d15',721,,5911,11,,,0,85,,5915,11,,,0,45,,5929,11,,,0,85,,5927,11,,,0,85,,5917,11,,,0,85,,5931,11,,,0,22,,5913,11,,,0,23,,5923,11,,,0,62,,5924,11,,,0,23,,5936,11,,,0,68,,5919,11,,,0,25,,5932,11,,,0,26,,5918,11,,,0,65,,5912,11,,,0,26,,5937,11,,,0,65,,5934,11,,,0,26,,5920,11,,,0,67,,5938,11,,,0,24,,5933,11,,,0,24,,5914,11,,,0,64,,5922,11,,,0,24,,5926,11,,,0,90,,5916,11,,,0,88,,5928,11,,,0,88,,5921,11,,,0,46,,5930,11,,,0,86,,5925,11,,,0,86,,5935,11,,,0
10100,'9881fb63-ca97-484f-b0ca-1bb7e4ca8571',706,,5949,11,,,0,22,,5952,11,,,0,23,,5945,11,,,0,62,,5960,11,,,0,23,,5958,11,,,0,22,,5940,11,,,0,63,,5950,11,,,0,22,,5966,11,,,0,63,,5947,11,,,0,22,,5954,11,,,0,23,,5959,11,,,0,64,,5963,11,,,0,26,,5975,11,,,0,65,,5972,11,,,0,26,,5968,11,,,0,25,,5967,11,,,0,66,,5943,11,,,0,27,,5969,11,,,0,66,,5962,11,,,0,26,,5942,11,,,0,66,,5964,11,,,0,26,,5971,11,,,0,66,,5956,11,,,0,26,,5941,11,,,0,26,,5944,11,,,0,64,,5974,11,,,0,24,,5951,11,,,0,64,,5957,11,,,0,24,,5970,11,,,0,24,,5953,11,,,0,64,,5961,11,,,0,24,,5939,11,,,0,64,,5973,11,,,0,24,,5948,11,,,0,24,,5965,11,,,0,64,,5946,11,,,0,85,,5955,11,,,0
10100,'a06a7e47-f820-49a2-88af-ccffc941c6bc',716,,5981,11,,,0,85,,5982,11,,,0,22,,5993,11,,,0,23,,5998,11,,,0,62,,6010,11,,,0,23,,6003,11,,,0,22,,5992,11,,,0,63,,6004,11,,,0,22,,5995,11,,,0,63,,5984,11,,,0,22,,5989,11,,,0,23,,6011,11,,,0,62,,5994,11,,,0,23,,6008,11,,,0,22,,6005,11,,,0,65,,5985,11,,,0,25,,5978,11,,,0,66,,5983,11,,,0,27,,5977,11,,,0,66,,5987,11,,,0,25,,5986,11,,,0,26,,5997,11,,,0,65,,6002,11,,,0,26,,5999,11,,,0,65,,5996,11,,,0,26,,5991,11,,,0,65,,5979,11,,,0,26,,6007,11,,,0,25,,5988,11,,,0,66,,6000,11,,,0,24,,6006,11,,,0,64,,5990,11,,,0,24,,5980,11,,,0,24,,6009,11,,,0,63,,6001,11,,,0,90,,5976,11,,,0
10100,'af2e8e03-0a42-4469-a2b8-e03c803b7d24',721,,6039,11,,,0,85,,6033,11,,,0,45,,6034,11,,,0,85,,6035,11,,,0,85,,6028,11,,,0,85,,6019,11,,,0,22,,6030,11,,,0,23,,6024,11,,,0,62,,6025,11,,,0,23,,6026,11,,,0,68,,6020,11,,,0,25,,6031,11,,,0,26,,6014,11,,,0,65,,6023,11,,,0,26,,6015,11,,,0,65,,6021,11,,,0,26,,6022,11,,,0,67,,6017,11,,,0,24,,6027,11,,,0,24,,6018,11,,,0,64,,6032,11,,,0,24,,6037,11,,,0,90,,6038,11,,,0,88,,6029,11,,,0,88,,6016,11,,,0,46,,6013,11,,,0,86,,6012,11,,,0,86,,6036,11,,,0
10100,'f29e6a89-2c24-4546-a5bf-65191f526c55',721,,6042,11,,,0,85,,6058,11,,,0,45,,6041,11,,,0,85,,6045,11,,,0,85,,6046,11,,,0,85,,6053,11,,,0,22,,6060,11,,,0,23,,6063,11,,,0,62,,6066,11,,,0,23,,6064,11,,,0,68,,6048,11,,,0,25,,6047,11,,,0,26,,6057,11,,,0,65,,6056,11,,,0,26,,6059,11,,,0,65,,6044,11,,,0,26,,6054,11,,,0,67,,6055,11,,,0,24,,6040,11,,,0,24,,6050,11,,,0,64,,6049,11,,,0,24,,6052,11,,,0,90,,6065,11,,,0,88,,6061,11,,,0,88,,6051,11,,,0,46,,6043,11,,,0,86,,6067,11,,,0,86,,6062,11,,,0
1000800,'4bf8087f-7a14-48a7-b190-74a0cc4c73da',851,,6440,35,,,0,102,,6439,35,,,0,100,,6426,35,,,0,100,,6441,35,,,0,100,,6418,35,,,0,100,,6444,35,,,0,100,,6437,35,,,0,100,,6428,35,,,0,100,,6438,35,,,0,100,,6435,35,,,0,100,,6423,35,,,0,100,,6445,35,,,0,100,,6425,35,,,0,188,,6432,35,,,0
1000800,'8d01581c-cf93-4a74-9f42-0fb702955d15',851,,6448,35,,,0,102,,6468,35,,,0,100,,6473,35,,,0,100,,6455,35,,,0,100,,6459,35,,,0,100,,6463,35,,,0,100,,6470,35,,,0,100,,6471,35,,,0,100,,6465,35,,,0,100,,6464,35,,,0,100,,6457,35,,,0,100,,6472,35,,,0,100,,6454,35,,,0
1000800,'9881fb63-ca97-484f-b0ca-1bb7e4ca8571',521,,6490,129,,,0,30,,6493,129,,,0,70,,6481,280,,,0,30,,6483,280,,,0,70,,6487,280,,,0,30,,6499,280,,,0,72,,6495,241,,,0,30,,6479,280,,,0,70,,6511,280,,,0,30,,6502,280,,,0,70,,6477,280,,,0,30,,6506,280,,,0,70,,6476,280,,,0,30,,6505,280,,,0,70,,6494,280,,,0,30,,6507,280,,,0,70,,6496,280,,,0,30,,6503,280,,,0,70,,6500,280,,,0,30,,6501,280,,,0,70,,6497,241,,,0,30,,6508,280,,,0,70,,6513,280,,,0,30,,6485,280,,,0,72,,6489,280,,,0,30,,6510,280,,,0,70,,6492,280,,,0,30,,6484,280,,,0,98,,6509,280,,,0,100,,6478,35,,,0,98,,6488,35,,,0,100,,6474,35,,,0,104,,6512,35,,,0
1000800,'a06a7e47-f820-49a2-88af-ccffc941c6bc',651,,6539,11,,,0,70,,6524,11,,,0,30,,6535,129,,,0,72,,6541,280,,,0,30,,6537,280,,,0,70,,6543,280,,,0,30,,6546,280,,,0,70,,6519,280,,,0,30,,6529,280,,,0,70,,6538,280,,,0,30,,6531,280,,,0,70,,6522,280,,,0,30,,6526,280,,,0,70,,6515,280,,,0,30,,6518,280,,,0,70,,6547,280,,,0,30,,6532,280,,,0,70,,6530,280,,,0,30,,6550,280,,,0,70,,6516,280,,,0,30,,6540,280,,,0,72,,6523,280,,,0,30,,6517,280,,,0,70,,6542,280,,,0,30,,6527,280,,,0,98,,6548,280,,,0,100,,6520,35,,,0,99,,6549,35,,,0,100,,6544,35,,,0,100,,6534,35,,,0
1000800,'af2e8e03-0a42-4469-a2b8-e03c803b7d24',851,,6569,35,,,0,102,,6554,35,,,0,100,,6572,35,,,0,100,,6575,35,,,0,100,,6571,35,,,0,100,,6558,35,,,0,100,,6556,35,,,0,100,,6555,35,,,0,100,,6553,35,,,0,100,,6566,35,,,0,100,,6564,35,,,0,100,,6567,35,,,0,100,,6557,35,,,0
1000800,'f29e6a89-2c24-4546-a5bf-65191f526c55',851,,6603,35,,,0,102,,6589,35,,,0,100,,6601,35,,,0,100,,6584,35,,,0,100,,6597,35,,,0,100,,6579,35,,,0,100,,6583,35,,,0,100,,6604,35,,,0,100,,6599,35,,,0,100,,6587,35,,,0,100,,6582,35,,,0,100,,6578,35,,,0,100,,6592,35,,,0
