1000200,'4bf8087f-7a14-48a7-b190-74a0cc4c73da',940,,6164,25,,,0,100,,6155,25,,,0,70,,6161,25,,,0,100,,6163,25,,,0,30,,6172,25,,,0,100,,6154,25,,,0,70,,6160,25,,,0,100,,6158,25,,,0,30,,6171,25,,,0,100,,6167,25,,,0,70,,6156,25,,,0,100,,6165,25,,,0,30,,6168,25,,,0,100,,6166,25,,,0,70,,6169,25,,,0,100,,6162,25,,,0,30,,6159,25,,,0
1000200,'8d01581c-cf93-4a74-9f42-0fb702955d15',940,,6190,25,,,0,100,,6179,25,,,0,70,,6183,25,,,0,100,,6189,25,,,0,30,,6191,25,,,0,100,,6180,25,,,0,70,,6186,25,,,0,100,,6175,25,,,0,30,,6182,25,,,0,100,,6177,25,,,0,70,,6174,25,,,0,100,,6185,25,,,0,30,,6173,25,,,0,100,,6184,25,,,0,70,,6181,25,,,0,100,,6178,25,,,0,30,,6176,25,,,0
1000200,'9881fb63-ca97-484f-b0ca-1bb7e4ca8571',610,,6195,25,,,0,30,,6217,25,,,0,70,,6193,25,,,0,30,,6215,25,,,0,70,,6208,25,,,0,30,,6210,25,,,0,70,,6222,25,,,0,30,,6203,25,,,0,70,,6192,25,,,0,30,,6214,25,,,0,70,,6194,25,,,0,30,,6216,25,,,0,70,,6202,25,,,0,30,,6209,25,,,0,70,,6224,25,,,0,30,,6223,25,,,0,71,,6213,25,,,0,30,,6206,25,,,0,70,,6211,25,,,0,30,,6204,25,,,0,70,,6218,25,,,0,30,,6201,25,,,0,70,,6205,25,,,0,29,,6196,25,,,0,70,,6219,25,,,0,30,,6207,25,,,0,70,,6199,25,,,0,100,,6198,25,,,0,30,,6197,25,,,0,100,,6212,25,,,0,70,,6200,25,,,0,100,,6221,25,,,0
1000200,'a06a7e47-f820-49a2-88af-ccffc941c6bc',710,,6241,25,,,0,30,,6253,25,,,0,70,,6249,25,,,0,30,,6232,25,,,0,70,,6239,25,,,0,30,,6228,25,,,0,70,,6251,25,,,0,30,,6231,25,,,0,70,,6229,25,,,0,30,,6252,25,,,0,70,,6235,25,,,0,30,,6238,25,,,0,70,,6234,25,,,0,30,,6250,25,,,0,70,,6254,25,,,0,30,,6257,25,,,0,70,,6240,25,,,0,30,,6255,25,,,0,70,,6227,25,,,0,30,,6242,25,,,0,70,,6236,25,,,0,30,,6237,25,,,0,70,,6245,25,,,0,30,,6226,25,,,0,70,,6244,25,,,0,100,,6256,25,,,0,30,,6243,25,,,0,100,,6233,25,,,0,70,,6246,25,,,0,100,,6230,25,,,0
1000200,'af2e8e03-0a42-4469-a2b8-e03c803b7d24',940,,6275,25,,,0,100,,6276,25,,,0,70,,6264,25,,,0,100,,6273,25,,,0,30,,6269,25,,,0,100,,6263,25,,,0,70,,6262,25,,,0,100,,6271,25,,,0,30,,6265,25,,,0,100,,6259,25,,,0,70,,6272,25,,,0,100,,6270,25,,,0,30,,6261,25,,,0,100,,6268,25,,,0,70,,6267,25,,,0,100,,6260,25,,,0,30,,6266,25,,,0
1000200,'f29e6a89-2c24-4546-a5bf-65191f526c55',940,,6295,25,,,0,100,,6290,25,,,0,70,,6292,25,,,0,100,,6279,25,,,0,30,,6284,25,,,0,100,,6288,25,,,0,70,,6293,25,,,0,100,,6281,25,,,0,30,,6283,25,,,0,100,,6289,25,,,0,70,,6280,25,,,0,100,,6278,25,,,0,30,,6286,25,,,0,100,,6282,25,,,0,70,,6285,25,,,0,100,,6294,25,,,0,30,,6291,25,,,0
1000800,'4bf8087f-7a14-48a7-b190-74a0cc4c73da',840,,6420,17,,,0,100,,6419,66,,,0,98,,6433,66,,,0,100,,6434,66,,,0,100,,6427,66,,,0,100,,6422,66,,,0,100,,6421,66,,,0,100,,6431,66,,,0,101,,6430,66,,,0,100,,6443,66,,,0,100,,6424,66,,,0,100,,6446,66,,,0,101,,6429,66,,,0,100,,6442,66,,,0
1000800,'8d01581c-cf93-4a74-9f42-0fb702955d15',840,,6456,17,,,0,100,,6460,66,,,0,98,,6452,66,,,0,100,,6451,66,,,0,100,,6453,66,,,0,100,,6449,66,,,0,100,,6467,66,,,0,100,,6466,66,,,0,101,,6462,66,,,0,100,,6447,66,,,0,100,,6458,66,,,0,100,,6450,66,,,0,101,,6461,66,,,0,100,,6469,66,,,0
1000800,'9881fb63-ca97-484f-b0ca-1bb7e4ca8571',440,,6490,13,,,0,69,,6493,13,,,0,31,,6481,119,,,0,70,,6483,119,,,0,30,,6487,119,,,0,70,,6499,119,,,0,27,,6495,75,,,0,73,,6479,119,,,0,30,,6511,119,,,0,70,,6502,119,,,0,30,,6477,119,,,0,70,,6506,119,,,0,28,,6476,119,,,0,70,,6505,119,,,0,30,,6494,119,,,0,70,,6507,119,,,0,30,,6496,119,,,0,70,,6503,119,,,0,30,,6500,119,,,0,70,,6501,119,,,0,30,,6497,75,,,0,70,,6508,119,,,0,30,,6513,119,,,0,70,,6485,119,,,0,30,,6489,119,,,0,70,,6510,119,,,0,30,,6492,119,,,0,70,,6484,119,,,0,31,,6475,66,,,0,69,,6509,119,,,0,31,,6491,66,,,0,101,,6498,66,,,0,100,,6504,66,,,0,100,,6486,66,,,0,100,,6480,66,,,0
1000800,'a06a7e47-f820-49a2-88af-ccffc941c6bc',710,,6535,13,,,0,30,,6541,119,,,0,70,,6537,119,,,0,30,,6543,119,,,0,70,,6546,119,,,0,30,,6519,119,,,0,70,,6529,119,,,0,28,,6538,119,,,0,70,,6531,119,,,0,30,,6522,119,,,0,70,,6526,119,,,0,30,,6515,119,,,0,70,,6518,119,,,0,30,,6547,119,,,0,70,,6532,119,,,0,30,,6530,119,,,0,70,,6550,119,,,0,30,,6516,119,,,0,70,,6540,119,,,0,30,,6523,119,,,0,70,,6517,119,,,0,30,,6542,119,,,0,70,,6527,119,,,0,31,,6514,66,,,0,69,,6548,119,,,0,31,,6528,66,,,0,101,,6521,66,,,0,100,,6525,66,,,0,100,,6536,66,,,0,100,,6533,66,,,0
1000800,'af2e8e03-0a42-4469-a2b8-e03c803b7d24',840,,6577,17,,,0,100,,6559,66,,,0,98,,6574,66,,,0,100,,6562,66,,,0,100,,6573,66,,,0,100,,6563,66,,,0,100,,6576,66,,,0,100,,6565,66,,,0,101,,6561,66,,,0,100,,6551,66,,,0,100,,6570,66,,,0,100,,6560,66,,,0,101,,6552,66,,,0,100,,6568,66,,,0
1000800,'f29e6a89-2c24-4546-a5bf-65191f526c55',840,,6594,17,,,0,100,,6593,66,,,0,98,,6585,66,,,0,100,,6598,66,,,0,100,,6581,66,,,0,100,,6591,66,,,0,100,,6586,66,,,0,100,,6595,66,,,0,101,,6590,66,,,0,100,,6602,66,,,0,100,,6596,66,,,0,100,,6588,66,,,0,101,,6600,66,,,0,100,,6580,66,,,0
