10100,'4bf8087f-7a14-48a7-b190-74a0cc4c73da',755,,5896,145,,,0,85,,5890,145,,,0,85,,5884,145,,,0,85,,5892,145,,,0,45,,5888,145,,,0,85,,5899,145,,,0,62,,5900,145,,,0,23,,5898,145,,,0,28,,5909,145,,,0,63,,5901,145,,,0,28,,5891,145,,,0,65,,5886,145,,,0,26,,5904,145,,,0,65,,5906,145,,,0,26,,5907,145,,,0,25,,5902,145,,,0,66,,5887,145,,,0,24,,5885,145,,,0,64,,5908,145,,,0,24,,5910,145,,,0,24,,5903,145,,,0,64,,5894,145,,,0,90,,5883,145,,,0,48,,5895,145,,,0,86,,5893,145,,,0,86,,5897,145,,,0,86,,5889,145,,,0,93,,5905,145,,,0
10100,'8d01581c-cf93-4a74-9f42-0fb702955d15',755,,5911,145,,,0,85,,5915,145,,,0,85,,5929,145,,,0,85,,5927,145,,,0,45,,5917,145,,,0,85,,5931,145,,,0,62,,5913,145,,,0,23,,5923,145,,,0,28,,5924,145,,,0,63,,5936,145,,,0,28,,5919,145,,,0,65,,5932,145,,,0,26,,5918,145,,,0,65,,5912,145,,,0,26,,5937,145,,,0,25,,5934,145,,,0,66,,5920,145,,,0,24,,5938,145,,,0,64,,5933,145,,,0,24,,5914,145,,,0,24,,5922,145,,,0,64,,5926,145,,,0,90,,5916,145,,,0,48,,5928,145,,,0,86,,5921,145,,,0,86,,5930,145,,,0,86,,5925,145,,,0,46,,5935,145,,,0
10100,'9881fb63-ca97-484f-b0ca-1bb7e4ca8571',740,,5949,145,,,0,62,,5952,145,,,0,23,,5945,145,,,0,22,,5960,145,,,0,63,,5958,145,,,0,22,,5940,145,,,0,23,,5950,145,,,0,62,,5966,145,,,0,23,,5947,145,,,0,62,,5954,145,,,0,29,,5959,145,,,0,24,,5963,145,,,0,66,,5975,145,,,0,25,,5972,145,,,0,66,,5968,145,,,0,25,,5967,145,,,0,66,,5943,145,,,0,27,,5969,145,,,0,27,,5962,145,,,0,66,,5942,145,,,0,26,,5964,145,,,0,66,,5971,145,,,0,26,,5956,145,,,0,62,,5941,145,,,0,26,,5944,145,,,0,24,,5974,145,,,0,64,,5951,145,,,0,24,,5957,145,,,0,64,,5970,145,,,0,24,,5953,145,,,0,24,,5961,145,,,0,64,,5939,145,,,0,24,,5973,145,,,0,62,,5948,145,,,0,24,,5965,145,,,0,24,,5946,145,,,0,85,,5955,145,,,0
10100,'a06a7e47-f820-49a2-88af-ccffc941c6bc',750,,5981,145,,,0,85,,5982,145,,,0,22,,5993,145,,,0,63,,5998,145,,,0,22,,6010,145,,,0,63,,6003,145,,,0,22,,5992,145,,,0,23,,6004,145,,,0,62,,5995,145,,,0,23,,5984,145,,,0,22,,5989,145,,,0,63,,6011,145,,,0,22,,5994,145,,,0,63,,6008,145,,,0,28,,6005,145,,,0,25,,5985,145,,,0,65,,5978,145,,,0,26,,5983,145,,,0,67,,5977,145,,,0,26,,5987,145,,,0,65,,5986,145,,,0,26,,5997,145,,,0,25,,6002,145,,,0,66,,5999,145,,,0,25,,5996,145,,,0,66,,5991,145,,,0,25,,5979,145,,,0,66,,6007,145,,,0,22,,5988,145,,,0,26,,6000,145,,,0,64,,6006,145,,,0,24,,5990,145,,,0,62,,5980,145,,,0,24,,6009,145,,,0,23,,6001,145,,,0,90,,5976,145,,,0
10100,'af2e8e03-0a42-4469-a2b8-e03c803b7d24',755,,6039,145,,,0,85,,6033,145,,,0,85,,6034,145,,,0,85,,6035,145,,,0,45,,6028,145,,,0,85,,6019,145,,,0,62,,6030,145,,,0,23,,6024,145,,,0,28,,6025,145,,,0,63,,6026,145,,,0,28,,6020,145,,,0,65,,6031,145,,,0,26,,6014,145,,,0,65,,6023,145,,,0,26,,6015,145,,,0,25,,6021,145,,,0,66,,6022,145,,,0,24,,6017,145,,,0,64,,6027,145,,,0,24,,6018,145,,,0,24,,6032,145,,,0,64,,6037,145,,,0,90,,6038,145,,,0,48,,6029,145,,,0,86,,6016,145,,,0,86,,6013,145,,,0,86,,6012,145,,,0,46,,6036,145,,,0
10100,'f29e6a89-2c24-4546-a5bf-65191f526c55',755,,6042,145,,,0,85,,6058,145,,,0,85,,6041,145,,,0,85,,6045,145,,,0,45,,6046,145,,,0,85,,6053,145,,,0,62,,6060,145,,,0,23,,6063,145,,,0,28,,6066,145,,,0,63,,6064,145,,,0,28,,6048,145,,,0,65,,6047,145,,,0,26,,6057,145,,,0,65,,6056,145,,,0,26,,6059,145,,,0,25,,6044,145,,,0,66,,6054,145,,,0,24,,6055,145,,,0,64,,6040,145,,,0,24,,6050,145,,,0,24,,6049,145,,,0,64,,6052,145,,,0,90,,6065,145,,,0,48,,6061,145,,,0,86,,6051,145,,,0,86,,6043,145,,,0,86,,6067,145,,,0,46,,6062,145,,,0
2000700,'4bf8087f-7a14-48a7-b190-74a0cc4c73da',937,,7070,25,,,0,100,,7076,25,,,0,100,,7067,25,,,0,100,,7074,25,,,0,100,,7075,25,,,0,100,,7078,25,,,0,100,,7073,25,,,0,100,,7069,25,,,0,100,,7068,25,,,0,102,,7065,25,,,0,100,,7066,25,,,0,100,,7077,25,,,0,98,,7071,25,,,0,122,,7072,24,,,0
2000700,'8d01581c-cf93-4a74-9f42-0fb702955d15',937,,7084,25,,,0,100,,7081,25,,,0,100,,7079,25,,,0,100,,7091,25,,,0,100,,7087,25,,,0,100,,7086,25,,,0,100,,7085,25,,,0,100,,7080,25,,,0,100,,7090,25,,,0,102,,7088,25,,,0,100,,7083,25,,,0,100,,7089,25,,,0,98,,7082,24,,,0
2000700,'9881fb63-ca97-484f-b0ca-1bb7e4ca8571',539,,7098,25,,,0,70,,7102,25,,,0,30,,7118,25,,,0,70,,7097,25,,,0,30,,7092,25,,,0,65,,7094,25,,,0,35,,7100,25,,,0,65,,7124,25,,,0,33,,7115,25,,,0,70,,7108,25,,,0,30,,7106,25,,,0,70,,7113,25,,,0,30,,7111,25,,,0,70,,7093,25,,,0,30,,7120,25,,,0,70,,7109,25,,,0,30,,7104,25,,,0,70,,7123,25,,,0,31,,7095,25,,,0,70,,7119,25,,,0,30,,7114,25,,,0,70,,7110,25,,,0,30,,7103,25,,,0,70,,7105,25,,,0,28,,7096,25,,,0,70,,7112,25,,,0,32,,7107,25,,,0,70,,7101,25,,,0,32,,7122,25,,,0,98,,7099,25,,,0,100,,7121,25,,,0,96,,7117,25,,,0,104,,7116,24,,,0
2000700,'a06a7e47-f820-49a2-88af-ccffc941c6bc',639,,7133,25,,,0,70,,7153,25,,,0,30,,7142,25,,,0,70,,7125,25,,,0,30,,7126,25,,,0,70,,7137,25,,,0,28,,7136,25,,,0,70,,7150,25,,,0,30,,7130,25,,,0,70,,7152,25,,,0,30,,7127,25,,,0,70,,7143,25,,,0,30,,7135,25,,,0,70,,7144,25,,,0,30,,7146,25,,,0,70,,7138,25,,,0,30,,7147,25,,,0,70,,7141,25,,,0,30,,7145,25,,,0,70,,7151,25,,,0,30,,7154,25,,,0,70,,7134,25,,,0,30,,7149,25,,,0,70,,7140,25,,,0,32,,7155,25,,,0,70,,7139,25,,,0,30,,7132,25,,,0,100,,7148,25,,,0,98,,7128,25,,,0,100,,7129,25,,,0,100,,7131,24,,,0
2000700,'af2e8e03-0a42-4469-a2b8-e03c803b7d24',937,,7166,25,,,0,100,,7160,25,,,0,100,,7161,25,,,0,100,,7157,25,,,0,100,,7167,25,,,0,100,,7158,25,,,0,100,,7165,25,,,0,100,,7164,25,,,0,100,,7159,25,,,0,102,,7163,25,,,0,100,,7156,25,,,0,100,,7162,25,,,0,98,,7168,24,,,0
2000700,'f29e6a89-2c24-4546-a5bf-65191f526c55',937,,7178,25,,,0,100,,7179,25,,,0,100,,7173,25,,,0,100,,7177,25,,,0,100,,7171,25,,,0,100,,7180,25,,,0,100,,7172,25,,,0,100,,7181,25,,,0,100,,7169,25,,,0,102,,7174,25,,,0,100,,7170,25,,,0,100,,7176,25,,,0,98,,7175,24,,,0
2001200,'4bf8087f-7a14-48a7-b190-74a0cc4c73da',812,,7495,17,,,0,100,,7492,17,,,0,100,,7483,17,,,0,100,,7485,17,,,0,103,,7482,17,,,0,107,,7484,17,,,0,100,,7486,17,,,0,110,,7491,17,,,0,100,,7490,17,,,0,110,,7487,17,,,0,100,,7488,17,,,0,101,,7493,17,,,0,100,,7494,17,,,0,102,,7489,17,,,0
2001200,'8d01581c-cf93-4a74-9f42-0fb702955d15',812,,7497,17,,,0,100,,7503,17,,,0,100,,7502,17,,,0,100,,7498,17,,,0,103,,7506,17,,,0,107,,7509,17,,,0,100,,7501,17,,,0,110,,7504,17,,,0,100,,7500,17,,,0,110,,7508,17,,,0,100,,7505,17,,,0,101,,7496,17,,,0,100,,7507,17,,,0,102,,7499,17,,,0
2001200,'9881fb63-ca97-484f-b0ca-1bb7e4ca8571',518,,7530,17,,,0,35,,7528,17,,,0,60,,7527,17,,,0,29,,7538,17,,,0,72,,7517,17,,,0,34,,7518,17,,,0,73,,7534,17,,,0,30,,7521,17,,,0,75,,7512,17,,,0,75,,7525,17,,,0,30,,7520,17,,,0,70,,7511,17,,,0,35,,7523,17,,,0,76,,7513,17,,,0,30,,7524,17,,,0,70,,7529,17,,,0,35,,7540,17,,,0,75,,7522,17,,,0,36,,7514,17,,,0,75,,7536,17,,,0,75,,7537,17,,,0,35,,7510,17,,,0,75,,7535,17,,,0,35,,7531,17,,,0,75,,7542,17,,,0,25,,7532,17,,,0,75,,7516,17,,,0,75,,7519,17,,,0,35,,7526,17,,,0,70,,7539,17,,,0,30,,7515,17,,,0,100,,7533,17,,,0,100,,7541,17,,,0
2001200,'a06a7e47-f820-49a2-88af-ccffc941c6bc',625,,7548,17,,,0,30,,7565,17,,,0,70,,7552,17,,,0,31,,7559,17,,,0,70,,7561,17,,,0,30,,7554,17,,,0,70,,7553,17,,,0,30,,7545,17,,,0,73,,7574,17,,,0,30,,7571,17,,,0,70,,7564,17,,,0,82,,7543,17,,,0,30,,7557,17,,,0,70,,7544,17,,,0,30,,7566,17,,,0,79,,7550,17,,,0,30,,7569,17,,,0,70,,7546,17,,,0,30,,7570,17,,,0,80,,7567,17,,,0,70,,7558,17,,,0,30,,7573,17,,,0,70,,7555,17,,,0,41,,7547,17,,,0,70,,7562,17,,,0,30,,7560,17,,,0,70,,7568,17,,,0,30,,7556,17,,,0,70,,7563,17,,,0,30,,7572,17,,,0,100,,7549,17,,,0,100,,7551,17,,,0
2001200,'af2e8e03-0a42-4469-a2b8-e03c803b7d24',812,,7576,17,,,0,100,,7586,17,,,0,100,,7588,17,,,0,100,,7575,17,,,0,103,,7584,17,,,0,107,,7578,17,,,0,100,,7587,17,,,0,110,,7582,17,,,0,100,,7579,17,,,0,110,,7581,17,,,0,100,,7583,17,,,0,101,,7577,17,,,0,100,,7585,17,,,0,102,,7580,17,,,0
2001200,'f29e6a89-2c24-4546-a5bf-65191f526c55',812,,7592,17,,,0,100,,7598,17,,,0,100,,7602,17,,,0,100,,7601,17,,,0,103,,7593,17,,,0,107,,7596,17,,,0,100,,7597,17,,,0,110,,7600,17,,,0,100,,7591,17,,,0,110,,7595,17,,,0,100,,7594,17,,,0,101,,7599,17,,,0,100,,7590,17,,,0,102,,7589,17,,,0
