1000800,'4bf8087f-7a14-48a7-b190-74a0cc4c73da',855,,6420,53,,,0,100,,6419,101,,,0,98,,6433,101,,,0,100,,6434,101,,,0,100,,6427,101,,,0,100,,6422,101,,,0,100,,6421,101,,,0,100,,6431,101,,,0,101,,6430,101,,,0,100,,6443,101,,,0,100,,6424,101,,,0,100,,6446,101,,,0,101,,6429,101,,,0,100,,6442,101,,,0
1000800,'8d01581c-cf93-4a74-9f42-0fb702955d15',855,,6456,53,,,0,100,,6460,101,,,0,98,,6452,101,,,0,100,,6451,101,,,0,100,,6453,101,,,0,100,,6449,101,,,0,100,,6467,101,,,0,100,,6466,101,,,0,101,,6462,101,,,0,100,,6447,101,,,0,100,,6458,101,,,0,100,,6450,101,,,0,101,,6461,101,,,0,100,,6469,101,,,0
1000800,'9881fb63-ca97-484f-b0ca-1bb7e4ca8571',456,,6490,49,,,0,69,,6493,49,,,0,31,,6481,180,,,0,70,,6483,180,,,0,30,,6487,180,,,0,70,,6499,180,,,0,29,,6495,131,,,0,70,,6479,180,,,0,30,,6511,180,,,0,70,,6502,180,,,0,30,,6477,180,,,0,70,,6506,180,,,0,28,,6476,180,,,0,70,,6505,180,,,0,30,,6494,180,,,0,70,,6507,180,,,0,30,,6496,180,,,0,70,,6503,180,,,0,30,,6500,180,,,0,70,,6501,180,,,0,30,,6497,131,,,0,70,,6508,180,,,0,30,,6513,180,,,0,70,,6485,180,,,0,31,,6489,180,,,0,70,,6510,180,,,0,30,,6492,180,,,0,70,,6484,180,,,0,30,,6475,103,,,0,70,,6509,180,,,0,30,,6491,101,,,0,101,,6498,101,,,0,100,,6504,101,,,0,100,,6486,101,,,0,100,,6480,101,,,0
1000800,'a06a7e47-f820-49a2-88af-ccffc941c6bc',726,,6535,49,,,0,29,,6541,180,,,0,70,,6537,180,,,0,30,,6543,180,,,0,70,,6546,180,,,0,30,,6519,180,,,0,70,,6529,180,,,0,28,,6538,180,,,0,70,,6531,180,,,0,30,,6522,180,,,0,70,,6526,180,,,0,30,,6515,180,,,0,70,,6518,180,,,0,30,,6547,180,,,0,70,,6532,180,,,0,30,,6530,180,,,0,70,,6550,180,,,0,30,,6516,180,,,0,70,,6540,180,,,0,31,,6523,180,,,0,70,,6517,180,,,0,30,,6542,180,,,0,70,,6527,180,,,0,30,,6514,103,,,0,70,,6548,180,,,0,30,,6528,101,,,0,101,,6521,101,,,0,100,,6525,101,,,0,100,,6536,101,,,0,100,,6533,101,,,0
1000800,'af2e8e03-0a42-4469-a2b8-e03c803b7d24',855,,6577,53,,,0,100,,6559,101,,,0,98,,6574,101,,,0,100,,6562,101,,,0,100,,6573,101,,,0,100,,6563,101,,,0,100,,6576,101,,,0,100,,6565,101,,,0,101,,6561,101,,,0,100,,6551,101,,,0,100,,6570,101,,,0,100,,6560,101,,,0,101,,6552,101,,,0,100,,6568,101,,,0
1000800,'f29e6a89-2c24-4546-a5bf-65191f526c55',855,,6594,53,,,0,100,,6593,101,,,0,98,,6585,101,,,0,100,,6598,101,,,0,100,,6581,101,,,0,100,,6591,101,,,0,100,,6586,101,,,0,100,,6595,101,,,0,101,,6590,101,,,0,100,,6602,101,,,0,100,,6596,101,,,0,100,,6588,101,,,0,101,,6600,101,,,0,100,,6580,101,,,0
2000700,'4bf8087f-7a14-48a7-b190-74a0cc4c73da',1010,,7070,133,,,0,100,,7076,133,,,0,100,,7067,133,,,0,100,,7074,133,,,0,100,,7075,133,,,0,100,,7078,133,,,0,100,,7073,133,,,0,100,,7069,133,,,0,100,,7068,133,,,0,102,,7065,133,,,0,100,,7066,133,,,0,100,,7077,133,,,0,135,,7071,133,,,0
2000700,'8d01581c-cf93-4a74-9f42-0fb702955d15',1010,,7084,133,,,0,100,,7081,133,,,0,100,,7079,133,,,0,100,,7091,133,,,0,100,,7087,133,,,0,100,,7086,133,,,0,100,,7085,133,,,0,100,,7080,133,,,0,100,,7090,133,,,0,102,,7088,133,,,0,100,,7083,133,,,0,100,,7089,133,,,0
2000700,'9881fb63-ca97-484f-b0ca-1bb7e4ca8571',611,,7098,133,,,0,30,,7102,133,,,0,70,,7118,133,,,0,30,,7097,133,,,0,70,,7092,133,,,0,28,,7094,133,,,0,72,,7100,133,,,0,28,,7124,133,,,0,71,,7115,133,,,0,30,,7108,133,,,0,70,,7106,133,,,0,30,,7113,133,,,0,70,,7111,133,,,0,30,,7093,133,,,0,70,,7120,133,,,0,30,,7109,133,,,0,72,,7104,133,,,0,28,,7123,133,,,0,70,,7095,133,,,0,30,,7119,133,,,0,70,,7114,133,,,0,30,,7110,133,,,0,70,,7103,133,,,0,30,,7105,133,,,0,69,,7096,133,,,0,30,,7112,133,,,0,72,,7107,133,,,0,30,,7101,133,,,0,72,,7122,133,,,0,98,,7099,133,,,0,99,,7121,133,,,0,96,,7117,133,,,0
2000700,'a06a7e47-f820-49a2-88af-ccffc941c6bc',711,,7133,133,,,0,30,,7153,133,,,0,70,,7142,133,,,0,30,,7125,133,,,0,70,,7126,133,,,0,30,,7137,133,,,0,69,,7136,133,,,0,30,,7150,133,,,0,70,,7130,133,,,0,30,,7152,133,,,0,70,,7127,133,,,0,30,,7143,133,,,0,70,,7135,133,,,0,30,,7144,133,,,0,70,,7146,133,,,0,30,,7138,133,,,0,70,,7147,133,,,0,30,,7141,133,,,0,70,,7145,133,,,0,30,,7151,133,,,0,70,,7154,133,,,0,30,,7134,133,,,0,70,,7149,133,,,0,30,,7140,133,,,0,72,,7155,133,,,0,30,,7139,133,,,0,70,,7132,133,,,0,100,,7148,133,,,0,47,,7128,133,,,0,150,,7129,133,,,0
2000700,'af2e8e03-0a42-4469-a2b8-e03c803b7d24',1010,,7166,133,,,0,100,,7160,133,,,0,100,,7161,133,,,0,100,,7157,133,,,0,100,,7167,133,,,0,100,,7158,133,,,0,100,,7165,133,,,0,100,,7164,133,,,0,100,,7159,133,,,0,102,,7163,133,,,0,100,,7156,133,,,0,100,,7162,133,,,0
2000700,'f29e6a89-2c24-4546-a5bf-65191f526c55',1010,,7178,133,,,0,100,,7179,133,,,0,100,,7173,133,,,0,100,,7177,133,,,0,100,,7171,133,,,0,100,,7180,133,,,0,100,,7172,133,,,0,100,,7181,133,,,0,100,,7169,133,,,0,102,,7174,133,,,0,100,,7170,133,,,0,100,,7176,133,,,0
