10000,'4bf8087f-7a14-48a7-b190-74a0cc4c73da',746,,5700,6,,,0,89,,5717,6,,,0,89,,5702,6,,,0,89,,5705,6,,,0,89,,5715,6,,,0,24,,5712,6,,,0,25,,5710,6,,,0,64,,5699,6,,,0,25,,5698,6,,,0,64,,5697,6,,,0,25,,5707,6,,,0,24,,5709,6,,,0,65,,5723,6,,,0,24,,5720,6,,,0,65,,5716,6,,,0,24,,5721,6,,,0,25,,5713,6,,,0,65,,5704,6,,,0,26,,5722,6,,,0,65,,5719,6,,,0,26,,5724,6,,,0,65,,5718,6,,,0,47,,5703,6,,,0,87,,5714,6,,,0,87,,5708,6,,,0,87,,5711,6,,,0,46,,5706,6,,,0,86,,5701,6,,,0
10000,'8d01581c-cf93-4a74-9f42-0fb702955d15',746,,5728,6,,,0,89,,5745,6,,,0,89,,5747,6,,,0,89,,5730,6,,,0,89,,5729,6,,,0,24,,5731,6,,,0,25,,5742,6,,,0,64,,5735,6,,,0,25,,5748,6,,,0,64,,5727,6,,,0,25,,5738,6,,,0,24,,5751,6,,,0,65,,5736,6,,,0,24,,5741,6,,,0,65,,5750,6,,,0,24,,5733,6,,,0,25,,5752,6,,,0,65,,5737,6,,,0,26,,5734,6,,,0,65,,5725,6,,,0,26,,5743,6,,,0,65,,5749,6,,,0,47,,5739,6,,,0,87,,5746,6,,,0,87,,5732,6,,,0,87,,5740,6,,,0,46,,5726,6,,,0,86,,5744,6,,,0
10000,'9881fb63-ca97-484f-b0ca-1bb7e4ca8571',710,,5772,6,,,0,19,,5767,6,,,0,29,,5758,6,,,0,62,,5763,6,,,0,27,,5756,6,,,0,64,,5769,6,,,0,25,,5773,6,,,0,64,,5780,6,,,0,25,,5757,6,,,0,24,,5779,6,,,0,65,,5771,6,,,0,24,,5781,6,,,0,65,,5785,6,,,0,24,,5788,6,,,0,25,,5765,6,,,0,65,,5783,6,,,0,26,,5776,6,,,0,65,,5764,6,,,0,26,,5790,6,,,0,25,,5777,6,,,0,66,,5762,6,,,0,24,,5760,6,,,0,65,,5784,6,,,0,24,,5774,6,,,0,65,,5766,6,,,0,24,,5775,6,,,0,23,,5789,6,,,0,64,,5753,6,,,0,23,,5782,6,,,0,64,,5787,6,,,0,23,,5778,6,,,0,24,,5770,6,,,0,63,,5759,6,,,0,23,,5786,6,,,0,23,,5768,6,,,0,63,,5755,6,,,0,23,,5754,6,,,0,86,,5761,6,,,0
10000,'a06a7e47-f820-49a2-88af-ccffc941c6bc',744,,5807,6,,,0,64,,5821,6,,,0,25,,5792,6,,,0,24,,5794,6,,,0,65,,5798,6,,,0,24,,5803,6,,,0,65,,5800,6,,,0,24,,5822,6,,,0,65,,5814,6,,,0,24,,5811,6,,,0,25,,5826,6,,,0,64,,5802,6,,,0,25,,5819,6,,,0,64,,5801,6,,,0,25,,5813,6,,,0,24,,5820,6,,,0,65,,5791,6,,,0,24,,5823,6,,,0,65,,5824,6,,,0,25,,5818,6,,,0,26,,5808,6,,,0,65,,5809,6,,,0,26,,5793,6,,,0,65,,5799,6,,,0,26,,5815,6,,,0,65,,5796,6,,,0,22,,5806,6,,,0,25,,5816,6,,,0,62,,5805,6,,,0,25,,5797,6,,,0,22,,5810,6,,,0,65,,5795,6,,,0,21,,5825,6,,,0,65,,5817,6,,,0,22,,5804,6,,,0,86,,5812,6,,,0
10000,'af2e8e03-0a42-4469-a2b8-e03c803b7d24',746,,5833,6,,,0,89,,5838,6,,,0,89,,5847,6,,,0,89,,5834,6,,,0,89,,5846,6,,,0,24,,5830,6,,,0,25,,5848,6,,,0,64,,5841,6,,,0,25,,5843,6,,,0,64,,5850,6,,,0,25,,5840,6,,,0,24,,5845,6,,,0,65,,5842,6,,,0,24,,5827,6,,,0,65,,5837,6,,,0,24,,5854,6,,,0,25,,5852,6,,,0,65,,5836,6,,,0,26,,5831,6,,,0,65,,5839,6,,,0,26,,5849,6,,,0,65,,5828,6,,,0,47,,5851,6,,,0,87,,5829,6,,,0,87,,5835,6,,,0,87,,5853,6,,,0,46,,5844,6,,,0,86,,5832,6,,,0
10000,'f29e6a89-2c24-4546-a5bf-65191f526c55',746,,5881,6,,,0,89,,5872,6,,,0,89,,5878,6,,,0,89,,5858,6,,,0,89,,5862,6,,,0,24,,5868,6,,,0,25,,5875,6,,,0,64,,5882,6,,,0,25,,5876,6,,,0,64,,5865,6,,,0,25,,5879,6,,,0,24,,5866,6,,,0,65,,5871,6,,,0,24,,5855,6,,,0,65,,5869,6,,,0,24,,5870,6,,,0,25,,5863,6,,,0,65,,5880,6,,,0,26,,5859,6,,,0,65,,5874,6,,,0,26,,5877,6,,,0,65,,5860,6,,,0,47,,5856,6,,,0,87,,5864,6,,,0,87,,5873,6,,,0,87,,5867,6,,,0,46,,5857,6,,,0,86,,5861,6,,,0
1000700,'4bf8087f-7a14-48a7-b190-74a0cc4c73da',1019,,6309,178,,,0,100,,6306,178,,,0,100,,6300,178,,,0,100,,6298,178,,,0,100,,6305,178,,,0,100,,6307,178,,,0,100,,6299,178,,,0,100,,6302,178,,,0,100,,6297,178,,,0,100,,6303,178,,,0,100,,6301,178,,,0,99,,6304,178,,,0,122,,6296,178,,,0
1000700,'8d01581c-cf93-4a74-9f42-0fb702955d15',1019,,6323,178,,,0,100,,6320,178,,,0,100,,6312,178,,,0,100,,6315,178,,,0,100,,6313,178,,,0,100,,6318,178,,,0,100,,6311,178,,,0,100,,6316,178,,,0,100,,6319,178,,,0,100,,6321,178,,,0,100,,6314,178,,,0,99,,6310,178,,,0
1000700,'9881fb63-ca97-484f-b0ca-1bb7e4ca8571',621,,6324,178,,,0,30,,6335,178,,,0,68,,6339,178,,,0,23,,6353,178,,,0,77,,6328,178,,,0,23,,6346,178,,,0,77,,6347,178,,,0,30,,6344,178,,,0,70,,6336,178,,,0,30,,6352,178,,,0,70,,6349,178,,,0,30,,6354,178,,,0,70,,6356,178,,,0,30,,6357,178,,,0,70,,6340,178,,,0,30,,6331,178,,,0,68,,6338,178,,,0,30,,6329,178,,,0,70,,6333,178,,,0,30,,6343,178,,,0,70,,6337,178,,,0,30,,6341,178,,,0,69,,6345,178,,,0,30,,6326,178,,,0,72,,6350,178,,,0,30,,6330,178,,,0,72,,6351,178,,,0,98,,6348,178,,,0,101,,6325,178,,,0,98,,6332,178,,,0,102,,6355,178,,,0,96,,6334,130,,,0
1000700,'a06a7e47-f820-49a2-88af-ccffc941c6bc',719,,6366,178,,,0,30,,6385,178,,,0,70,,6383,178,,,0,30,,6361,178,,,0,70,,6358,178,,,0,30,,6386,178,,,0,70,,6378,178,,,0,30,,6359,178,,,0,70,,6364,178,,,0,30,,6360,178,,,0,70,,6370,178,,,0,30,,6382,178,,,0,70,,6389,178,,,0,30,,6368,178,,,0,70,,6380,178,,,0,30,,6384,178,,,0,70,,6381,178,,,0,30,,6377,178,,,0,70,,6374,178,,,0,30,,6367,178,,,0,70,,6363,178,,,0,30,,6387,178,,,0,70,,6379,178,,,0,30,,6372,178,,,0,70,,6362,178,,,0,100,,6388,178,,,0,99,,6365,178,,,0,100,,6371,178,,,0,100,,6376,178,,,0
1000700,'af2e8e03-0a42-4469-a2b8-e03c803b7d24',1019,,6392,178,,,0,100,,6390,178,,,0,100,,6396,178,,,0,100,,6399,178,,,0,100,,6391,178,,,0,100,,6401,178,,,0,100,,6395,178,,,0,100,,6400,178,,,0,100,,6397,178,,,0,100,,6394,178,,,0,100,,6403,178,,,0,99,,6393,178,,,0
1000700,'f29e6a89-2c24-4546-a5bf-65191f526c55',1019,,6409,178,,,0,100,,6411,178,,,0,100,,6413,178,,,0,100,,6406,178,,,0,100,,6407,178,,,0,100,,6415,178,,,0,100,,6414,178,,,0,100,,6410,178,,,0,100,,6416,178,,,0,100,,6408,178,,,0,100,,6404,178,,,0,99,,6412,178,,,0
1001200,'4bf8087f-7a14-48a7-b190-74a0cc4c73da',855,,6732,126,,,0,100,,6736,126,,,0,100,,6730,126,,,0,103,,6737,126,,,0,144,,6739,126,,,0,100,,6731,126,,,0,110,,6741,126,,,0,100,,6735,126,,,0,110,,6742,126,,,0,100,,6734,126,,,0,103,,6733,126,,,0,100,,6740,126,,,0,102,,6743,126,,,0,115,,6738,126,,,0
1001200,'8d01581c-cf93-4a74-9f42-0fb702955d15',855,,6745,126,,,0,100,,6757,126,,,0,100,,6750,126,,,0,103,,6755,126,,,0,144,,6747,126,,,0,100,,6754,126,,,0,110,,6744,126,,,0,100,,6751,126,,,0,110,,6749,126,,,0,100,,6752,126,,,0,103,,6748,126,,,0,100,,6746,126,,,0,102,,6753,126,,,0,100,,6756,126,,,0
1001200,'9881fb63-ca97-484f-b0ca-1bb7e4ca8571',557,,6759,9,,,0,67,,6788,126,,,0,32,,6776,126,,,0,74,,6785,126,,,0,73,,6769,126,,,0,30,,6781,126,,,0,75,,6762,126,,,0,35,,6783,126,,,0,70,,6770,126,,,0,30,,6789,126,,,0,75,,6780,126,,,0,35,,6764,126,,,0,70,,6778,126,,,0,30,,6784,126,,,0,75,,6761,126,,,0,75,,6782,126,,,0,34,,6786,126,,,0,75,,6767,126,,,0,35,,6773,126,,,0,75,,6768,126,,,0,35,,6777,126,,,0,75,,6787,126,,,0,75,,6771,126,,,0,29,,6775,126,,,0,75,,6766,126,,,0,35,,6760,126,,,0,75,,6779,126,,,0,30,,6772,126,,,0,70,,6763,126,,,0,100,,6774,126,,,0,100,,6758,126,,,0,105,,6765,126,,,0
1001200,'a06a7e47-f820-49a2-88af-ccffc941c6bc',708,,6795,126,,,0,31,,6793,126,,,0,70,,6791,126,,,0,30,,6805,126,,,0,70,,6799,126,,,0,30,,6810,126,,,0,73,,6800,126,,,0,30,,6813,126,,,0,70,,6811,126,,,0,38,,6816,126,,,0,70,,6792,126,,,0,30,,6817,126,,,0,70,,6819,126,,,0,80,,6796,126,,,0,30,,6807,126,,,0,70,,6794,126,,,0,30,,6815,126,,,0,80,,6814,126,,,0,30,,6802,126,,,0,70,,6818,126,,,0,30,,6804,126,,,0,80,,6808,126,,,0,30,,6812,126,,,0,70,,6809,126,,,0,30,,6798,126,,,0,73,,6806,126,,,0,30,,6801,126,,,0,70,,6803,126,,,0,100,,6820,126,,,0,100,,6790,126,,,0,100,,6797,126,,,0
1001200,'af2e8e03-0a42-4469-a2b8-e03c803b7d24',855,,6834,126,,,0,100,,6830,126,,,0,100,,6824,126,,,0,103,,6831,126,,,0,144,,6828,126,,,0,100,,6832,126,,,0,110,,6826,126,,,0,100,,6829,126,,,0,110,,6822,126,,,0,100,,6827,126,,,0,103,,6821,126,,,0,100,,6823,126,,,0,102,,6825,126,,,0,100,,6833,126,,,0
1001200,'f29e6a89-2c24-4546-a5bf-65191f526c55',855,,6848,126,,,0,100,,6842,126,,,0,100,,6840,126,,,0,103,,6841,126,,,0,144,,6844,126,,,0,100,,6837,126,,,0,110,,6839,126,,,0,100,,6838,126,,,0,110,,6847,126,,,0,100,,6836,126,,,0,103,,6843,126,,,0,100,,6845,126,,,0,102,,6835,126,,,0,100,,6846,126,,,0
