2000200,'4bf8087f-7a14-48a7-b190-74a0cc4c73da',919,,6935,139,,,0,100,,6931,139,,,0,30,,6932,139,,,0,100,,6936,139,,,0,71,,6937,139,,,0,100,,6942,139,,,0,30,,6933,139,,,0,100,,6946,139,,,0,70,,6930,139,,,0,100,,6945,139,,,0,30,,6934,139,,,0,100,,6944,139,,,0,70,,6941,139,,,0,99,,6948,139,,,0,30,,6940,139,,,0,100,,6938,139,,,0,69,,6947,139,,,0,100,,6939,139,,,0,82,,6943,139,,,0
2000200,'8d01581c-cf93-4a74-9f42-0fb702955d15',919,,6957,139,,,0,100,,6963,139,,,0,30,,6952,139,,,0,100,,6951,139,,,0,71,,6962,139,,,0,100,,6964,139,,,0,30,,6954,139,,,0,100,,6955,139,,,0,70,,6949,139,,,0,100,,6961,139,,,0,30,,6959,139,,,0,100,,6960,139,,,0,70,,6953,139,,,0,99,,6956,139,,,0,30,,6950,139,,,0,100,,6966,139,,,0,69,,6958,139,,,0,100,,6965,139,,,0
2000200,'9881fb63-ca97-484f-b0ca-1bb7e4ca8571',621,,6977,139,,,0,30,,6992,139,,,0,70,,6967,139,,,0,30,,6970,139,,,0,70,,6997,139,,,0,30,,6981,139,,,0,70,,6974,139,,,0,30,,6976,139,,,0,70,,6986,139,,,0,30,,6972,139,,,0,70,,6985,139,,,0,32,,6984,139,,,0,70,,6983,139,,,0,30,,6979,139,,,0,70,,6996,139,,,0,30,,6994,139,,,0,70,,6975,139,,,0,30,,6991,139,,,0,69,,6971,139,,,0,30,,6993,139,,,0,70,,6988,139,,,0,30,,6978,139,,,0,70,,6987,139,,,0,30,,6973,139,,,0,70,,6998,139,,,0,27,,6989,139,,,0,70,,6982,139,,,0,30,,6969,139,,,0,70,,6995,139,,,0,100,,6990,139,,,0,30,,6968,139,,,0,100,,6980,139,,,0
2000200,'a06a7e47-f820-49a2-88af-ccffc941c6bc',719,,7003,139,,,0,30,,7008,139,,,0,70,,7014,139,,,0,30,,7022,139,,,0,70,,7026,139,,,0,30,,7000,139,,,0,70,,7018,139,,,0,30,,7028,139,,,0,70,,7023,139,,,0,30,,7001,139,,,0,70,,7013,139,,,0,31,,7010,139,,,0,70,,7007,139,,,0,30,,7020,139,,,0,70,,7011,139,,,0,30,,7012,139,,,0,70,,7006,139,,,0,30,,7019,139,,,0,70,,7009,139,,,0,30,,7016,139,,,0,70,,7024,139,,,0,30,,7027,139,,,0,70,,7015,139,,,0,30,,7017,139,,,0,70,,6999,139,,,0,29,,7021,139,,,0,70,,7002,139,,,0,100,,7025,139,,,0,29,,7004,139,,,0,100,,7005,139,,,0
2000200,'af2e8e03-0a42-4469-a2b8-e03c803b7d24',919,,7029,139,,,0,100,,7032,139,,,0,30,,7031,139,,,0,100,,7045,139,,,0,71,,7037,139,,,0,100,,7040,139,,,0,30,,7046,139,,,0,100,,7038,139,,,0,70,,7043,139,,,0,100,,7034,139,,,0,30,,7030,139,,,0,100,,7033,139,,,0,70,,7036,139,,,0,99,,7039,139,,,0,30,,7042,139,,,0,100,,7041,139,,,0,69,,7044,139,,,0,100,,7035,139,,,0
2000200,'f29e6a89-2c24-4546-a5bf-65191f526c55',919,,7063,139,,,0,100,,7059,139,,,0,30,,7049,139,,,0,100,,7058,139,,,0,71,,7062,139,,,0,100,,7061,139,,,0,30,,7047,139,,,0,100,,7055,139,,,0,70,,7052,139,,,0,100,,7048,139,,,0,30,,7050,139,,,0,100,,7054,139,,,0,70,,7060,139,,,0,99,,7056,139,,,0,30,,7057,139,,,0,100,,7053,139,,,0,69,,7051,139,,,0,100,,7064,139,,,0
2000801,'4bf8087f-7a14-48a7-b190-74a0cc4c73da',950,,7363,124,,,0,100,,7362,245,,,0,100,,7371,245,,,0,100,,7368,245,,,0,100,,7364,245,,,0,100,,7367,245,,,0,100,,7365,245,,,0,100,,7374,245,,,0,96,,7369,245,,,0,100,,7370,245,,,0,100,,7361,245,,,0,99,,7366,245,,,0,100,,7373,245,,,0,112,,7372,245,,,0
2000801,'8d01581c-cf93-4a74-9f42-0fb702955d15',950,,7380,124,,,0,100,,7376,245,,,0,100,,7384,245,,,0,100,,7377,245,,,0,100,,7381,245,,,0,100,,7387,245,,,0,100,,7382,245,,,0,100,,7388,245,,,0,96,,7383,245,,,0,100,,7385,245,,,0,100,,7386,245,,,0,99,,7375,245,,,0,100,,7378,245,,,0
2000801,'9881fb63-ca97-484f-b0ca-1bb7e4ca8571',526,,7389,124,,,0,100,,7392,124,,,0,21,,7401,245,,,0,70,,7405,245,,,0,30,,7391,199,,,0,70,,7399,245,,,0,31,,7404,245,,,0,70,,7396,245,,,0,29,,7393,245,,,0,70,,7418,245,,,0,31,,7402,245,,,0,72,,7400,245,,,0,30,,7411,245,,,0,70,,7406,245,,,0,31,,7416,245,,,0,70,,7414,245,,,0,30,,7398,245,,,0,70,,7417,245,,,0,30,,7390,199,,,0,73,,7397,245,,,0,30,,7422,245,,,0,70,,7403,245,,,0,30,,7409,245,,,0,71,,7408,245,,,0,31,,7419,245,,,0,67,,7415,245,,,0,28,,7421,245,,,0,101,,7410,245,,,0,100,,7394,245,,,0,95,,7407,245,,,0,100,,7413,245,,,0,100,,7412,245,,,0
2000801,'a06a7e47-f820-49a2-88af-ccffc941c6bc',717,,7425,124,,,0,30,,7446,124,,,0,70,,7423,245,,,0,31,,7431,245,,,0,70,,7428,245,,,0,29,,7433,245,,,0,70,,7435,245,,,0,33,,7440,245,,,0,70,,7424,245,,,0,30,,7432,245,,,0,70,,7444,245,,,0,31,,7451,245,,,0,70,,7452,245,,,0,30,,7447,245,,,0,70,,7453,245,,,0,30,,7426,245,,,0,70,,7448,245,,,0,30,,7450,245,,,0,70,,7438,245,,,0,30,,7430,245,,,0,72,,7434,245,,,0,31,,7429,245,,,0,69,,7436,245,,,0,28,,7441,245,,,0,101,,7437,245,,,0,100,,7443,245,,,0,95,,7427,245,,,0,100,,7445,245,,,0,100,,7449,245,,,0
2000801,'af2e8e03-0a42-4469-a2b8-e03c803b7d24',950,,7455,124,,,0,100,,7465,245,,,0,100,,7454,245,,,0,100,,7467,245,,,0,100,,7460,245,,,0,100,,7457,245,,,0,100,,7459,245,,,0,100,,7458,245,,,0,96,,7461,245,,,0,100,,7466,245,,,0,100,,7464,245,,,0,99,,7463,245,,,0,100,,7456,245,,,0
2000801,'f29e6a89-2c24-4546-a5bf-65191f526c55',950,,7472,124,,,0,100,,7477,245,,,0,100,,7473,245,,,0,100,,7478,245,,,0,100,,7476,245,,,0,100,,7481,245,,,0,100,,7468,245,,,0,100,,7469,245,,,0,96,,7479,245,,,0,100,,7480,245,,,0,100,,7471,245,,,0,99,,7475,245,,,0,100,,7470,245,,,0
