2000700,'4bf8087f-7a14-48a7-b190-74a0cc4c73da',1014,,7070,146,,,0,100,,7076,146,,,0,100,,7067,146,,,0,100,,7074,146,,,0,100,,7075,146,,,0,100,,7078,146,,,0,100,,7073,146,,,0,100,,7069,146,,,0,100,,7068,146,,,0,102,,7065,146,,,0,100,,7066,146,,,0,100,,7077,146,,,0,135,,7071,146,,,0
2000700,'8d01581c-cf93-4a74-9f42-0fb702955d15',1014,,7084,146,,,0,100,,7081,146,,,0,100,,7079,146,,,0,100,,7091,146,,,0,100,,7087,146,,,0,100,,7086,146,,,0,100,,7085,146,,,0,100,,7080,146,,,0,100,,7090,146,,,0,102,,7088,146,,,0,100,,7083,146,,,0,100,,7089,146,,,0
2000700,'9881fb63-ca97-484f-b0ca-1bb7e4ca8571',615,,7098,146,,,0,30,,7102,146,,,0,70,,7118,146,,,0,30,,7097,146,,,0,70,,7092,146,,,0,28,,7094,146,,,0,72,,7100,146,,,0,28,,7124,146,,,0,71,,7115,146,,,0,30,,7108,146,,,0,70,,7106,146,,,0,30,,7113,146,,,0,70,,7111,146,,,0,30,,7093,146,,,0,70,,7120,146,,,0,30,,7109,146,,,0,72,,7104,146,,,0,28,,7123,146,,,0,70,,7095,146,,,0,30,,7119,146,,,0,70,,7114,146,,,0,30,,7110,146,,,0,70,,7103,146,,,0,30,,7105,146,,,0,69,,7096,146,,,0,30,,7112,146,,,0,72,,7107,146,,,0,30,,7101,146,,,0,72,,7122,146,,,0,98,,7099,146,,,0,99,,7121,146,,,0,96,,7117,146,,,0
2000700,'a06a7e47-f820-49a2-88af-ccffc941c6bc',715,,7133,146,,,0,30,,7153,146,,,0,70,,7142,146,,,0,30,,7125,146,,,0,70,,7126,146,,,0,30,,7137,146,,,0,69,,7136,146,,,0,30,,7150,146,,,0,70,,7130,146,,,0,30,,7152,146,,,0,70,,7127,146,,,0,30,,7143,146,,,0,70,,7135,146,,,0,30,,7144,146,,,0,70,,7146,146,,,0,30,,7138,146,,,0,70,,7147,146,,,0,30,,7141,146,,,0,70,,7145,146,,,0,30,,7151,146,,,0,70,,7154,146,,,0,30,,7134,146,,,0,70,,7149,146,,,0,30,,7140,146,,,0,72,,7155,146,,,0,30,,7139,146,,,0,70,,7132,146,,,0,100,,7148,146,,,0,89,,7128,146,,,0,108,,7129,146,,,0
2000700,'af2e8e03-0a42-4469-a2b8-e03c803b7d24',1014,,7166,146,,,0,100,,7160,146,,,0,100,,7161,146,,,0,100,,7157,146,,,0,100,,7167,146,,,0,100,,7158,146,,,0,100,,7165,146,,,0,100,,7164,146,,,0,100,,7159,146,,,0,102,,7163,146,,,0,100,,7156,146,,,0,100,,7162,146,,,0
2000700,'f29e6a89-2c24-4546-a5bf-65191f526c55',1014,,7178,146,,,0,100,,7179,146,,,0,100,,7173,146,,,0,100,,7177,146,,,0,100,,7171,146,,,0,100,,7180,146,,,0,100,,7172,146,,,0,100,,7181,146,,,0,100,,7169,146,,,0,102,,7174,146,,,0,100,,7170,146,,,0,100,,7176,146,,,0
2000801,'4bf8087f-7a14-48a7-b190-74a0cc4c73da',946,,7363,118,,,0,100,,7362,239,,,0,99,,7371,239,,,0,100,,7368,239,,,0,100,,7364,239,,,0,100,,7367,239,,,0,100,,7365,239,,,0,100,,7374,239,,,0,97,,7369,239,,,0,100,,7370,239,,,0,100,,7361,239,,,0,99,,7366,239,,,0,100,,7373,239,,,0,112,,7372,239,,,0
2000801,'8d01581c-cf93-4a74-9f42-0fb702955d15',946,,7380,118,,,0,100,,7376,239,,,0,99,,7384,239,,,0,100,,7377,239,,,0,100,,7381,239,,,0,100,,7387,239,,,0,100,,7382,239,,,0,100,,7388,239,,,0,97,,7383,239,,,0,100,,7385,239,,,0,100,,7386,239,,,0,99,,7375,239,,,0,100,,7378,239,,,0
2000801,'9881fb63-ca97-484f-b0ca-1bb7e4ca8571',522,,7389,118,,,0,100,,7392,118,,,0,21,,7401,239,,,0,70,,7405,239,,,0,30,,7391,193,,,0,70,,7399,239,,,0,31,,7404,239,,,0,70,,7396,239,,,0,29,,7393,239,,,0,70,,7418,239,,,0,30,,7402,239,,,0,72,,7400,239,,,0,30,,7411,239,,,0,70,,7406,239,,,0,31,,7416,239,,,0,70,,7414,239,,,0,30,,7398,239,,,0,70,,7417,239,,,0,30,,7390,193,,,0,73,,7397,239,,,0,30,,7422,239,,,0,70,,7403,239,,,0,30,,7409,239,,,0,71,,7408,239,,,0,31,,7419,239,,,0,68,,7415,239,,,0,28,,7421,239,,,0,101,,7410,239,,,0,100,,7394,239,,,0,95,,7407,239,,,0,100,,7413,239,,,0,100,,7412,239,,,0
2000801,'a06a7e47-f820-49a2-88af-ccffc941c6bc',713,,7425,118,,,0,30,,7446,118,,,0,70,,7423,239,,,0,31,,7431,239,,,0,70,,7428,239,,,0,29,,7433,239,,,0,70,,7435,239,,,0,32,,7440,239,,,0,70,,7424,239,,,0,30,,7432,239,,,0,70,,7444,239,,,0,31,,7451,239,,,0,70,,7452,239,,,0,30,,7447,239,,,0,70,,7453,239,,,0,30,,7426,239,,,0,70,,7448,239,,,0,30,,7450,239,,,0,70,,7438,239,,,0,30,,7430,239,,,0,72,,7434,239,,,0,31,,7429,239,,,0,70,,7436,239,,,0,28,,7441,239,,,0,101,,7437,239,,,0,100,,7443,239,,,0,95,,7427,239,,,0,100,,7445,239,,,0,100,,7449,239,,,0
2000801,'af2e8e03-0a42-4469-a2b8-e03c803b7d24',946,,7455,118,,,0,100,,7465,239,,,0,99,,7454,239,,,0,100,,7467,239,,,0,100,,7460,239,,,0,100,,7457,239,,,0,100,,7459,239,,,0,100,,7458,239,,,0,97,,7461,239,,,0,100,,7466,239,,,0,100,,7464,239,,,0,99,,7463,239,,,0,100,,7456,239,,,0
2000801,'f29e6a89-2c24-4546-a5bf-65191f526c55',946,,7472,118,,,0,100,,7477,239,,,0,99,,7473,239,,,0,100,,7478,239,,,0,100,,7476,239,,,0,100,,7481,239,,,0,100,,7468,239,,,0,100,,7469,239,,,0,97,,7479,239,,,0,100,,7480,239,,,0,100,,7471,239,,,0,99,,7475,239,,,0,100,,7470,239,,,0
