1100,'4bf8087f-7a14-48a7-b190-74a0cc4c73da',858,,5575,105,,,0,100,,5584,105,,,0,100,,5578,105,,,0,100,,5574,105,,,0,100,,5580,105,,,0,100,,5576,105,,,0,100,,5581,105,,,0,100,,5585,105,,,0,100,,5577,105,,,0,100,,5573,105,,,0,100,,5571,105,,,0,100,,5579,105,,,0,100,,5582,105,,,0,100,,5572,105,,,0,100,,5583,105,,,0
1100,'8d01581c-cf93-4a74-9f42-0fb702955d15',858,,5594,105,,,0,100,,5600,105,,,0,100,,5598,105,,,0,100,,5586,105,,,0,100,,5587,105,,,0,100,,5590,105,,,0,100,,5596,105,,,0,100,,5592,105,,,0,100,,5597,105,,,0,100,,5599,105,,,0,100,,5588,105,,,0,100,,5591,105,,,0,100,,5595,105,,,0,100,,5593,105,,,0,100,,5589,105,,,0
1100,'9881fb63-ca97-484f-b0ca-1bb7e4ca8571',528,,5622,105,,,0,100,,5630,105,,,0,30,,5626,105,,,0,70,,5615,105,,,0,30,,5602,105,,,0,70,,5632,105,,,0,30,,5635,105,,,0,70,,5634,105,,,0,30,,5629,105,,,0,70,,5625,105,,,0,30,,5616,105,,,0,70,,5606,105,,,0,30,,5614,105,,,0,70,,5621,105,,,0,30,,5605,105,,,0,70,,5620,105,,,0,30,,5623,105,,,0,72,,5618,105,,,0,70,,5611,105,,,0,30,,5628,105,,,0,70,,5613,105,,,0,28,,5631,105,,,0,30,,5612,105,,,0,70,,5603,105,,,0,30,,5619,105,,,0,70,,5617,105,,,0,30,,5633,105,,,0,70,,5610,105,,,0,30,,5604,105,,,0,70,,5627,105,,,0,30,,5601,105,,,0,70,,5607,105,,,0,30,,5624,105,,,0,70,,5609,105,,,0,100,,5608,105,,,0
1100,'a06a7e47-f820-49a2-88af-ccffc941c6bc',758,,5654,105,,,0,70,,5653,105,,,0,30,,5658,105,,,0,70,,5665,105,,,0,30,,5637,105,,,0,70,,5639,105,,,0,30,,5652,105,,,0,70,,5642,105,,,0,30,,5650,105,,,0,70,,5661,105,,,0,30,,5656,105,,,0,70,,5666,105,,,0,30,,5649,105,,,0,70,,5648,105,,,0,30,,5655,105,,,0,70,,5638,105,,,0,30,,5647,105,,,0,70,,5636,105,,,0,30,,5644,105,,,0,70,,5640,105,,,0,30,,5659,105,,,0,70,,5646,105,,,0,30,,5662,105,,,0,70,,5660,105,,,0,30,,5651,105,,,0,70,,5643,105,,,0,30,,5641,105,,,0,70,,5657,105,,,0,30,,5663,105,,,0,70,,5645,105,,,0,100,,5664,105,,,0
1100,'af2e8e03-0a42-4469-a2b8-e03c803b7d24',858,,5671,105,,,0,100,,5670,105,,,0,100,,5680,105,,,0,100,,5667,105,,,0,100,,5676,105,,,0,100,,5677,105,,,0,100,,5681,105,,,0,100,,5675,105,,,0,100,,5674,105,,,0,100,,5679,105,,,0,100,,5673,105,,,0,100,,5669,105,,,0,100,,5668,105,,,0,100,,5672,105,,,0,100,,5678,105,,,0
1100,'f29e6a89-2c24-4546-a5bf-65191f526c55',858,,5693,105,,,0,100,,5683,105,,,0,100,,5687,105,,,0,100,,5682,105,,,0,100,,5684,105,,,0,100,,5692,105,,,0,100,,5695,105,,,0,100,,5694,105,,,0,100,,5688,105,,,0,100,,5685,105,,,0,100,,5691,105,,,0,100,,5690,105,,,0,100,,5686,105,,,0,100,,5689,105,,,0,100,,5696,105,,,0
1000801,'4bf8087f-7a14-48a7-b190-74a0cc4c73da',924,,6610,85,,,0,103,,6607,85,,,0,100,,6611,85,,,0,100,,6605,85,,,0,100,,6618,85,,,0,100,,6615,85,,,0,100,,6606,85,,,0,100,,6609,85,,,0,101,,6617,85,,,0,97,,6614,85,,,0,100,,6616,85,,,0,100,,6613,85,,,0,100,,6612,85,,,0,188,,6619,67,,,0
1000801,'8d01581c-cf93-4a74-9f42-0fb702955d15',924,,6621,85,,,0,103,,6624,85,,,0,100,,6633,85,,,0,100,,6628,85,,,0,100,,6626,85,,,0,100,,6631,85,,,0,100,,6623,85,,,0,100,,6629,85,,,0,101,,6625,85,,,0,97,,6620,85,,,0,100,,6622,85,,,0,100,,6630,85,,,0,100,,6632,67,,,0
1000801,'9881fb63-ca97-484f-b0ca-1bb7e4ca8571',553,,6637,85,,,0,70,,6649,85,,,0,30,,6642,85,,,0,70,,6640,85,,,0,30,,6639,85,,,0,70,,6644,85,,,0,33,,6668,85,,,0,70,,6665,85,,,0,29,,6663,85,,,0,71,,6648,85,,,0,30,,6641,85,,,0,70,,6659,85,,,0,31,,6653,85,,,0,70,,6660,85,,,0,30,,6647,85,,,0,70,,6664,85,,,0,30,,6650,85,,,0,70,,6652,85,,,0,30,,6636,85,,,0,70,,6635,85,,,0,30,,6667,85,,,0,71,,6656,85,,,0,30,,6634,85,,,0,70,,6657,85,,,0,29,,6666,85,,,0,70,,6655,85,,,0,30,,6638,67,,,0,70,,6669,85,,,0,98,,6645,85,,,0,100,,6654,85,,,0,98,,6643,85,,,0,100,,6646,67,,,0,103,,6651,67,,,0
1000801,'a06a7e47-f820-49a2-88af-ccffc941c6bc',723,,6691,85,,,0,30,,6671,85,,,0,70,,6677,85,,,0,33,,6689,85,,,0,70,,6701,85,,,0,30,,6673,85,,,0,70,,6686,85,,,0,30,,6695,85,,,0,70,,6697,85,,,0,31,,6692,85,,,0,70,,6681,85,,,0,30,,6685,85,,,0,70,,6675,85,,,0,30,,6694,85,,,0,70,,6693,85,,,0,30,,6672,85,,,0,70,,6683,85,,,0,30,,6688,85,,,0,70,,6676,85,,,0,31,,6699,85,,,0,70,,6678,85,,,0,29,,6690,85,,,0,70,,6670,85,,,0,30,,6684,67,,,0,70,,6698,85,,,0,98,,6687,85,,,0,100,,6679,85,,,0,98,,6674,85,,,0,100,,6682,67,,,0,100,,6700,67,,,0
1000801,'af2e8e03-0a42-4469-a2b8-e03c803b7d24',924,,6709,85,,,0,103,,6706,85,,,0,100,,6711,85,,,0,100,,6708,85,,,0,100,,6703,85,,,0,100,,6712,85,,,0,100,,6713,85,,,0,100,,6707,85,,,0,101,,6715,85,,,0,97,,6714,85,,,0,100,,6704,85,,,0,100,,6705,85,,,0,100,,6702,67,,,0
1000801,'f29e6a89-2c24-4546-a5bf-65191f526c55',924,,6717,85,,,0,103,,6727,85,,,0,100,,6718,85,,,0,100,,6722,85,,,0,100,,6726,85,,,0,100,,6719,85,,,0,100,,6720,85,,,0,100,,6729,85,,,0,101,,6728,85,,,0,97,,6723,85,,,0,100,,6721,85,,,0,100,,6724,85,,,0,100,,6716,67,,,0
