1000801,'4bf8087f-7a14-48a7-b190-74a0cc4c73da',859,,6608,67,,,0,141,,6610,233,,,0,103,,6607,233,,,0,100,,6611,233,,,0,100,,6605,233,,,0,100,,6618,233,,,0,100,,6615,233,,,0,101,,6606,233,,,0,101,,6609,233,,,0,101,,6617,233,,,0,96,,6614,233,,,0,100,,6616,233,,,0,100,,6613,233,,,0,138,,6612,233,,,0
1000801,'8d01581c-cf93-4a74-9f42-0fb702955d15',859,,6627,67,,,0,141,,6621,233,,,0,103,,6624,233,,,0,100,,6633,233,,,0,100,,6628,233,,,0,100,,6626,233,,,0,100,,6631,233,,,0,101,,6623,233,,,0,101,,6629,233,,,0,101,,6625,233,,,0,96,,6620,233,,,0,100,,6622,233,,,0,100,,6630,233,,,0
1000801,'9881fb63-ca97-484f-b0ca-1bb7e4ca8571',508,,6662,67,,,0,30,,6658,67,,,0,70,,6661,67,,,0,21,,6637,233,,,0,30,,6649,233,,,0,70,,6642,233,,,0,30,,6640,233,,,0,70,,6639,233,,,0,30,,6644,233,,,0,71,,6668,233,,,0,70,,6665,233,,,0,31,,6663,233,,,0,70,,6648,233,,,0,30,,6641,233,,,0,70,,6659,233,,,0,32,,6653,233,,,0,70,,6660,233,,,0,30,,6647,233,,,0,70,,6664,233,,,0,30,,6650,233,,,0,70,,6652,233,,,0,30,,6636,233,,,0,70,,6635,233,,,0,30,,6667,233,,,0,73,,6656,233,,,0,30,,6634,233,,,0,70,,6657,233,,,0,28,,6666,233,,,0,70,,6655,233,,,0,102,,6669,233,,,0,96,,6645,233,,,0,100,,6654,233,,,0,56,,6643,233,,,0
1000801,'a06a7e47-f820-49a2-88af-ccffc941c6bc',708,,6680,67,,,0,30,,6696,67,,,0,21,,6691,233,,,0,70,,6671,233,,,0,30,,6677,233,,,0,71,,6689,233,,,0,70,,6701,233,,,0,31,,6673,233,,,0,70,,6686,233,,,0,30,,6695,233,,,0,70,,6697,233,,,0,32,,6692,233,,,0,70,,6681,233,,,0,30,,6685,233,,,0,70,,6675,233,,,0,30,,6694,233,,,0,70,,6693,233,,,0,30,,6672,233,,,0,70,,6683,233,,,0,30,,6688,233,,,0,72,,6676,233,,,0,31,,6699,233,,,0,70,,6678,233,,,0,28,,6690,233,,,0,70,,6670,233,,,0,102,,6698,233,,,0,96,,6687,233,,,0,100,,6679,233,,,0,56,,6674,233,,,0
1000801,'af2e8e03-0a42-4469-a2b8-e03c803b7d24',859,,6710,67,,,0,141,,6709,233,,,0,103,,6706,233,,,0,100,,6711,233,,,0,100,,6708,233,,,0,100,,6703,233,,,0,100,,6712,233,,,0,101,,6713,233,,,0,101,,6707,233,,,0,101,,6715,233,,,0,96,,6714,233,,,0,100,,6704,233,,,0,100,,6705,233,,,0
1000801,'f29e6a89-2c24-4546-a5bf-65191f526c55',859,,6725,67,,,0,141,,6717,233,,,0,103,,6727,233,,,0,100,,6718,233,,,0,100,,6722,233,,,0,100,,6726,233,,,0,100,,6719,233,,,0,101,,6720,233,,,0,101,,6729,233,,,0,101,,6728,233,,,0,96,,6723,233,,,0,100,,6721,233,,,0,100,,6724,233,,,0
1001500,'8d01581c-cf93-4a74-9f42-0fb702955d15',748,,6862,21,,,0,76,,6865,21,,,0,76,,6852,21,,,0,36,,6856,21,,,0,78,,6849,21,,,0,38,,6863,21,,,0,76,,6851,21,,,0,76,,6868,21,,,0,36,,6864,21,,,0,76,,6855,21,,,0,38,,6866,21,,,0,76,,6859,21,,,0,76,,6854,21,,,0,36,,6867,21,,,0,76,,6857,21,,,0,36,,6861,21,,,0,78,,6850,21,,,0,76,,6853,21,,,0,36,,6860,21,,,0,76,,6858,21,,,0
1001500,'9881fb63-ca97-484f-b0ca-1bb7e4ca8571',602,,6874,21,,,0,37,,6880,21,,,0,78,,6869,21,,,0,38,,6873,21,,,0,82,,6888,21,,,0,80,,6879,21,,,0,40,,6871,21,,,0,80,,6872,21,,,0,80,,6875,21,,,0,40,,6883,21,,,0,80,,6877,21,,,0,82,,6885,21,,,0,82,,6882,21,,,0,42,,6886,21,,,0,82,,6889,21,,,0,80,,6870,21,,,0,40,,6876,21,,,0,80,,6881,21,,,0,82,,6884,21,,,0,42,,6887,21,,,0,82,,6878,21,,,0
1001500,'a06a7e47-f820-49a2-88af-ccffc941c6bc',748,,6902,21,,,0,76,,6890,21,,,0,76,,6903,21,,,0,36,,6907,21,,,0,78,,6893,21,,,0,38,,6898,21,,,0,76,,6896,21,,,0,76,,6897,21,,,0,36,,6908,21,,,0,76,,6891,21,,,0,38,,6892,21,,,0,76,,6905,21,,,0,76,,6900,21,,,0,36,,6894,21,,,0,76,,6906,21,,,0,36,,6895,21,,,0,78,,6901,21,,,0,76,,6909,21,,,0,36,,6899,21,,,0,76,,6904,21,,,0
1001500,'af2e8e03-0a42-4469-a2b8-e03c803b7d24',748,,6922,21,,,0,76,,6911,21,,,0,76,,6916,21,,,0,36,,6918,21,,,0,78,,6924,21,,,0,38,,6919,21,,,0,76,,6912,21,,,0,76,,6925,21,,,0,36,,6923,21,,,0,76,,6928,21,,,0,38,,6929,21,,,0,76,,6921,21,,,0,76,,6913,21,,,0,36,,6915,21,,,0,76,,6914,21,,,0,36,,6917,21,,,0,78,,6920,21,,,0,76,,6910,21,,,0,36,,6927,21,,,0,76,,6926,21,,,0
