1000200,'4bf8087f-7a14-48a7-b190-74a0cc4c73da',939,,6164,24,,,0,100,,6155,24,,,0,71,,6161,24,,,0,100,,6163,24,,,0,30,,6172,24,,,0,100,,6154,24,,,0,70,,6160,24,,,0,100,,6158,24,,,0,30,,6171,24,,,0,100,,6167,24,,,0,70,,6156,24,,,0,100,,6165,24,,,0,30,,6168,24,,,0,100,,6166,24,,,0,69,,6169,24,,,0,100,,6162,24,,,0,30,,6159,24,,,0
1000200,'8d01581c-cf93-4a74-9f42-0fb702955d15',939,,6190,24,,,0,100,,6179,24,,,0,71,,6183,24,,,0,100,,6189,24,,,0,30,,6191,24,,,0,100,,6180,24,,,0,70,,6186,24,,,0,100,,6175,24,,,0,30,,6182,24,,,0,100,,6177,24,,,0,70,,6174,24,,,0,100,,6185,24,,,0,30,,6173,24,,,0,100,,6184,24,,,0,69,,6181,24,,,0,100,,6178,24,,,0,30,,6176,24,,,0
1000200,'9881fb63-ca97-484f-b0ca-1bb7e4ca8571',609,,6195,24,,,0,30,,6217,24,,,0,70,,6193,24,,,0,30,,6215,24,,,0,70,,6208,24,,,0,30,,6210,24,,,0,70,,6222,24,,,0,30,,6203,24,,,0,70,,6192,24,,,0,31,,6214,24,,,0,70,,6194,24,,,0,30,,6216,24,,,0,70,,6202,24,,,0,30,,6209,24,,,0,70,,6224,24,,,0,30,,6223,24,,,0,70,,6213,24,,,0,30,,6206,24,,,0,70,,6211,24,,,0,30,,6204,24,,,0,70,,6218,24,,,0,30,,6201,24,,,0,70,,6205,24,,,0,30,,6196,24,,,0,70,,6219,24,,,0,30,,6207,24,,,0,70,,6199,24,,,0,100,,6198,24,,,0,29,,6197,24,,,0,100,,6212,24,,,0,70,,6200,24,,,0,100,,6221,24,,,0
1000200,'a06a7e47-f820-49a2-88af-ccffc941c6bc',709,,6241,24,,,0,30,,6253,24,,,0,70,,6249,24,,,0,30,,6232,24,,,0,70,,6239,24,,,0,30,,6228,24,,,0,70,,6251,24,,,0,30,,6231,24,,,0,70,,6229,24,,,0,31,,6252,24,,,0,70,,6235,24,,,0,30,,6238,24,,,0,70,,6234,24,,,0,30,,6250,24,,,0,70,,6254,24,,,0,30,,6257,24,,,0,70,,6240,24,,,0,30,,6255,24,,,0,70,,6227,24,,,0,30,,6242,24,,,0,70,,6236,24,,,0,30,,6237,24,,,0,70,,6245,24,,,0,30,,6226,24,,,0,70,,6244,24,,,0,100,,6256,24,,,0,29,,6243,24,,,0,100,,6233,24,,,0,70,,6246,24,,,0,100,,6230,24,,,0
1000200,'af2e8e03-0a42-4469-a2b8-e03c803b7d24',939,,6275,24,,,0,100,,6276,24,,,0,71,,6264,24,,,0,100,,6273,24,,,0,30,,6269,24,,,0,100,,6263,24,,,0,70,,6262,24,,,0,100,,6271,24,,,0,30,,6265,24,,,0,100,,6259,24,,,0,70,,6272,24,,,0,100,,6270,24,,,0,30,,6261,24,,,0,100,,6268,24,,,0,69,,6267,24,,,0,100,,6260,24,,,0,30,,6266,24,,,0
1000200,'f29e6a89-2c24-4546-a5bf-65191f526c55',939,,6295,24,,,0,100,,6290,24,,,0,71,,6292,24,,,0,100,,6279,24,,,0,30,,6284,24,,,0,100,,6288,24,,,0,70,,6293,24,,,0,100,,6281,24,,,0,30,,6283,24,,,0,100,,6289,24,,,0,70,,6280,24,,,0,100,,6278,24,,,0,30,,6286,24,,,0,100,,6282,24,,,0,69,,6285,24,,,0,100,,6294,24,,,0,30,,6291,24,,,0
1000800,'4bf8087f-7a14-48a7-b190-74a0cc4c73da',840,,6420,15,,,0,100,,6419,65,,,0,97,,6433,65,,,0,100,,6434,65,,,0,100,,6427,65,,,0,100,,6422,65,,,0,100,,6421,65,,,0,100,,6431,65,,,0,101,,6430,65,,,0,100,,6443,65,,,0,100,,6424,65,,,0,100,,6446,65,,,0,102,,6429,65,,,0,100,,6442,65,,,0
1000800,'8d01581c-cf93-4a74-9f42-0fb702955d15',840,,6456,15,,,0,100,,6460,65,,,0,97,,6452,65,,,0,100,,6451,65,,,0,100,,6453,65,,,0,100,,6449,65,,,0,100,,6467,65,,,0,100,,6466,65,,,0,101,,6462,65,,,0,100,,6447,65,,,0,100,,6458,65,,,0,100,,6450,65,,,0,102,,6461,65,,,0,100,,6469,65,,,0
1000800,'9881fb63-ca97-484f-b0ca-1bb7e4ca8571',440,,6490,12,,,0,69,,6493,12,,,0,31,,6481,117,,,0,70,,6483,117,,,0,30,,6487,117,,,0,70,,6499,117,,,0,27,,6495,74,,,0,73,,6479,117,,,0,30,,6511,117,,,0,70,,6502,117,,,0,30,,6477,117,,,0,70,,6506,117,,,0,27,,6476,117,,,0,70,,6505,117,,,0,30,,6494,117,,,0,70,,6507,117,,,0,30,,6496,117,,,0,70,,6503,117,,,0,30,,6500,117,,,0,70,,6501,117,,,0,30,,6497,74,,,0,70,,6508,117,,,0,30,,6513,117,,,0,70,,6485,117,,,0,31,,6489,117,,,0,70,,6510,117,,,0,30,,6492,117,,,0,70,,6484,117,,,0,30,,6475,65,,,0,70,,6509,117,,,0,30,,6491,65,,,0,102,,6498,65,,,0,100,,6504,65,,,0,100,,6486,65,,,0,100,,6480,65,,,0
1000800,'a06a7e47-f820-49a2-88af-ccffc941c6bc',710,,6535,12,,,0,30,,6541,117,,,0,70,,6537,117,,,0,30,,6543,117,,,0,70,,6546,117,,,0,30,,6519,117,,,0,70,,6529,117,,,0,27,,6538,117,,,0,70,,6531,117,,,0,30,,6522,117,,,0,70,,6526,117,,,0,30,,6515,117,,,0,70,,6518,117,,,0,30,,6547,117,,,0,70,,6532,117,,,0,30,,6530,117,,,0,70,,6550,117,,,0,30,,6516,117,,,0,70,,6540,117,,,0,31,,6523,117,,,0,70,,6517,117,,,0,30,,6542,117,,,0,70,,6527,117,,,0,30,,6514,65,,,0,70,,6548,117,,,0,30,,6528,65,,,0,102,,6521,65,,,0,100,,6525,65,,,0,100,,6536,65,,,0,100,,6533,65,,,0
1000800,'af2e8e03-0a42-4469-a2b8-e03c803b7d24',840,,6577,15,,,0,100,,6559,65,,,0,97,,6574,65,,,0,100,,6562,65,,,0,100,,6573,65,,,0,100,,6563,65,,,0,100,,6576,65,,,0,100,,6565,65,,,0,101,,6561,65,,,0,100,,6551,65,,,0,100,,6570,65,,,0,100,,6560,65,,,0,102,,6552,65,,,0,100,,6568,65,,,0
1000800,'f29e6a89-2c24-4546-a5bf-65191f526c55',840,,6594,15,,,0,100,,6593,65,,,0,97,,6585,65,,,0,100,,6598,65,,,0,100,,6581,65,,,0,100,,6591,65,,,0,100,,6586,65,,,0,100,,6595,65,,,0,101,,6590,65,,,0,100,,6602,65,,,0,100,,6596,65,,,0,100,,6588,65,,,0,102,,6600,65,,,0,100,,6580,65,,,0
