1000700,'4bf8087f-7a14-48a7-b190-74a0cc4c73da',943,,6309,53,,,0,100,,6306,53,,,0,100,,6300,53,,,0,100,,6298,53,,,0,100,,6305,53,,,0,100,,6307,53,,,0,100,,6299,53,,,0,100,,6302,53,,,0,101,,6297,53,,,0,100,,6303,53,,,0,100,,6301,53,,,0,99,,6304,53,,,0,100,,6296,53,,,0
1000700,'8d01581c-cf93-4a74-9f42-0fb702955d15',943,,6323,53,,,0,100,,6320,53,,,0,100,,6312,53,,,0,100,,6315,53,,,0,100,,6313,53,,,0,100,,6318,53,,,0,100,,6311,53,,,0,100,,6316,53,,,0,101,,6319,53,,,0,100,,6321,53,,,0,100,,6314,53,,,0,99,,6310,53,,,0,100,,6322,44,,,0
1000700,'9881fb63-ca97-484f-b0ca-1bb7e4ca8571',544,,6324,53,,,0,70,,6335,53,,,0,29,,6339,53,,,0,65,,6353,53,,,0,33,,6328,53,,,0,67,,6346,53,,,0,35,,6347,53,,,0,70,,6344,53,,,0,30,,6336,53,,,0,70,,6352,53,,,0,30,,6349,53,,,0,70,,6354,53,,,0,30,,6356,53,,,0,70,,6357,53,,,0,30,,6340,53,,,0,70,,6331,53,,,0,29,,6338,53,,,0,70,,6329,53,,,0,30,,6333,53,,,0,70,,6343,53,,,0,30,,6337,53,,,0,70,,6341,53,,,0,29,,6345,53,,,0,70,,6326,53,,,0,32,,6350,53,,,0,70,,6330,53,,,0,32,,6351,53,,,0,98,,6348,53,,,0,101,,6325,53,,,0,98,,6332,53,,,0,102,,6355,53,,,0,96,,6334,44,,,0
1000700,'a06a7e47-f820-49a2-88af-ccffc941c6bc',643,,6366,53,,,0,70,,6385,53,,,0,30,,6383,53,,,0,70,,6361,53,,,0,30,,6358,53,,,0,70,,6386,53,,,0,30,,6378,53,,,0,70,,6359,53,,,0,30,,6364,53,,,0,77,,6360,53,,,0,23,,6370,53,,,0,70,,6382,53,,,0,30,,6389,53,,,0,70,,6368,53,,,0,30,,6380,53,,,0,70,,6384,53,,,0,30,,6381,53,,,0,70,,6377,53,,,0,30,,6374,53,,,0,70,,6367,53,,,0,30,,6363,53,,,0,70,,6387,53,,,0,31,,6379,53,,,0,70,,6372,53,,,0,30,,6362,53,,,0,100,,6388,53,,,0,99,,6365,53,,,0,100,,6371,53,,,0,100,,6376,53,,,0,100,,6373,44,,,0
1000700,'af2e8e03-0a42-4469-a2b8-e03c803b7d24',943,,6392,53,,,0,100,,6390,53,,,0,100,,6396,53,,,0,100,,6399,53,,,0,100,,6391,53,,,0,100,,6401,53,,,0,100,,6395,53,,,0,100,,6400,53,,,0,101,,6397,53,,,0,100,,6394,53,,,0,100,,6403,53,,,0,99,,6393,53,,,0,100,,6398,44,,,0
1000700,'f29e6a89-2c24-4546-a5bf-65191f526c55',943,,6409,53,,,0,100,,6411,53,,,0,100,,6413,53,,,0,100,,6406,53,,,0,100,,6407,53,,,0,100,,6415,53,,,0,100,,6414,53,,,0,100,,6410,53,,,0,101,,6416,53,,,0,100,,6408,53,,,0,100,,6404,53,,,0,99,,6412,53,,,0,100,,6405,44,,,0
1000800,'4bf8087f-7a14-48a7-b190-74a0cc4c73da',842,,6420,20,,,0,100,,6419,68,,,0,98,,6433,68,,,0,100,,6434,68,,,0,100,,6427,68,,,0,100,,6422,68,,,0,100,,6421,68,,,0,100,,6431,68,,,0,101,,6430,68,,,0,100,,6443,68,,,0,100,,6424,68,,,0,100,,6446,68,,,0,101,,6429,68,,,0,100,,6442,68,,,0
1000800,'8d01581c-cf93-4a74-9f42-0fb702955d15',842,,6456,20,,,0,100,,6460,68,,,0,98,,6452,68,,,0,100,,6451,68,,,0,100,,6453,68,,,0,100,,6449,68,,,0,100,,6467,68,,,0,100,,6466,68,,,0,101,,6462,68,,,0,100,,6447,68,,,0,100,,6458,68,,,0,100,,6450,68,,,0,101,,6461,68,,,0,100,,6469,68,,,0
1000800,'9881fb63-ca97-484f-b0ca-1bb7e4ca8571',442,,6490,16,,,0,69,,6493,16,,,0,31,,6481,122,,,0,70,,6483,122,,,0,30,,6487,122,,,0,70,,6499,122,,,0,27,,6495,77,,,0,73,,6479,122,,,0,30,,6511,122,,,0,70,,6502,122,,,0,30,,6477,122,,,0,70,,6506,122,,,0,28,,6476,122,,,0,70,,6505,122,,,0,30,,6494,122,,,0,70,,6507,122,,,0,30,,6496,122,,,0,70,,6503,122,,,0,30,,6500,122,,,0,70,,6501,122,,,0,30,,6497,77,,,0,70,,6508,122,,,0,30,,6513,122,,,0,70,,6485,122,,,0,31,,6489,122,,,0,70,,6510,122,,,0,30,,6492,122,,,0,70,,6484,122,,,0,30,,6475,68,,,0,70,,6509,122,,,0,30,,6491,68,,,0,101,,6498,68,,,0,100,,6504,68,,,0,100,,6486,68,,,0,100,,6480,68,,,0
1000800,'a06a7e47-f820-49a2-88af-ccffc941c6bc',712,,6535,16,,,0,30,,6541,122,,,0,70,,6537,122,,,0,30,,6543,122,,,0,70,,6546,122,,,0,30,,6519,122,,,0,70,,6529,122,,,0,28,,6538,122,,,0,70,,6531,122,,,0,30,,6522,122,,,0,70,,6526,122,,,0,30,,6515,122,,,0,70,,6518,122,,,0,30,,6547,122,,,0,70,,6532,122,,,0,30,,6530,122,,,0,70,,6550,122,,,0,30,,6516,122,,,0,70,,6540,122,,,0,31,,6523,122,,,0,70,,6517,122,,,0,30,,6542,122,,,0,70,,6527,122,,,0,30,,6514,68,,,0,70,,6548,122,,,0,30,,6528,68,,,0,101,,6521,68,,,0,100,,6525,68,,,0,100,,6536,68,,,0,100,,6533,68,,,0
1000800,'af2e8e03-0a42-4469-a2b8-e03c803b7d24',842,,6577,20,,,0,100,,6559,68,,,0,98,,6574,68,,,0,100,,6562,68,,,0,100,,6573,68,,,0,100,,6563,68,,,0,100,,6576,68,,,0,100,,6565,68,,,0,101,,6561,68,,,0,100,,6551,68,,,0,100,,6570,68,,,0,100,,6560,68,,,0,101,,6552,68,,,0,100,,6568,68,,,0
1000800,'f29e6a89-2c24-4546-a5bf-65191f526c55',842,,6594,20,,,0,100,,6593,68,,,0,98,,6585,68,,,0,100,,6598,68,,,0,100,,6581,68,,,0,100,,6591,68,,,0,100,,6586,68,,,0,100,,6595,68,,,0,101,,6590,68,,,0,100,,6602,68,,,0,100,,6596,68,,,0,100,,6588,68,,,0,101,,6600,68,,,0,100,,6580,68,,,0
