1000700,'4bf8087f-7a14-48a7-b190-74a0cc4c73da',1010,4,6309,127,,,0,100,4,6306,127,,,0,100,4,6300,127,,,0,100,4,6298,127,,,0,100,4,6305,127,,,0,100,4,6307,127,,,0,100,4,6299,127,,,0,100,4,6302,127,,,0,100,4,6297,127,,,0,100,4,6303,127,,,0,100,4,6301,127,,,0,99,4,6304,127,,,0,121,25,6296,127,,,0
1000700,'8d01581c-cf93-4a74-9f42-0fb702955d15',1009,3,6323,127,,,0,100,3,6320,127,,,0,100,3,6312,127,,,0,100,3,6315,127,,,0,100,3,6313,127,,,0,100,3,6318,127,,,0,100,3,6311,127,,,0,100,3,6316,127,,,0,100,3,6319,127,,,0,100,3,6321,127,,,0,100,3,6314,127,,,0,99,3,6310,127,,,0,100,3,6322,89,,,0
1000700,'9881fb63-ca97-484f-b0ca-1bb7e4ca8571',610,4,6324,127,,,0,30,4,6335,127,,,0,69,2,6339,127,,,0,24,,6353,127,,,0,76,4,6328,127,,,0,24,,6346,127,,,0,76,3,6347,127,,,0,30,3,6344,127,,,0,70,3,6336,127,,,0,30,3,6352,127,,,0,70,3,6349,127,,,0,30,3,6354,127,,,0,70,3,6356,127,,,0,30,7,6357,127,,,0,70,3,6340,127,,,0,30,3,6331,127,,,0,69,2,6338,127,,,0,30,2,6329,127,,,0,70,2,6333,127,,,0,30,2,6343,127,,,0,70,2,6337,127,,,0,30,2,6341,127,,,0,68,3,6345,127,,,0,30,3,6326,127,,,0,72,3,6350,127,,,0,30,3,6330,127,,,0,72,3,6351,127,,,0,98,3,6348,127,,,0,101,3,6325,127,,,0,98,3,6332,127,,,0,102,3,6355,127,,,0,96,3,6334,93,,,0
1000700,'a06a7e47-f820-49a2-88af-ccffc941c6bc',710,3,6366,127,,,0,30,3,6385,127,,,0,70,3,6383,127,,,0,30,3,6361,127,,,0,69,3,6358,127,,,0,30,3,6386,127,,,0,70,3,6378,127,,,0,30,3,6359,127,,,0,70,3,6364,127,,,0,30,3,6360,127,,,0,70,3,6370,127,,,0,30,3,6382,127,,,0,70,3,6389,127,,,0,30,3,6368,127,,,0,70,3,6380,127,,,0,30,3,6384,127,,,0,70,3,6381,127,,,0,30,3,6377,127,,,0,70,3,6374,127,,,0,30,3,6367,127,,,0,70,3,6363,127,,,0,30,3,6387,127,,,0,70,3,6379,127,,,0,30,3,6372,127,,,0,70,3,6362,127,,,0,100,3,6388,127,,,0,99,3,6365,127,,,0,100,3,6371,127,,,0,100,3,6376,127,,,0,100,3,6373,89,,,0
1000700,'af2e8e03-0a42-4469-a2b8-e03c803b7d24',1009,3,6392,127,,,0,100,3,6390,127,,,0,100,3,6396,127,,,0,100,3,6399,127,,,0,100,3,6391,127,,,0,100,3,6401,127,,,0,100,3,6395,127,,,0,100,3,6400,127,,,0,100,3,6397,127,,,0,100,3,6394,127,,,0,100,3,6403,127,,,0,99,3,6393,127,,,0,100,3,6398,89,,,0
1000700,'f29e6a89-2c24-4546-a5bf-65191f526c55',1009,3,6409,127,,,0,100,3,6411,127,,,0,100,3,6413,127,,,0,100,3,6406,127,,,0,100,3,6407,127,,,0,100,3,6415,127,,,0,100,3,6414,127,,,0,100,3,6410,127,,,0,100,3,6416,127,,,0,100,3,6408,127,,,0,100,3,6404,127,,,0,99,3,6412,127,,,0,100,3,6405,89,,,0
2000700,'4bf8087f-7a14-48a7-b190-74a0cc4c73da',953,4,7070,70,,,0,100,4,7076,70,,,0,100,4,7067,70,,,0,100,4,7074,70,,,0,100,4,7075,70,,,0,100,4,7078,70,,,0,100,4,7073,70,,,0,100,4,7069,70,,,0,100,4,7068,70,,,0,102,4,7065,70,,,0,100,4,7066,70,,,0,100,4,7077,70,,,0,175,82,7071,70,,,0
2000700,'8d01581c-cf93-4a74-9f42-0fb702955d15',953,4,7084,70,,,0,100,4,7081,70,,,0,100,4,7079,70,,,0,100,4,7091,70,,,0,100,4,7087,70,,,0,100,4,7086,70,,,0,100,4,7085,70,,,0,100,4,7080,70,,,0,100,4,7090,70,,,0,102,4,7088,70,,,0,100,4,7083,70,,,0,100,4,7089,70,,,0
2000700,'9881fb63-ca97-484f-b0ca-1bb7e4ca8571',554,5,7098,70,,,0,70,5,7102,70,,,0,30,5,7118,70,,,0,70,5,7097,70,,,0,30,4,7092,70,,,0,68,4,7094,70,,,0,32,4,7100,70,,,0,68,4,7124,70,,,0,31,4,7115,70,,,0,70,4,7108,70,,,0,30,4,7106,70,,,0,70,4,7113,70,,,0,30,4,7111,70,,,0,70,4,7093,70,,,0,30,4,7120,70,,,0,70,4,7109,70,,,0,32,6,7104,70,,,0,68,4,7123,70,,,0,30,2,7095,70,,,0,70,2,7119,70,,,0,30,2,7114,70,,,0,70,2,7110,70,,,0,30,2,7103,70,,,0,70,2,7105,70,,,0,29,4,7096,70,,,0,70,4,7112,70,,,0,32,4,7107,70,,,0,70,4,7101,70,,,0,32,4,7122,70,,,0,98,4,7099,70,,,0,99,5,7121,70,,,0,96,5,7117,70,,,0
2000700,'a06a7e47-f820-49a2-88af-ccffc941c6bc',654,5,7133,70,,,0,70,5,7153,70,,,0,30,4,7142,70,,,0,70,4,7125,70,,,0,30,4,7126,70,,,0,70,4,7137,70,,,0,29,4,7136,70,,,0,70,4,7150,70,,,0,30,4,7130,70,,,0,70,4,7152,70,,,0,30,4,7127,70,,,0,70,4,7143,70,,,0,30,4,7135,70,,,0,70,4,7144,70,,,0,30,4,7146,70,,,0,70,4,7138,70,,,0,30,4,7147,70,,,0,70,4,7141,70,,,0,30,4,7145,70,,,0,70,4,7151,70,,,0,30,4,7154,70,,,0,70,4,7134,70,,,0,30,4,7149,70,,,0,70,4,7140,70,,,0,32,4,7155,70,,,0,70,4,7139,70,,,0,30,4,7132,70,,,0,100,4,7148,70,,,0,97,5,7128,70,,,0,100,5,7129,70,,,0
2000700,'af2e8e03-0a42-4469-a2b8-e03c803b7d24',953,4,7166,70,,,0,100,4,7160,70,,,0,100,4,7161,70,,,0,100,4,7157,70,,,0,100,4,7167,70,,,0,100,4,7158,70,,,0,100,4,7165,70,,,0,100,4,7164,70,,,0,100,4,7159,70,,,0,102,4,7163,70,,,0,100,4,7156,70,,,0,100,4,7162,70,,,0
2000700,'f29e6a89-2c24-4546-a5bf-65191f526c55',953,4,7178,70,,,0,100,4,7179,70,,,0,100,4,7173,70,,,0,100,4,7177,70,,,0,100,4,7171,70,,,0,100,4,7180,70,,,0,100,4,7172,70,,,0,100,4,7181,70,,,0,100,4,7169,70,,,0,102,4,7174,70,,,0,100,4,7170,70,,,0,100,4,7176,70,,,0
