1000,'4bf8087f-7a14-48a7-b190-74a0cc4c73da',840,,5449,157,,,0,99,,5446,157,,,0,100,,5455,157,,,0,100,,5453,157,,,0,100,,5451,157,,,0,100,,5457,157,,,0,100,,5456,157,,,0,100,,5445,157,,,0,100,,5448,157,,,0,100,,5444,157,,,0,100,,5452,157,,,0,100,,5447,157,,,0,100,,5454,157,,,0,100,,5450,157,,,0,120,,5458,157,,,0
1000,'8d01581c-cf93-4a74-9f42-0fb702955d15',840,,5470,157,,,0,99,,5466,157,,,0,100,,5465,157,,,0,100,,5459,157,,,0,100,,5460,157,,,0,100,,5463,157,,,0,100,,5464,157,,,0,100,,5468,157,,,0,100,,5461,157,,,0,100,,5471,157,,,0,100,,5469,157,,,0,100,,5473,157,,,0,100,,5462,157,,,0,100,,5472,157,,,0,100,,5467,157,,,0
1000,'9881fb63-ca97-484f-b0ca-1bb7e4ca8571',610,,5500,157,,,0,30,,5481,157,,,0,70,,5506,157,,,0,30,,5485,157,,,0,69,,5479,157,,,0,30,,5490,157,,,0,70,,5474,157,,,0,30,,5505,157,,,0,70,,5483,157,,,0,30,,5491,157,,,0,70,,5496,157,,,0,30,,5477,157,,,0,70,,5501,157,,,0,30,,5480,157,,,0,70,,5494,157,,,0,30,,5507,157,,,0,70,,5497,157,,,0,30,,5495,157,,,0,70,,5502,157,,,0,30,,5476,157,,,0,70,,5482,157,,,0,30,,5503,157,,,0,70,,5487,157,,,0,30,,5504,157,,,0,70,,5475,157,,,0,30,,5498,157,,,0,70,,5493,157,,,0,30,,5499,157,,,0,70,,5492,157,,,0,30,,5484,157,,,0,70,,5489,157,,,0,30,,5488,157,,,0,70,,5508,157,,,0,100,,5478,157,,,0,100,,5486,157,,,0
1000,'a06a7e47-f820-49a2-88af-ccffc941c6bc',740,,5533,157,,,0,69,,5512,157,,,0,30,,5520,157,,,0,70,,5518,157,,,0,30,,5537,157,,,0,70,,5514,157,,,0,30,,5527,157,,,0,70,,5523,157,,,0,30,,5528,157,,,0,70,,5516,157,,,0,30,,5517,157,,,0,70,,5524,157,,,0,30,,5515,157,,,0,70,,5510,157,,,0,30,,5540,157,,,0,70,,5525,157,,,0,30,,5538,157,,,0,70,,5535,157,,,0,30,,5509,157,,,0,70,,5513,157,,,0,30,,5521,157,,,0,70,,5511,157,,,0,30,,5526,157,,,0,70,,5529,157,,,0,30,,5522,157,,,0,70,,5536,157,,,0,30,,5531,157,,,0,70,,5530,157,,,0,30,,5534,157,,,0,70,,5539,157,,,0,100,,5519,157,,,0,100,,5532,157,,,0
1000,'af2e8e03-0a42-4469-a2b8-e03c803b7d24',840,,5546,157,,,0,99,,5552,157,,,0,100,,5554,157,,,0,100,,5547,157,,,0,100,,5544,157,,,0,100,,5550,157,,,0,100,,5553,157,,,0,100,,5543,157,,,0,100,,5545,157,,,0,100,,5549,157,,,0,100,,5548,157,,,0,100,,5542,157,,,0,100,,5551,157,,,0,100,,5541,157,,,0,100,,5555,157,,,0
1000,'f29e6a89-2c24-4546-a5bf-65191f526c55',840,,5569,157,,,0,99,,5557,157,,,0,100,,5570,157,,,0,100,,5561,157,,,0,100,,5562,157,,,0,100,,5564,157,,,0,100,,5563,157,,,0,100,,5567,157,,,0,100,,5568,157,,,0,100,,5559,157,,,0,100,,5560,157,,,0,100,,5565,157,,,0,100,,5558,157,,,0,100,,5556,157,,,0,100,,5566,157,,,0
2000800,'4bf8087f-7a14-48a7-b190-74a0cc4c73da',932,,7207,83,,,0,100,,7197,79,,,0,100,,7187,79,,,0,100,,7200,79,,,0,100,,7189,79,,,0,100,,7199,79,,,0,100,,7192,79,,,0,100,,7206,79,,,0,100,,7202,79,,,0,100,,7196,79,,,0,100,,7205,79,,,0,100,,7184,79,,,0,100,,7194,79,,,0
2000800,'8d01581c-cf93-4a74-9f42-0fb702955d15',932,,7219,83,,,0,100,,7224,79,,,0,100,,7232,79,,,0,100,,7209,79,,,0,100,,7215,79,,,0,100,,7217,79,,,0,100,,7208,79,,,0,100,,7227,79,,,0,100,,7213,79,,,0,100,,7228,79,,,0,100,,7220,79,,,0,100,,7221,79,,,0,100,,7218,79,,,0
2000800,'9881fb63-ca97-484f-b0ca-1bb7e4ca8571',533,,7250,83,,,0,70,,7243,83,,,0,30,,7237,140,,,0,70,,7238,83,,,0,29,,7259,140,,,0,70,,7264,140,,,0,30,,7240,140,,,0,70,,7251,140,,,0,30,,7265,140,,,0,70,,7252,140,,,0,30,,7258,140,,,0,70,,7257,140,,,0,30,,7267,140,,,0,70,,7248,140,,,0,30,,7235,140,,,0,70,,7266,140,,,0,30,,7242,140,,,0,70,,7261,140,,,0,30,,7247,140,,,0,70,,7255,140,,,0,30,,7260,140,,,0,71,,7236,140,,,0,31,,7272,140,,,0,69,,7270,140,,,0,30,,7244,140,,,0,70,,7269,140,,,0,30,,7254,140,,,0,102,,7239,140,,,0,98,,7263,79,,,0,100,,7253,79,,,0,100,,7268,79,,,0,100,,7234,79,,,0
2000800,'a06a7e47-f820-49a2-88af-ccffc941c6bc',703,,7305,79,,,0,29,,7302,79,,,0,70,,7274,79,,,0,30,,7295,140,,,0,70,,7307,140,,,0,30,,7304,140,,,0,70,,7282,140,,,0,30,,7280,140,,,0,70,,7299,140,,,0,30,,7293,140,,,0,70,,7277,140,,,0,30,,7273,140,,,0,70,,7292,140,,,0,30,,7297,140,,,0,70,,7296,140,,,0,30,,7298,140,,,0,70,,7281,140,,,0,30,,7279,140,,,0,71,,7275,140,,,0,30,,7285,140,,,0,70,,7286,140,,,0,30,,7289,140,,,0,70,,7301,140,,,0,30,,7306,140,,,0,100,,7300,140,,,0,100,,7276,79,,,0,100,,7287,79,,,0,100,,7308,79,,,0,100,,7283,79,,,0
2000800,'af2e8e03-0a42-4469-a2b8-e03c803b7d24',932,,7310,83,,,0,100,,7324,79,,,0,100,,7325,79,,,0,100,,7330,79,,,0,100,,7316,79,,,0,100,,7312,79,,,0,100,,7315,79,,,0,100,,7322,79,,,0,100,,7328,79,,,0,100,,7333,79,,,0,100,,7319,79,,,0,100,,7320,79,,,0,100,,7313,79,,,0
2000800,'f29e6a89-2c24-4546-a5bf-65191f526c55',932,,7347,83,,,0,100,,7353,79,,,0,100,,7356,79,,,0,100,,7359,79,,,0,100,,7354,79,,,0,100,,7352,79,,,0,100,,7341,79,,,0,100,,7357,79,,,0,100,,7343,79,,,0,100,,7349,79,,,0,100,,7358,79,,,0,100,,7345,79,,,0,100,,7344,79,,,0
