1000,'4bf8087f-7a14-48a7-b190-74a0cc4c73da',840,,5449,151,,,0,98,,5446,151,,,0,100,,5455,151,,,0,100,,5453,151,,,0,100,,5451,151,,,0,100,,5457,151,,,0,100,,5456,151,,,0,100,,5445,151,,,0,100,,5448,151,,,0,101,,5444,151,,,0,100,,5452,151,,,0,100,,5447,151,,,0,100,,5454,151,,,0,100,,5450,151,,,0,120,,5458,151,,,0
1000,'8d01581c-cf93-4a74-9f42-0fb702955d15',840,,5470,151,,,0,98,,5466,151,,,0,100,,5465,151,,,0,100,,5459,151,,,0,100,,5460,151,,,0,100,,5463,151,,,0,100,,5464,151,,,0,100,,5468,151,,,0,100,,5461,151,,,0,101,,5471,151,,,0,100,,5469,151,,,0,100,,5473,151,,,0,100,,5462,151,,,0,100,,5472,151,,,0,100,,5467,151,,,0
1000,'9881fb63-ca97-484f-b0ca-1bb7e4ca8571',610,,5500,151,,,0,30,,5481,151,,,0,70,,5506,151,,,0,30,,5485,151,,,0,68,,5479,151,,,0,30,,5490,151,,,0,70,,5474,151,,,0,30,,5505,151,,,0,70,,5483,151,,,0,30,,5491,151,,,0,70,,5496,151,,,0,30,,5477,151,,,0,70,,5501,151,,,0,30,,5480,151,,,0,70,,5494,151,,,0,30,,5507,151,,,0,70,,5497,151,,,0,30,,5495,151,,,0,70,,5502,151,,,0,30,,5476,151,,,0,70,,5482,151,,,0,30,,5503,151,,,0,71,,5487,151,,,0,30,,5504,151,,,0,70,,5475,151,,,0,30,,5498,151,,,0,70,,5493,151,,,0,30,,5499,151,,,0,70,,5492,151,,,0,30,,5484,151,,,0,70,,5489,151,,,0,30,,5488,151,,,0,70,,5508,151,,,0,100,,5478,151,,,0,100,,5486,151,,,0
1000,'a06a7e47-f820-49a2-88af-ccffc941c6bc',740,,5533,151,,,0,68,,5512,151,,,0,30,,5520,151,,,0,70,,5518,151,,,0,30,,5537,151,,,0,70,,5514,151,,,0,30,,5527,151,,,0,70,,5523,151,,,0,30,,5528,151,,,0,70,,5516,151,,,0,30,,5517,151,,,0,70,,5524,151,,,0,30,,5515,151,,,0,70,,5510,151,,,0,30,,5540,151,,,0,70,,5525,151,,,0,30,,5538,151,,,0,70,,5535,151,,,0,30,,5509,151,,,0,71,,5513,151,,,0,30,,5521,151,,,0,70,,5511,151,,,0,30,,5526,151,,,0,70,,5529,151,,,0,30,,5522,151,,,0,70,,5536,151,,,0,30,,5531,151,,,0,70,,5530,151,,,0,30,,5534,151,,,0,70,,5539,151,,,0,100,,5519,151,,,0,100,,5532,151,,,0
1000,'af2e8e03-0a42-4469-a2b8-e03c803b7d24',840,,5546,151,,,0,98,,5552,151,,,0,100,,5554,151,,,0,100,,5547,151,,,0,100,,5544,151,,,0,100,,5550,151,,,0,100,,5553,151,,,0,100,,5543,151,,,0,100,,5545,151,,,0,101,,5549,151,,,0,100,,5548,151,,,0,100,,5542,151,,,0,100,,5551,151,,,0,100,,5541,151,,,0,100,,5555,151,,,0
1000,'f29e6a89-2c24-4546-a5bf-65191f526c55',840,,5569,151,,,0,98,,5557,151,,,0,100,,5570,151,,,0,100,,5561,151,,,0,100,,5562,151,,,0,100,,5564,151,,,0,100,,5563,151,,,0,100,,5567,151,,,0,100,,5568,151,,,0,101,,5559,151,,,0,100,,5560,151,,,0,100,,5565,151,,,0,100,,5558,151,,,0,100,,5556,151,,,0,100,,5566,151,,,0
10000,'4bf8087f-7a14-48a7-b190-74a0cc4c73da',755,,5700,19,,,0,89,,5717,19,,,0,89,,5702,19,,,0,89,,5705,19,,,0,89,,5715,19,,,0,24,,5712,19,,,0,65,41,5710,19,,,0,24,,5699,19,,,0,25,,5698,19,,,0,64,,5697,19,,,0,25,,5707,19,,,0,64,,5709,19,,,0,25,,5723,19,,,0,24,,5720,19,,,0,65,,5716,19,,,0,24,,5721,19,,,0,65,,5713,19,,,0,25,,5704,19,,,0,26,,5722,19,,,0,65,,5719,19,,,0,25,,5724,19,,,0,65,,5718,19,,,0,47,,5703,19,,,0,87,,5714,19,,,0,87,,5708,19,,,0,87,,5711,19,,,0,86,,5706,19,,,0,46,,5701,19,,,0
10000,'8d01581c-cf93-4a74-9f42-0fb702955d15',755,,5728,19,,,0,89,,5745,19,,,0,89,,5747,19,,,0,89,,5730,19,,,0,89,,5729,19,,,0,24,,5731,19,,,0,65,41,5742,19,,,0,24,,5735,19,,,0,25,,5748,19,,,0,64,,5727,19,,,0,25,,5738,19,,,0,64,,5751,19,,,0,25,,5736,19,,,0,24,,5741,19,,,0,65,,5750,19,,,0,24,,5733,19,,,0,65,,5752,19,,,0,25,,5737,19,,,0,26,,5734,19,,,0,65,,5725,19,,,0,25,,5743,19,,,0,65,,5749,19,,,0,47,,5739,19,,,0,87,,5746,19,,,0,87,,5732,19,,,0,87,,5740,19,,,0,86,,5726,19,,,0,46,,5744,19,,,0
10000,'9881fb63-ca97-484f-b0ca-1bb7e4ca8571',719,,5772,19,,,0,19,,5767,19,,,0,69,,5758,19,,,0,22,,5763,19,,,0,27,,5756,19,,,0,64,,5769,19,,,0,25,,5773,19,,,0,64,,5780,19,,,0,25,,5757,19,,,0,24,,5779,19,,,0,65,,5771,19,,,0,24,,5781,19,,,0,65,,5785,19,,,0,24,,5788,19,,,0,66,,5765,19,,,0,25,,5783,19,,,0,26,,5776,19,,,0,65,,5764,19,,,0,26,,5790,19,,,0,64,,5777,19,,,0,26,,5762,19,,,0,24,,5760,19,,,0,65,,5784,19,,,0,24,,5774,19,,,0,64,,5766,19,,,0,24,,5775,19,,,0,23,,5789,19,,,0,64,,5753,19,,,0,23,,5782,19,,,0,64,,5787,19,,,0,23,,5778,19,,,0,24,,5770,19,,,0,63,,5759,19,,,0,23,,5786,19,,,0,63,,5768,19,,,0,23,,5755,19,,,0,23,,5754,19,,,0,86,,5761,19,,,0
10000,'a06a7e47-f820-49a2-88af-ccffc941c6bc',753,,5807,19,,,0,64,,5821,19,,,0,25,,5792,19,,,0,64,,5794,19,,,0,25,,5798,19,,,0,24,,5803,19,,,0,65,,5800,19,,,0,24,,5822,19,,,0,65,,5814,19,,,0,24,,5811,19,,,0,25,,5826,19,,,0,64,,5802,19,,,0,25,,5819,19,,,0,64,,5801,19,,,0,25,,5813,19,,,0,64,41,5820,19,,,0,25,,5791,19,,,0,24,,5823,19,,,0,65,,5824,19,,,0,25,,5818,19,,,0,66,,5808,19,,,0,25,,5809,19,,,0,26,,5793,19,,,0,65,,5799,19,,,0,25,,5815,19,,,0,65,,5796,19,,,0,22,,5806,19,,,0,25,,5816,19,,,0,62,,5805,19,,,0,25,,5797,19,,,0,62,,5810,19,,,0,25,,5795,19,,,0,21,,5825,19,,,0,65,,5817,19,,,0,22,,5804,19,,,0,86,,5812,19,,,0
10000,'af2e8e03-0a42-4469-a2b8-e03c803b7d24',755,,5833,19,,,0,89,,5838,19,,,0,89,,5847,19,,,0,89,,5834,19,,,0,89,,5846,19,,,0,24,,5830,19,,,0,65,41,5848,19,,,0,24,,5841,19,,,0,25,,5843,19,,,0,64,,5850,19,,,0,25,,5840,19,,,0,64,,5845,19,,,0,25,,5842,19,,,0,24,,5827,19,,,0,65,,5837,19,,,0,24,,5854,19,,,0,65,,5852,19,,,0,25,,5836,19,,,0,26,,5831,19,,,0,65,,5839,19,,,0,25,,5849,19,,,0,65,,5828,19,,,0,47,,5851,19,,,0,87,,5829,19,,,0,87,,5835,19,,,0,87,,5853,19,,,0,86,,5844,19,,,0,46,,5832,19,,,0
10000,'f29e6a89-2c24-4546-a5bf-65191f526c55',755,,5881,19,,,0,89,,5872,19,,,0,89,,5878,19,,,0,89,,5858,19,,,0,89,,5862,19,,,0,24,,5868,19,,,0,65,41,5875,19,,,0,24,,5882,19,,,0,25,,5876,19,,,0,64,,5865,19,,,0,25,,5879,19,,,0,64,,5866,19,,,0,25,,5871,19,,,0,24,,5855,19,,,0,65,,5869,19,,,0,24,,5870,19,,,0,65,,5863,19,,,0,25,,5880,19,,,0,26,,5859,19,,,0,65,,5874,19,,,0,25,,5877,19,,,0,65,,5860,19,,,0,47,,5856,19,,,0,87,,5864,19,,,0,87,,5873,19,,,0,87,,5867,19,,,0,86,,5857,19,,,0,46,,5861,19,,,0
2000800,'4bf8087f-7a14-48a7-b190-74a0cc4c73da',932,,7207,76,,,0,100,,7197,73,,,0,100,,7187,73,,,0,100,,7200,73,,,0,100,,7189,73,,,0,100,,7199,73,,,0,100,,7192,73,,,0,100,,7206,73,,,0,100,,7202,73,,,0,100,,7196,73,,,0,100,,7205,73,,,0,100,,7184,73,,,0,100,,7194,73,,,0
2000800,'8d01581c-cf93-4a74-9f42-0fb702955d15',932,,7219,76,,,0,100,,7224,73,,,0,100,,7232,73,,,0,100,,7209,73,,,0,100,,7215,73,,,0,100,,7217,73,,,0,100,,7208,73,,,0,100,,7227,73,,,0,100,,7213,73,,,0,100,,7228,73,,,0,100,,7220,73,,,0,100,,7221,73,,,0,100,,7218,73,,,0
2000800,'9881fb63-ca97-484f-b0ca-1bb7e4ca8571',533,,7250,76,,,0,70,,7243,76,,,0,30,,7237,132,,,0,70,,7238,76,,,0,29,,7259,132,,,0,70,,7264,132,,,0,30,,7240,132,,,0,70,,7251,132,,,0,30,,7265,132,,,0,70,,7252,132,,,0,30,,7258,132,,,0,70,,7257,132,,,0,30,,7267,132,,,0,70,,7248,132,,,0,30,,7235,132,,,0,70,,7266,132,,,0,30,,7242,132,,,0,70,,7261,132,,,0,30,,7247,132,,,0,70,,7255,132,,,0,30,,7260,132,,,0,71,,7236,132,,,0,31,,7272,132,,,0,69,,7270,132,,,0,30,,7244,132,,,0,70,,7269,132,,,0,30,,7254,132,,,0,102,,7239,132,,,0,98,,7263,73,,,0,100,,7253,73,,,0,100,,7268,73,,,0,100,,7234,73,,,0
2000800,'a06a7e47-f820-49a2-88af-ccffc941c6bc',703,,7305,73,,,0,29,,7302,73,,,0,70,,7274,73,,,0,30,,7295,132,,,0,70,,7307,132,,,0,30,,7304,132,,,0,70,,7282,132,,,0,30,,7280,132,,,0,70,,7299,132,,,0,30,,7293,132,,,0,70,,7277,132,,,0,30,,7273,132,,,0,70,,7292,132,,,0,30,,7297,132,,,0,70,,7296,132,,,0,30,,7298,132,,,0,70,,7281,132,,,0,30,,7279,132,,,0,71,,7275,132,,,0,30,,7285,132,,,0,70,,7286,132,,,0,30,,7289,132,,,0,70,,7301,132,,,0,30,,7306,132,,,0,100,,7300,132,,,0,100,,7276,73,,,0,100,,7287,73,,,0,100,,7308,73,,,0,100,,7283,73,,,0
2000800,'af2e8e03-0a42-4469-a2b8-e03c803b7d24',932,,7310,76,,,0,100,,7324,73,,,0,100,,7325,73,,,0,100,,7330,73,,,0,100,,7316,73,,,0,100,,7312,73,,,0,100,,7315,73,,,0,100,,7322,73,,,0,100,,7328,73,,,0,100,,7333,73,,,0,100,,7319,73,,,0,100,,7320,73,,,0,100,,7313,73,,,0
2000800,'f29e6a89-2c24-4546-a5bf-65191f526c55',932,,7347,76,,,0,100,,7353,73,,,0,100,,7356,73,,,0,100,,7359,73,,,0,100,,7354,73,,,0,100,,7352,73,,,0,100,,7341,73,,,0,100,,7357,73,,,0,100,,7343,73,,,0,100,,7349,73,,,0,100,,7358,73,,,0,100,,7345,73,,,0,100,,7344,73,,,0
