10000,'4bf8087f-7a14-48a7-b190-74a0cc4c73da',802,,5700,39,,,0,49,,5717,39,,,0,89,,5702,39,,,0,89,,5705,39,,,0,89,,5715,39,,,0,24,,5712,39,,,0,65,,5710,39,,,0,24,,5699,39,,,0,25,,5698,39,,,0,64,,5697,39,,,0,25,,5707,39,,,0,64,,5709,39,,,0,25,,5723,39,,,0,24,,5720,39,,,0,65,,5716,39,,,0,24,,5721,39,,,0,65,,5713,39,,,0,25,,5704,39,,,0,66,,5722,39,,,0,25,,5719,39,,,0,25,,5724,39,,,0,65,,5718,39,,,0,87,,5703,39,,,0,47,,5714,39,,,0,87,,5708,39,,,0,86,,5711,39,,,0,86,,5706,39,,,0,46,,5701,39,,,0
10000,'8d01581c-cf93-4a74-9f42-0fb702955d15',802,,5728,39,,,0,49,,5745,39,,,0,89,,5747,39,,,0,89,,5730,39,,,0,89,,5729,39,,,0,24,,5731,39,,,0,65,,5742,39,,,0,24,,5735,39,,,0,25,,5748,39,,,0,64,,5727,39,,,0,25,,5738,39,,,0,64,,5751,39,,,0,25,,5736,39,,,0,24,,5741,39,,,0,65,,5750,39,,,0,24,,5733,39,,,0,65,,5752,39,,,0,25,,5737,39,,,0,66,,5734,39,,,0,25,,5725,39,,,0,25,,5743,39,,,0,65,,5749,39,,,0,87,,5739,39,,,0,47,,5746,39,,,0,87,,5732,39,,,0,86,,5740,39,,,0,86,,5726,39,,,0,46,,5744,39,,,0
10000,'9881fb63-ca97-484f-b0ca-1bb7e4ca8571',725,,5772,39,,,0,20,,5767,39,,,0,69,,5758,39,,,0,22,,5763,39,,,0,67,,5756,39,,,0,24,,5769,39,,,0,25,,5773,39,,,0,64,,5780,39,,,0,25,,5757,39,,,0,64,,5779,39,,,0,25,,5771,39,,,0,24,,5781,39,,,0,65,,5785,39,,,0,24,,5788,39,,,0,66,,5765,39,,,0,25,,5783,39,,,0,66,,5776,39,,,0,25,,5764,39,,,0,26,,5790,39,,,0,64,,5777,39,,,0,26,,5762,39,,,0,64,,5760,39,,,0,25,,5784,39,,,0,24,,5774,39,,,0,64,,5766,39,,,0,24,,5775,39,,,0,63,,5789,39,,,0,24,,5753,39,,,0,23,,5782,39,,,0,64,,5787,39,,,0,23,,5778,39,,,0,63,,5770,39,,,0,23,,5759,39,,,0,23,,5786,39,,,0,63,,5768,39,,,0,23,,5755,39,,,0,23,,5754,39,,,0,86,,5761,39,,,0
10000,'a06a7e47-f820-49a2-88af-ccffc941c6bc',800,,5807,39,,,0,24,,5821,39,,,0,25,,5792,39,,,0,64,,5794,39,,,0,25,,5798,39,,,0,64,,5803,39,,,0,25,,5800,39,,,0,24,,5822,39,,,0,65,,5814,39,,,0,24,,5811,39,,,0,65,,5826,39,,,0,24,,5802,39,,,0,25,,5819,39,,,0,64,,5801,39,,,0,25,,5813,39,,,0,64,,5820,39,,,0,25,,5791,39,,,0,24,,5823,39,,,0,65,,5824,39,,,0,25,,5818,39,,,0,66,,5808,39,,,0,25,,5809,39,,,0,66,,5793,39,,,0,25,,5799,39,,,0,25,,5815,39,,,0,65,,5796,39,,,0,22,,5806,39,,,0,65,,5816,39,,,0,22,,5805,39,,,0,25,,5797,39,,,0,61,,5810,39,,,0,25,,5795,39,,,0,21,,5825,39,,,0,65,,5817,39,,,0,22,,5804,39,,,0,86,,5812,39,,,0
10000,'af2e8e03-0a42-4469-a2b8-e03c803b7d24',802,,5833,39,,,0,49,,5838,39,,,0,89,,5847,39,,,0,89,,5834,39,,,0,89,,5846,39,,,0,24,,5830,39,,,0,65,,5848,39,,,0,24,,5841,39,,,0,25,,5843,39,,,0,64,,5850,39,,,0,25,,5840,39,,,0,64,,5845,39,,,0,25,,5842,39,,,0,24,,5827,39,,,0,65,,5837,39,,,0,24,,5854,39,,,0,65,,5852,39,,,0,25,,5836,39,,,0,66,,5831,39,,,0,25,,5839,39,,,0,25,,5849,39,,,0,65,,5828,39,,,0,87,,5851,39,,,0,47,,5829,39,,,0,87,,5835,39,,,0,86,,5853,39,,,0,86,,5844,39,,,0,46,,5832,39,,,0
10000,'f29e6a89-2c24-4546-a5bf-65191f526c55',802,,5881,39,,,0,49,,5872,39,,,0,89,,5878,39,,,0,89,,5858,39,,,0,89,,5862,39,,,0,24,,5868,39,,,0,65,,5875,39,,,0,24,,5882,39,,,0,25,,5876,39,,,0,64,,5865,39,,,0,25,,5879,39,,,0,64,,5866,39,,,0,25,,5871,39,,,0,24,,5855,39,,,0,65,,5869,39,,,0,24,,5870,39,,,0,65,,5863,39,,,0,25,,5880,39,,,0,66,,5859,39,,,0,25,,5874,39,,,0,25,,5877,39,,,0,65,,5860,39,,,0,87,,5856,39,,,0,47,,5864,39,,,0,87,,5873,39,,,0,86,,5867,39,,,0,86,,5857,39,,,0,46,,5861,39,,,0
2000800,'4bf8087f-7a14-48a7-b190-74a0cc4c73da',938,,7207,116,,,0,100,,7197,112,,,0,100,,7187,112,,,0,100,,7200,112,,,0,100,,7189,112,,,0,100,,7199,112,,,0,100,,7192,112,,,0,100,,7206,112,,,0,100,,7202,112,,,0,100,,7196,112,,,0,99,,7205,112,,,0,100,,7184,112,,,0,100,,7194,112,,,0
2000800,'8d01581c-cf93-4a74-9f42-0fb702955d15',938,,7219,116,,,0,100,,7224,112,,,0,100,,7232,112,,,0,100,,7209,112,,,0,100,,7215,112,,,0,100,,7217,112,,,0,100,,7208,112,,,0,100,,7227,112,,,0,100,,7213,112,,,0,100,,7228,112,,,0,99,,7220,112,,,0,100,,7221,112,,,0,100,,7218,112,,,0
2000800,'9881fb63-ca97-484f-b0ca-1bb7e4ca8571',538,,7250,116,,,0,70,,7243,116,,,0,30,,7237,177,,,0,70,,7238,116,,,0,30,,7259,177,,,0,70,,7264,177,,,0,30,,7240,177,,,0,70,,7251,177,,,0,30,,7265,177,,,0,70,,7252,177,,,0,30,,7258,177,,,0,70,,7257,177,,,0,30,,7267,177,,,0,70,,7248,177,,,0,30,,7235,177,,,0,70,,7266,177,,,0,30,,7242,177,,,0,70,,7261,177,,,0,30,,7247,177,,,0,70,,7255,177,,,0,30,,7260,177,,,0,71,,7236,177,,,0,31,,7272,177,,,0,69,,7270,177,,,0,30,,7244,177,,,0,70,,7269,177,,,0,30,,7254,177,,,0,101,,7239,177,,,0,98,,7263,112,,,0,100,,7253,112,,,0,100,,7268,112,,,0,100,,7234,112,,,0
2000800,'a06a7e47-f820-49a2-88af-ccffc941c6bc',708,,7305,112,,,0,30,,7302,112,,,0,70,,7274,112,,,0,30,,7295,177,,,0,70,,7307,177,,,0,30,,7304,177,,,0,70,,7282,177,,,0,30,,7280,177,,,0,70,,7299,177,,,0,30,,7293,177,,,0,70,,7277,177,,,0,30,,7273,177,,,0,70,,7292,177,,,0,30,,7297,177,,,0,70,,7296,177,,,0,30,,7298,177,,,0,70,,7281,177,,,0,30,,7279,177,,,0,71,,7275,177,,,0,30,,7285,177,,,0,70,,7286,177,,,0,30,,7289,177,,,0,70,,7301,177,,,0,30,,7306,177,,,0,99,,7300,177,,,0,100,,7276,112,,,0,100,,7287,112,,,0,100,,7308,112,,,0,100,,7283,112,,,0
2000800,'af2e8e03-0a42-4469-a2b8-e03c803b7d24',938,,7310,116,,,0,100,,7324,112,,,0,100,,7325,112,,,0,100,,7330,112,,,0,100,,7316,112,,,0,100,,7312,112,,,0,100,,7315,112,,,0,100,,7322,112,,,0,100,,7328,112,,,0,100,,7333,112,,,0,99,,7319,112,,,0,100,,7320,112,,,0,100,,7313,112,,,0
2000800,'f29e6a89-2c24-4546-a5bf-65191f526c55',938,,7347,116,,,0,100,,7353,112,,,0,100,,7356,112,,,0,100,,7359,112,,,0,100,,7354,112,,,0,100,,7352,112,,,0,100,,7341,112,,,0,100,,7357,112,,,0,100,,7343,112,,,0,100,,7349,112,,,0,99,,7358,112,,,0,100,,7345,112,,,0,100,,7344,112,,,0
