2000700,'4bf8087f-7a14-48a7-b190-74a0cc4c73da',1016,,7070,148,,,0,100,,7076,148,,,0,100,,7067,148,,,0,100,,7074,148,,,0,100,,7075,148,,,0,100,,7078,148,,,0,100,,7073,148,,,0,100,,7069,148,,,0,100,,7068,148,,,0,102,,7065,148,,,0,100,,7066,148,,,0,100,,7077,148,,,0,135,,7071,148,,,0
2000700,'8d01581c-cf93-4a74-9f42-0fb702955d15',1016,,7084,148,,,0,100,,7081,148,,,0,100,,7079,148,,,0,100,,7091,148,,,0,100,,7087,148,,,0,100,,7086,148,,,0,100,,7085,148,,,0,100,,7080,148,,,0,100,,7090,148,,,0,102,,7088,148,,,0,100,,7083,148,,,0,100,,7089,148,,,0
2000700,'9881fb63-ca97-484f-b0ca-1bb7e4ca8571',616,,7098,148,,,0,30,,7102,148,,,0,70,,7118,148,,,0,30,,7097,148,,,0,71,,7092,148,,,0,28,,7094,148,,,0,72,,7100,148,,,0,28,,7124,148,,,0,71,,7115,148,,,0,30,,7108,148,,,0,70,,7106,148,,,0,30,,7113,148,,,0,70,,7111,148,,,0,30,,7093,148,,,0,70,,7120,148,,,0,30,,7109,148,,,0,72,,7104,148,,,0,28,,7123,148,,,0,70,,7095,148,,,0,30,,7119,148,,,0,70,,7114,148,,,0,30,,7110,148,,,0,70,,7103,148,,,0,30,,7105,148,,,0,69,,7096,148,,,0,30,,7112,148,,,0,72,,7107,148,,,0,30,,7101,148,,,0,72,,7122,148,,,0,98,,7099,148,,,0,98,,7121,148,,,0,96,,7117,148,,,0
2000700,'a06a7e47-f820-49a2-88af-ccffc941c6bc',716,,7133,148,,,0,30,,7153,148,,,0,71,,7142,148,,,0,30,,7125,148,,,0,70,,7126,148,,,0,30,,7137,148,,,0,69,,7136,148,,,0,30,,7150,148,,,0,70,,7130,148,,,0,30,,7152,148,,,0,70,,7127,148,,,0,30,,7143,148,,,0,70,,7135,148,,,0,30,,7144,148,,,0,70,,7146,148,,,0,30,,7138,148,,,0,70,,7147,148,,,0,30,,7141,148,,,0,70,,7145,148,,,0,30,,7151,148,,,0,70,,7154,148,,,0,30,,7134,148,,,0,70,,7149,148,,,0,30,,7140,148,,,0,72,,7155,148,,,0,30,,7139,148,,,0,70,,7132,148,,,0,100,,7148,148,,,0,90,,7128,148,,,0,106,,7129,148,,,0
2000700,'af2e8e03-0a42-4469-a2b8-e03c803b7d24',1016,,7166,148,,,0,100,,7160,148,,,0,100,,7161,148,,,0,100,,7157,148,,,0,100,,7167,148,,,0,100,,7158,148,,,0,100,,7165,148,,,0,100,,7164,148,,,0,100,,7159,148,,,0,102,,7163,148,,,0,100,,7156,148,,,0,100,,7162,148,,,0
2000700,'f29e6a89-2c24-4546-a5bf-65191f526c55',1016,,7178,148,,,0,100,,7179,148,,,0,100,,7173,148,,,0,100,,7177,148,,,0,100,,7171,148,,,0,100,,7180,148,,,0,100,,7172,148,,,0,100,,7181,148,,,0,100,,7169,148,,,0,102,,7174,148,,,0,100,,7170,148,,,0,100,,7176,148,,,0
2000801,'4bf8087f-7a14-48a7-b190-74a0cc4c73da',948,,7363,120,,,0,100,,7362,241,,,0,99,,7371,241,,,0,100,,7368,241,,,0,100,,7364,241,,,0,100,,7367,241,,,0,100,,7365,241,,,0,100,,7374,241,,,0,96,,7369,241,,,0,100,,7370,241,,,0,100,,7361,241,,,0,99,,7366,241,,,0,100,,7373,241,,,0,112,,7372,241,,,0
2000801,'8d01581c-cf93-4a74-9f42-0fb702955d15',948,,7380,120,,,0,100,,7376,241,,,0,99,,7384,241,,,0,100,,7377,241,,,0,100,,7381,241,,,0,100,,7387,241,,,0,100,,7382,241,,,0,100,,7388,241,,,0,96,,7383,241,,,0,100,,7385,241,,,0,100,,7386,241,,,0,99,,7375,241,,,0,100,,7378,241,,,0
2000801,'9881fb63-ca97-484f-b0ca-1bb7e4ca8571',523,,7389,120,,,0,100,,7392,120,,,0,21,,7401,241,,,0,70,,7405,241,,,0,30,,7391,195,,,0,70,,7399,241,,,0,32,,7404,241,,,0,70,,7396,241,,,0,29,,7393,241,,,0,70,,7418,241,,,0,30,,7402,241,,,0,72,,7400,241,,,0,30,,7411,241,,,0,70,,7406,241,,,0,31,,7416,241,,,0,70,,7414,241,,,0,30,,7398,241,,,0,70,,7417,241,,,0,30,,7390,195,,,0,73,,7397,241,,,0,30,,7422,241,,,0,70,,7403,241,,,0,30,,7409,241,,,0,71,,7408,241,,,0,31,,7419,241,,,0,67,,7415,241,,,0,28,,7421,241,,,0,101,,7410,241,,,0,100,,7394,241,,,0,95,,7407,241,,,0,100,,7413,241,,,0,100,,7412,241,,,0
2000801,'a06a7e47-f820-49a2-88af-ccffc941c6bc',714,,7425,120,,,0,30,,7446,120,,,0,70,,7423,241,,,0,32,,7431,241,,,0,70,,7428,241,,,0,29,,7433,241,,,0,70,,7435,241,,,0,32,,7440,241,,,0,70,,7424,241,,,0,30,,7432,241,,,0,70,,7444,241,,,0,31,,7451,241,,,0,70,,7452,241,,,0,30,,7447,241,,,0,70,,7453,241,,,0,30,,7426,241,,,0,70,,7448,241,,,0,30,,7450,241,,,0,70,,7438,241,,,0,30,,7430,241,,,0,72,,7434,241,,,0,31,,7429,241,,,0,69,,7436,241,,,0,28,,7441,241,,,0,101,,7437,241,,,0,100,,7443,241,,,0,95,,7427,241,,,0,100,,7445,241,,,0,100,,7449,241,,,0
2000801,'af2e8e03-0a42-4469-a2b8-e03c803b7d24',948,,7455,120,,,0,100,,7465,241,,,0,99,,7454,241,,,0,100,,7467,241,,,0,100,,7460,241,,,0,100,,7457,241,,,0,100,,7459,241,,,0,100,,7458,241,,,0,96,,7461,241,,,0,100,,7466,241,,,0,100,,7464,241,,,0,99,,7463,241,,,0,100,,7456,241,,,0
2000801,'f29e6a89-2c24-4546-a5bf-65191f526c55',948,,7472,120,,,0,100,,7477,241,,,0,99,,7473,241,,,0,100,,7478,241,,,0,100,,7476,241,,,0,100,,7481,241,,,0,100,,7468,241,,,0,100,,7469,241,,,0,96,,7479,241,,,0,100,,7480,241,,,0,100,,7471,241,,,0,99,,7475,241,,,0,100,,7470,241,,,0
