10000,'4bf8087f-7a14-48a7-b190-74a0cc4c73da',821,,5700,123,,,0,89,,5717,123,,,0,49,,5702,123,,,0,89,,5705,123,,,0,89,,5715,123,,,0,64,,5712,123,,,0,25,,5710,123,,,0,24,,5699,123,,,0,65,,5698,123,,,0,24,,5697,123,,,0,65,,5707,123,,,0,24,,5709,123,,,0,25,,5723,123,,,0,64,,5720,123,,,0,25,,5716,123,,,0,64,,5721,123,,,0,25,,5713,123,,,0,25,,5704,123,,,0,66,,5722,123,,,0,25,,5719,123,,,0,65,,5724,123,,,0,25,,5718,123,,,0,87,,5703,123,,,0,87,,5714,123,,,0,47,,5708,123,,,0,86,,5711,123,,,0,86,,5706,123,,,0,86,,5701,123,,,0
10000,'8d01581c-cf93-4a74-9f42-0fb702955d15',821,,5728,123,,,0,89,,5745,123,,,0,49,,5747,123,,,0,89,,5730,123,,,0,89,,5729,123,,,0,64,,5731,123,,,0,25,,5742,123,,,0,24,,5735,123,,,0,65,,5748,123,,,0,24,,5727,123,,,0,65,,5738,123,,,0,24,,5751,123,,,0,25,,5736,123,,,0,64,,5741,123,,,0,25,,5750,123,,,0,64,,5733,123,,,0,25,,5752,123,,,0,25,,5737,123,,,0,66,,5734,123,,,0,25,,5725,123,,,0,65,,5743,123,,,0,25,,5749,123,,,0,87,,5739,123,,,0,87,,5746,123,,,0,47,,5732,123,,,0,86,,5740,123,,,0,86,,5726,123,,,0,86,,5744,123,,,0
10000,'9881fb63-ca97-484f-b0ca-1bb7e4ca8571',743,,5772,123,,,0,61,,5767,123,,,0,29,,5758,123,,,0,22,,5763,123,,,0,67,,5756,123,,,0,24,,5769,123,,,0,65,,5773,123,,,0,24,,5780,123,,,0,65,,5757,123,,,0,24,,5779,123,,,0,25,,5771,123,,,0,64,,5781,123,,,0,25,,5785,123,,,0,64,,5788,123,,,0,27,,5765,123,,,0,25,,5783,123,,,0,66,,5776,123,,,0,25,,5764,123,,,0,66,,5790,123,,,0,23,,5777,123,,,0,66,,5762,123,,,0,24,,5760,123,,,0,25,,5784,123,,,0,64,,5774,123,,,0,24,,5766,123,,,0,64,,5775,123,,,0,23,,5789,123,,,0,24,,5753,123,,,0,63,,5782,123,,,0,24,,5787,123,,,0,23,,5778,123,,,0,63,,5770,123,,,0,23,,5759,123,,,0,63,,5786,123,,,0,23,,5768,123,,,0,23,,5755,123,,,0,63,,5754,123,,,0,86,,5761,123,,,0
10000,'a06a7e47-f820-49a2-88af-ccffc941c6bc',819,,5807,123,,,0,24,,5821,123,,,0,65,,5792,123,,,0,24,,5794,123,,,0,25,,5798,123,,,0,64,,5803,123,,,0,25,,5800,123,,,0,64,,5822,123,,,0,25,,5814,123,,,0,24,,5811,123,,,0,65,,5826,123,,,0,24,,5802,123,,,0,65,,5819,123,,,0,24,,5801,123,,,0,65,,5813,123,,,0,24,,5820,123,,,0,25,,5791,123,,,0,64,,5823,123,,,0,25,,5824,123,,,0,65,,5818,123,,,0,26,,5808,123,,,0,25,,5809,123,,,0,66,,5793,123,,,0,25,,5799,123,,,0,65,,5815,123,,,0,25,,5796,123,,,0,22,,5806,123,,,0,65,,5816,123,,,0,22,,5805,123,,,0,65,,5797,123,,,0,21,,5810,123,,,0,25,,5795,123,,,0,61,,5825,123,,,0,25,,5817,123,,,0,62,,5804,123,,,0,46,,5812,123,,,0
10000,'af2e8e03-0a42-4469-a2b8-e03c803b7d24',821,,5833,123,,,0,89,,5838,123,,,0,49,,5847,123,,,0,89,,5834,123,,,0,89,,5846,123,,,0,64,,5830,123,,,0,25,,5848,123,,,0,24,,5841,123,,,0,65,,5843,123,,,0,24,,5850,123,,,0,65,,5840,123,,,0,24,,5845,123,,,0,25,,5842,123,,,0,64,,5827,123,,,0,25,,5837,123,,,0,64,,5854,123,,,0,25,,5852,123,,,0,25,,5836,123,,,0,66,,5831,123,,,0,25,,5839,123,,,0,65,,5849,123,,,0,25,,5828,123,,,0,87,,5851,123,,,0,87,,5829,123,,,0,47,,5835,123,,,0,86,,5853,123,,,0,86,,5844,123,,,0,86,,5832,123,,,0
10000,'f29e6a89-2c24-4546-a5bf-65191f526c55',821,,5881,123,,,0,89,,5872,123,,,0,49,,5878,123,,,0,89,,5858,123,,,0,89,,5862,123,,,0,64,,5868,123,,,0,25,,5875,123,,,0,24,,5882,123,,,0,65,,5876,123,,,0,24,,5865,123,,,0,65,,5879,123,,,0,24,,5866,123,,,0,25,,5871,123,,,0,64,,5855,123,,,0,25,,5869,123,,,0,64,,5870,123,,,0,25,,5863,123,,,0,25,,5880,123,,,0,66,,5859,123,,,0,25,,5874,123,,,0,65,,5877,123,,,0,25,,5860,123,,,0,87,,5856,123,,,0,87,,5864,123,,,0,47,,5873,123,,,0,86,,5867,123,,,0,86,,5857,123,,,0,86,,5861,123,,,0
2000801,'4bf8087f-7a14-48a7-b190-74a0cc4c73da',1002,,7362,89,,,0,101,,7371,89,,,0,100,,7368,89,,,0,100,,7364,89,,,0,100,,7367,89,,,0,100,,7365,89,,,0,100,,7374,89,,,0,98,,7369,89,,,0,100,,7370,89,,,0,100,,7361,89,,,0,58,,7366,89,,,0,100,,7373,89,,,0,100,,7372,89,,,0
2000801,'8d01581c-cf93-4a74-9f42-0fb702955d15',1002,,7376,89,,,0,101,,7384,89,,,0,100,,7377,89,,,0,100,,7381,89,,,0,100,,7387,89,,,0,100,,7382,89,,,0,100,,7388,89,,,0,98,,7383,89,,,0,100,,7385,89,,,0,100,,7386,89,,,0,58,,7375,89,,,0,100,,7378,89,,,0,100,,7379,70,,,0
2000801,'9881fb63-ca97-484f-b0ca-1bb7e4ca8571',602,,7401,89,,,0,30,,7405,89,,,0,70,,7391,60,,,0,30,,7399,89,,,0,70,,7404,89,,,0,30,,7396,89,,,0,70,,7393,89,,,0,30,,7418,89,,,0,71,,7402,89,,,0,30,,7400,89,,,0,70,,7411,89,,,0,30,,7406,89,,,0,70,,7416,89,,,0,30,,7414,89,,,0,70,,7398,89,,,0,30,,7417,89,,,0,70,,7390,60,,,0,31,,7397,89,,,0,70,,7422,89,,,0,30,,7403,89,,,0,70,,7409,89,,,0,31,,7408,89,,,0,71,,7419,89,,,0,27,,7415,89,,,0,70,,7421,89,,,0,30,,7395,70,,,0,71,,7410,89,,,0,98,,7394,89,,,0,100,,7407,89,,,0,100,,7413,89,,,0,100,,7412,89,,,0,100,,7420,70,,,0
2000801,'a06a7e47-f820-49a2-88af-ccffc941c6bc',731,,7423,89,,,0,71,,7431,89,,,0,30,,7428,89,,,0,70,,7433,89,,,0,30,,7435,89,,,0,71,,7440,89,,,0,30,,7424,89,,,0,70,,7432,89,,,0,30,,7444,89,,,0,70,,7451,89,,,0,30,,7452,89,,,0,70,,7447,89,,,0,30,,7453,89,,,0,70,,7426,89,,,0,30,,7448,89,,,0,70,,7450,89,,,0,30,,7438,89,,,0,70,,7430,89,,,0,32,,7434,89,,,0,70,,7429,89,,,0,28,,7436,89,,,0,70,,7441,89,,,0,30,,7442,70,,,0,71,,7437,89,,,0,98,,7443,89,,,0,100,,7427,89,,,0,100,,7445,89,,,0,100,,7449,89,,,0,100,,7439,70,,,0
2000801,'af2e8e03-0a42-4469-a2b8-e03c803b7d24',1002,,7465,89,,,0,101,,7454,89,,,0,100,,7467,89,,,0,100,,7460,89,,,0,100,,7457,89,,,0,100,,7459,89,,,0,100,,7458,89,,,0,98,,7461,89,,,0,100,,7466,89,,,0,100,,7464,89,,,0,58,,7463,89,,,0,100,,7456,89,,,0,100,,7462,70,,,0
2000801,'f29e6a89-2c24-4546-a5bf-65191f526c55',1002,,7477,89,,,0,101,,7473,89,,,0,100,,7478,89,,,0,100,,7476,89,,,0,100,,7481,89,,,0,100,,7468,89,,,0,100,,7469,89,,,0,98,,7479,89,,,0,100,,7480,89,,,0,100,,7471,89,,,0,58,,7475,89,,,0,100,,7470,89,,,0,100,,7474,70,,,0
