1000800,'4bf8087f-7a14-48a7-b190-74a0cc4c73da',918,,6419,0,,,0,97,,6433,0,,,0,100,,6434,0,,,0,100,,6427,0,,,0,100,,6422,0,,,0,100,,6421,0,,,0,100,,6431,0,,,0,101,,6430,0,,,0,100,,6443,0,,,0,100,,6424,0,,,0,100,,6446,0,,,0,103,,6429,0,,,0,100,,6442,0,,,0,126,,6436,0,,,0
1000800,'8d01581c-cf93-4a74-9f42-0fb702955d15',918,,6460,0,,,0,97,,6452,0,,,0,100,,6451,0,,,0,100,,6453,0,,,0,100,,6449,0,,,0,100,,6467,0,,,0,100,,6466,0,,,0,101,,6462,0,,,0,100,,6447,0,,,0,100,,6458,0,,,0,100,,6450,0,,,0,103,,6461,0,,,0,100,,6469,0,,,0
1000800,'9881fb63-ca97-484f-b0ca-1bb7e4ca8571',518,,6481,0,,,0,30,,6483,0,,,0,70,,6487,0,,,0,30,,6499,0,,,0,70,,6495,0,,,0,30,,6479,0,,,0,70,,6511,0,,,0,30,,6502,0,,,0,70,,6477,0,,,0,30,,6506,0,,,0,67,,6476,0,,,0,30,,6505,0,,,0,70,,6494,0,,,0,30,,6507,0,,,0,70,,6496,0,,,0,30,,6503,0,,,0,70,,6500,0,,,0,30,,6501,0,,,0,70,,6497,0,,,0,30,,6508,0,,,0,70,,6513,0,,,0,30,,6485,0,,,0,71,,6489,0,,,0,30,,6510,0,,,0,70,,6492,0,,,0,30,,6484,0,,,0,70,,6475,0,,,0,30,,6509,0,,,0,70,,6491,0,,,0,103,,6498,0,,,0,100,,6504,0,,,0,100,,6486,0,,,0,100,,6480,0,,,0
1000800,'a06a7e47-f820-49a2-88af-ccffc941c6bc',718,,6541,0,,,0,30,,6537,0,,,0,70,,6543,0,,,0,30,,6546,0,,,0,70,,6519,0,,,0,30,,6529,0,,,0,67,,6538,0,,,0,30,,6531,0,,,0,70,,6522,0,,,0,30,,6526,0,,,0,70,,6515,0,,,0,30,,6518,0,,,0,70,,6547,0,,,0,30,,6532,0,,,0,70,,6530,0,,,0,30,,6550,0,,,0,70,,6516,0,,,0,30,,6540,0,,,0,71,,6523,0,,,0,30,,6517,0,,,0,70,,6542,0,,,0,30,,6527,0,,,0,70,,6514,0,,,0,30,,6548,0,,,0,70,,6528,0,,,0,103,,6521,0,,,0,100,,6525,0,,,0,100,,6536,0,,,0,100,,6533,0,,,0
1000800,'af2e8e03-0a42-4469-a2b8-e03c803b7d24',918,,6559,0,,,0,97,,6574,0,,,0,100,,6562,0,,,0,100,,6573,0,,,0,100,,6563,0,,,0,100,,6576,0,,,0,100,,6565,0,,,0,101,,6561,0,,,0,100,,6551,0,,,0,100,,6570,0,,,0,100,,6560,0,,,0,103,,6552,0,,,0,100,,6568,0,,,0
1000800,'f29e6a89-2c24-4546-a5bf-65191f526c55',918,,6593,0,,,0,97,,6585,0,,,0,100,,6598,0,,,0,100,,6581,0,,,0,100,,6591,0,,,0,100,,6586,0,,,0,100,,6595,0,,,0,101,,6590,0,,,0,100,,6602,0,,,0,100,,6596,0,,,0,100,,6588,0,,,0,103,,6600,0,,,0,100,,6580,0,,,0
1000801,'4bf8087f-7a14-48a7-b190-74a0cc4c73da',903,,6608,82,4,,0,101,,6610,251,4,,0,103,,6607,251,4,,0,100,,6611,251,4,,0,100,,6605,251,4,,0,100,,6618,251,4,,0,100,,6615,251,4,,0,102,,6606,251,4,,0,100,,6609,251,4,,0,101,,6617,251,4,,0,96,,6614,251,4,,0,100,,6616,251,4,,0,100,,6613,251,4,,0,138,,6612,251,4,,0
1000801,'8d01581c-cf93-4a74-9f42-0fb702955d15',903,,6627,82,4,,0,101,,6621,251,4,,0,103,,6624,251,4,,0,100,,6633,251,4,,0,100,,6628,251,4,,0,100,,6626,251,4,,0,100,,6631,251,4,,0,102,,6623,251,4,,0,100,,6629,251,4,,0,101,,6625,251,4,,0,96,,6620,251,4,,0,100,,6622,251,4,,0,100,,6630,251,4,,0
1000801,'9881fb63-ca97-484f-b0ca-1bb7e4ca8571',512,,6662,82,4,,0,30,,6658,82,4,,0,70,,6661,82,4,,0,21,,6637,251,4,,0,70,,6649,251,4,,0,30,,6642,251,4,,0,70,,6640,251,4,,0,30,,6639,251,4,,0,70,,6644,251,4,,0,31,,6668,251,4,,0,70,,6665,251,4,,0,31,,6663,251,4,,0,70,,6648,251,4,,0,30,,6641,251,4,,0,70,,6659,251,4,,0,32,,6653,251,4,,0,70,,6660,251,4,,0,30,,6647,251,4,,0,70,,6664,251,4,,0,30,,6650,251,4,,0,70,,6652,251,4,,0,30,,6636,251,4,,0,70,,6635,251,4,,0,30,,6667,251,4,,0,74,,6656,251,4,,0,30,,6634,251,4,,0,70,,6657,251,4,,0,27,,6666,251,4,,0,70,,6655,251,4,,0,102,,6669,251,4,,0,96,,6645,251,4,,0,100,,6654,251,4,,0,96,,6643,251,4,,0
1000801,'a06a7e47-f820-49a2-88af-ccffc941c6bc',712,,6680,82,4,,0,30,,6696,82,4,,0,61,,6691,251,4,,0,30,,6671,251,4,,0,70,,6677,251,4,,0,31,,6689,251,4,,0,70,,6701,251,4,,0,31,,6673,251,4,,0,70,,6686,251,4,,0,30,,6695,251,4,,0,70,,6697,251,4,,0,32,,6692,251,4,,0,70,,6681,251,4,,0,30,,6685,251,4,,0,70,,6675,251,4,,0,30,,6694,251,4,,0,70,,6693,251,4,,0,30,,6672,251,4,,0,70,,6683,251,4,,0,30,,6688,251,4,,0,72,,6676,251,4,,0,31,,6699,251,4,,0,70,,6678,251,4,,0,28,,6690,251,4,,0,70,,6670,251,4,,0,102,,6698,251,4,,0,96,,6687,251,4,,0,100,,6679,251,4,,0,96,,6674,251,4,,0
1000801,'af2e8e03-0a42-4469-a2b8-e03c803b7d24',903,,6710,82,4,,0,101,,6709,251,4,,0,103,,6706,251,4,,0,100,,6711,251,4,,0,100,,6708,251,4,,0,100,,6703,251,4,,0,100,,6712,251,4,,0,102,,6713,251,4,,0,100,,6707,251,4,,0,101,,6715,251,4,,0,96,,6714,251,4,,0,100,,6704,251,4,,0,100,,6705,251,4,,0
1000801,'f29e6a89-2c24-4546-a5bf-65191f526c55',903,,6725,82,4,,0,101,,6717,251,4,,0,103,,6727,251,4,,0,100,,6718,251,4,,0,100,,6722,251,4,,0,100,,6726,251,4,,0,100,,6719,251,4,,0,102,,6720,251,4,,0,100,,6729,251,4,,0,101,,6728,251,4,,0,96,,6723,251,4,,0,100,,6721,251,4,,0,100,,6724,251,4,,0
1001500,'8d01581c-cf93-4a74-9f42-0fb702955d15',759,,6862,51,4,,0,76,,6865,51,4,,0,76,,6852,51,4,,0,36,,6856,51,4,,0,78,,6849,51,4,,0,78,,6863,51,4,,0,36,,6851,51,4,,0,76,,6868,51,4,,0,36,,6864,51,4,,0,76,,6855,51,4,,0,78,,6866,51,4,,0,36,,6859,51,4,,0,76,,6854,51,4,,0,36,,6867,51,4,,0,76,,6857,51,4,,0,76,,6861,51,4,,0,38,,6850,51,4,,0,76,,6853,51,4,,0,36,,6860,51,4,,0,76,,6858,51,4,,0
1001500,'9881fb63-ca97-484f-b0ca-1bb7e4ca8571',613,,6874,51,4,,0,38,,6880,51,4,,0,78,,6869,51,4,,0,78,,6873,51,4,,0,42,,6888,51,4,,0,80,,6879,51,4,,0,80,,6871,51,4,,0,40,,6872,51,4,,0,80,,6875,51,4,,0,80,,6883,51,4,,0,40,,6877,51,4,,0,82,,6885,51,4,,0,82,,6882,51,4,,0,42,,6886,51,4,,0,82,,6889,51,4,,0,80,,6870,51,4,,0,40,,6876,51,4,,0,80,,6881,51,4,,0,82,,6884,51,4,,0,82,,6887,51,4,,0,42,,6878,51,4,,0
1001500,'a06a7e47-f820-49a2-88af-ccffc941c6bc',759,,6902,51,4,,0,76,,6890,51,4,,0,76,,6903,51,4,,0,36,,6907,51,4,,0,78,,6893,51,4,,0,78,,6898,51,4,,0,36,,6896,51,4,,0,76,,6897,51,4,,0,36,,6908,51,4,,0,76,,6891,51,4,,0,78,,6892,51,4,,0,36,,6905,51,4,,0,76,,6900,51,4,,0,36,,6894,51,4,,0,76,,6906,51,4,,0,76,,6895,51,4,,0,38,,6901,51,4,,0,76,,6909,51,4,,0,36,,6899,51,4,,0,76,,6904,51,4,,0
1001500,'af2e8e03-0a42-4469-a2b8-e03c803b7d24',759,,6922,51,4,,0,76,,6911,51,4,,0,76,,6916,51,4,,0,36,,6918,51,4,,0,78,,6924,51,4,,0,78,,6919,51,4,,0,36,,6912,51,4,,0,76,,6925,51,4,,0,36,,6923,51,4,,0,76,,6928,51,4,,0,78,,6929,51,4,,0,36,,6921,51,4,,0,76,,6913,51,4,,0,36,,6915,51,4,,0,76,,6914,51,4,,0,76,,6917,51,4,,0,38,,6920,51,4,,0,76,,6910,51,4,,0,36,,6927,51,4,,0,76,,6926,51,4,,0
2000800,'4bf8087f-7a14-48a7-b190-74a0cc4c73da',1022,,7191,0,,,0,100,,7195,0,,,0,100,,7198,0,,,0,100,,7183,0,,,0,100,,7193,0,,,0,100,,7201,0,,,0,101,,7188,0,,,0,100,,7190,0,,,0,100,,7185,0,,,0,100,,7203,0,,,0,100,,7186,0,,,0,100,,7182,0,,,0,100,,7204,0,,,0
2000800,'8d01581c-cf93-4a74-9f42-0fb702955d15',1022,,7223,0,,,0,100,,7233,0,,,0,100,,7222,0,,,0,100,,7231,0,,,0,100,,7210,0,,,0,100,,7229,0,,,0,101,,7214,0,,,0,100,,7226,0,,,0,100,,7230,0,,,0,100,,7211,0,,,0,100,,7225,0,,,0,100,,7212,0,,,0,100,,7216,0,,,0
2000800,'9881fb63-ca97-484f-b0ca-1bb7e4ca8571',553,,7237,0,,,0,100,,7259,0,,,0,70,,7264,0,,,0,30,,7240,0,,,0,70,,7251,0,,,0,29,,7265,0,,,0,70,,7252,0,,,0,30,,7258,0,,,0,70,,7257,0,,,0,30,,7267,0,,,0,70,,7248,0,,,0,30,,7235,0,,,0,70,,7266,0,,,0,30,,7242,0,,,0,69,,7261,0,,,0,30,,7247,0,,,0,70,,7255,0,,,0,30,,7260,0,,,0,70,,7236,0,,,0,30,,7272,0,,,0,72,,7270,0,,,0,30,,7244,0,,,0,70,,7269,0,,,0,30,,7254,0,,,0,70,,7262,0,,,0,30,,7239,0,,,0,70,,7249,0,,,0,100,,7271,0,,,0,100,,7241,0,,,0,100,,7256,0,,,0,100,,7245,0,,,0,100,,7246,0,,,0
2000800,'a06a7e47-f820-49a2-88af-ccffc941c6bc',753,,7295,0,,,0,70,,7307,0,,,0,29,,7304,0,,,0,70,,7282,0,,,0,30,,7280,0,,,0,70,,7299,0,,,0,30,,7293,0,,,0,70,,7277,0,,,0,30,,7273,0,,,0,70,,7292,0,,,0,30,,7297,0,,,0,70,,7296,0,,,0,30,,7298,0,,,0,70,,7281,0,,,0,30,,7279,0,,,0,70,,7275,0,,,0,30,,7285,0,,,0,71,,7286,0,,,0,30,,7289,0,,,0,70,,7301,0,,,0,30,,7306,0,,,0,70,,7288,0,,,0,30,,7300,0,,,0,70,,7290,0,,,0,100,,7291,0,,,0,100,,7294,0,,,0,100,,7303,0,,,0,100,,7278,0,,,0,100,,7284,0,,,0
2000800,'af2e8e03-0a42-4469-a2b8-e03c803b7d24',1022,,7311,0,,,0,100,,7314,0,,,0,100,,7329,0,,,0,100,,7327,0,,,0,100,,7331,0,,,0,100,,7323,0,,,0,101,,7334,0,,,0,100,,7326,0,,,0,100,,7318,0,,,0,100,,7321,0,,,0,100,,7309,0,,,0,100,,7332,0,,,0,100,,7317,0,,,0
2000800,'f29e6a89-2c24-4546-a5bf-65191f526c55',1022,,7348,0,,,0,100,,7342,0,,,0,100,,7336,0,,,0,100,,7346,0,,,0,100,,7350,0,,,0,100,,7339,0,,,0,101,,7351,0,,,0,100,,7355,0,,,0,100,,7338,0,,,0,100,,7360,0,,,0,100,,7337,0,,,0,100,,7340,0,,,0,100,,7335,0,,,0
2000801,'4bf8087f-7a14-48a7-b190-74a0cc4c73da',1014,,7363,199,4,,0,100,,7362,331,4,,0,99,,7371,331,4,,0,100,,7368,331,4,,0,100,,7364,331,4,,0,100,,7367,331,4,,0,100,,7365,331,4,,0,100,,7374,331,4,,0,95,,7369,331,4,,0,100,,7370,331,4,,0,100,,7361,331,4,,0,98,,7366,331,4,,0,100,,7373,331,4,,0
2000801,'8d01581c-cf93-4a74-9f42-0fb702955d15',1014,,7380,199,4,,0,100,,7376,331,4,,0,99,,7384,331,4,,0,100,,7377,331,4,,0,100,,7381,331,4,,0,100,,7387,331,4,,0,100,,7382,331,4,,0,100,,7388,331,4,,0,95,,7383,331,4,,0,100,,7385,331,4,,0,100,,7386,331,4,,0,98,,7375,331,4,,0,100,,7378,331,4,,0
2000801,'9881fb63-ca97-484f-b0ca-1bb7e4ca8571',547,,7389,199,4,,0,100,,7392,199,4,,0,61,,7401,331,4,,0,30,,7405,331,4,,0,70,,7391,264,4,,0,30,,7399,331,4,,0,74,,7404,331,4,,0,30,,7396,331,4,,0,69,,7393,331,4,,0,30,,7418,331,4,,0,70,,7402,331,4,,0,32,,7400,331,4,,0,70,,7411,331,4,,0,30,,7406,331,4,,0,71,,7416,331,4,,0,30,,7414,331,4,,0,70,,7398,331,4,,0,28,,7417,331,4,,0,70,,7390,264,4,,0,33,,7397,331,4,,0,72,,7422,331,4,,0,30,,7403,331,4,,0,70,,7409,331,4,,0,31,,7408,331,4,,0,71,,7419,331,4,,0,26,,7415,331,4,,0,68,,7421,331,4,,0,101,,7410,331,4,,0,99,,7394,331,4,,0,95,,7407,331,4,,0,100,,7413,331,4,,0,100,,7412,331,4,,0
2000801,'a06a7e47-f820-49a2-88af-ccffc941c6bc',738,,7425,199,4,,0,70,,7446,199,4,,0,30,,7423,331,4,,0,74,,7431,331,4,,0,30,,7428,331,4,,0,69,,7433,331,4,,0,30,,7435,331,4,,0,72,,7440,331,4,,0,30,,7424,331,4,,0,70,,7432,331,4,,0,30,,7444,331,4,,0,71,,7451,331,4,,0,30,,7452,331,4,,0,70,,7447,331,4,,0,30,,7453,331,4,,0,70,,7426,331,4,,0,30,,7448,331,4,,0,70,,7450,331,4,,0,30,,7438,331,4,,0,70,,7430,331,4,,0,32,,7434,331,4,,0,71,,7429,331,4,,0,28,,7436,331,4,,0,68,,7441,331,4,,0,101,,7437,331,4,,0,99,,7443,331,4,,0,95,,7427,331,4,,0,100,,7445,331,4,,0,100,,7449,331,4,,0
2000801,'af2e8e03-0a42-4469-a2b8-e03c803b7d24',1014,,7455,199,4,,0,100,,7465,331,4,,0,99,,7454,331,4,,0,100,,7467,331,4,,0,100,,7460,331,4,,0,100,,7457,331,4,,0,100,,7459,331,4,,0,100,,7458,331,4,,0,95,,7461,331,4,,0,100,,7466,331,4,,0,100,,7464,331,4,,0,98,,7463,331,4,,0,100,,7456,331,4,,0
2000801,'f29e6a89-2c24-4546-a5bf-65191f526c55',1014,,7472,199,4,,0,100,,7477,331,4,,0,99,,7473,331,4,,0,100,,7478,331,4,,0,100,,7476,331,4,,0,100,,7481,331,4,,0,100,,7468,331,4,,0,100,,7469,331,4,,0,95,,7479,331,4,,0,100,,7480,331,4,,0,100,,7471,331,4,,0,98,,7475,331,4,,0,100,,7470,331,4,,0
2001500,'8d01581c-cf93-4a74-9f42-0fb702955d15',802,,7607,0,,,0,36,,7614,0,,,0,76,,7619,0,,,0,38,,7610,0,,,0,78,,7603,0,,,0,76,,7613,0,,,0,36,,7605,0,,,0,76,,7621,0,,,0,36,,7609,0,,,0,78,,7612,0,,,0,76,,7608,0,,,0,36,,7618,0,,,0,76,,7617,0,,,0,36,,7620,0,,,0,76,,7622,0,,,0,78,,7606,0,,,0,36,,7604,0,,,0,76,,7616,0,,,0,36,,7611,0,,,0,76,,7615,0,,,0
2001500,'9881fb63-ca97-484f-b0ca-1bb7e4ca8571',616,,7633,0,,,0,36,,7641,0,,,0,78,,7635,0,,,0,82,,7624,0,,,0,40,,7638,0,,,0,80,,7639,0,,,0,80,,7627,0,,,0,40,,7634,0,,,0,80,,7631,0,,,0,80,,7626,0,,,0,42,,7637,0,,,0,82,,7625,0,,,0,82,,7623,0,,,0,82,,7630,0,,,0,40,,7628,0,,,0,80,,7629,0,,,0,80,,7643,0,,,0,42,,7642,0,,,0,82,,7632,0,,,0,82,,7636,0,,,0,40,,7640,0,,,0
2001500,'a06a7e47-f820-49a2-88af-ccffc941c6bc',802,,7654,0,,,0,36,,7657,0,,,0,76,,7662,0,,,0,38,,7655,0,,,0,78,,7659,0,,,0,76,,7650,0,,,0,36,,7648,0,,,0,76,,7660,0,,,0,36,,7647,0,,,0,78,,7656,0,,,0,76,,7652,0,,,0,36,,7653,0,,,0,76,,7644,0,,,0,36,,7661,0,,,0,76,,7663,0,,,0,78,,7645,0,,,0,36,,7658,0,,,0,76,,7649,0,,,0,36,,7651,0,,,0,76,,7646,0,,,0
2001500,'af2e8e03-0a42-4469-a2b8-e03c803b7d24',802,,7674,0,,,0,36,,7666,0,,,0,76,,7677,0,,,0,38,,7682,0,,,0,78,,7670,0,,,0,76,,7669,0,,,0,36,,7675,0,,,0,76,,7683,0,,,0,36,,7667,0,,,0,78,,7676,0,,,0,76,,7664,0,,,0,36,,7673,0,,,0,76,,7680,0,,,0,36,,7668,0,,,0,76,,7665,0,,,0,78,,7672,0,,,0,36,,7679,0,,,0,76,,7671,0,,,0,36,,7681,0,,,0,76,,7678,0,,,0
