1100,'4bf8087f-7a14-48a7-b190-74a0cc4c73da',851,,5575,87,,,0,101,,5584,87,,,0,100,,5578,87,,,0,100,,5574,87,,,0,100,,5580,87,,,0,100,,5576,87,,,0,100,,5581,87,,,0,100,,5585,87,,,0,100,,5577,87,,,0,100,,5573,87,,,0,100,,5571,87,,,0,100,,5579,87,,,0,100,,5582,87,,,0,99,,5572,87,,,0,100,,5583,87,,,0
1100,'8d01581c-cf93-4a74-9f42-0fb702955d15',851,,5594,87,,,0,101,,5600,87,,,0,100,,5598,87,,,0,100,,5586,87,,,0,100,,5587,87,,,0,100,,5590,87,,,0,100,,5596,87,,,0,100,,5592,87,,,0,100,,5597,87,,,0,100,,5599,87,,,0,100,,5588,87,,,0,100,,5591,87,,,0,100,,5595,87,,,0,99,,5593,87,,,0,100,,5589,87,,,0
1100,'9881fb63-ca97-484f-b0ca-1bb7e4ca8571',521,,5622,87,,,0,100,,5630,87,,,0,31,,5626,87,,,0,70,,5615,87,,,0,30,,5602,87,,,0,70,,5632,87,,,0,30,,5635,87,,,0,70,,5634,87,,,0,30,,5629,87,,,0,70,,5625,87,,,0,30,,5616,87,,,0,70,,5606,87,,,0,30,,5614,87,,,0,70,,5621,87,,,0,30,,5605,87,,,0,70,,5620,87,,,0,30,,5623,87,,,0,72,,5618,87,,,0,30,,5611,87,,,0,70,,5628,87,,,0,30,,5613,87,,,0,68,,5631,87,,,0,30,,5612,87,,,0,70,,5603,87,,,0,30,,5619,87,,,0,70,,5617,87,,,0,30,,5633,87,,,0,70,,5610,87,,,0,30,,5604,87,,,0,69,,5627,87,,,0,30,,5601,87,,,0,70,,5607,87,,,0,30,,5624,87,,,0,70,,5609,87,,,0,100,,5608,87,,,0
1100,'a06a7e47-f820-49a2-88af-ccffc941c6bc',751,,5654,87,,,0,71,,5653,87,,,0,30,,5658,87,,,0,70,,5665,87,,,0,30,,5637,87,,,0,70,,5639,87,,,0,30,,5652,87,,,0,70,,5642,87,,,0,30,,5650,87,,,0,70,,5661,87,,,0,30,,5656,87,,,0,70,,5666,87,,,0,30,,5649,87,,,0,70,,5648,87,,,0,30,,5655,87,,,0,70,,5638,87,,,0,30,,5647,87,,,0,70,,5636,87,,,0,30,,5644,87,,,0,70,,5640,87,,,0,30,,5659,87,,,0,70,,5646,87,,,0,30,,5662,87,,,0,70,,5660,87,,,0,30,,5651,87,,,0,69,,5643,87,,,0,30,,5641,87,,,0,70,,5657,87,,,0,30,,5663,87,,,0,70,,5645,87,,,0,100,,5664,87,,,0
1100,'af2e8e03-0a42-4469-a2b8-e03c803b7d24',851,,5671,87,,,0,101,,5670,87,,,0,100,,5680,87,,,0,100,,5667,87,,,0,100,,5676,87,,,0,100,,5677,87,,,0,100,,5681,87,,,0,100,,5675,87,,,0,100,,5674,87,,,0,100,,5679,87,,,0,100,,5673,87,,,0,100,,5669,87,,,0,100,,5668,87,,,0,99,,5672,87,,,0,100,,5678,87,,,0
1100,'f29e6a89-2c24-4546-a5bf-65191f526c55',851,,5693,87,,,0,101,,5683,87,,,0,100,,5687,87,,,0,100,,5682,87,,,0,100,,5684,87,,,0,100,,5692,87,,,0,100,,5695,87,,,0,100,,5694,87,,,0,100,,5688,87,,,0,100,,5685,87,,,0,100,,5691,87,,,0,100,,5690,87,,,0,100,,5686,87,,,0,99,,5689,87,,,0,100,,5696,87,,,0
10100,'4bf8087f-7a14-48a7-b190-74a0cc4c73da',746,,5896,125,,,0,85,,5890,125,,,0,85,,5884,125,,,0,85,,5892,125,,,0,45,,5888,125,,,0,85,,5899,125,,,0,22,,5900,125,,,0,63,,5898,125,,,0,26,,5909,125,,,0,63,,5901,125,,,0,28,,5891,125,,,0,25,,5886,125,,,0,66,,5904,125,,,0,25,,5906,125,,,0,66,,5907,125,,,0,25,,5902,125,,,0,66,,5887,125,,,0,26,,5885,125,,,0,24,,5908,125,,,0,64,,5910,125,,,0,24,,5903,125,,,0,64,,5894,125,,,0,50,,5883,125,,,0,88,,5895,125,,,0,86,,5893,125,,,0,86,,5897,125,,,0,86,,5889,125,,,0,53,,5905,125,,,0
10100,'8d01581c-cf93-4a74-9f42-0fb702955d15',746,,5911,125,,,0,85,,5915,125,,,0,85,,5929,125,,,0,85,,5927,125,,,0,45,,5917,125,,,0,85,,5931,125,,,0,22,,5913,125,,,0,63,,5923,125,,,0,26,,5924,125,,,0,63,,5936,125,,,0,28,,5919,125,,,0,25,,5932,125,,,0,66,,5918,125,,,0,25,,5912,125,,,0,66,,5937,125,,,0,25,,5934,125,,,0,66,,5920,125,,,0,26,,5938,125,,,0,24,,5933,125,,,0,64,,5914,125,,,0,24,,5922,125,,,0,64,,5926,125,,,0,50,,5916,125,,,0,88,,5928,125,,,0,86,,5921,125,,,0,86,,5930,125,,,0,86,,5925,125,,,0,46,,5935,125,,,0
10100,'9881fb63-ca97-484f-b0ca-1bb7e4ca8571',731,,5949,125,,,0,22,,5952,125,,,0,63,,5945,125,,,0,22,,5960,125,,,0,63,,5958,125,,,0,22,,5940,125,,,0,23,,5950,125,,,0,62,,5966,125,,,0,23,,5947,125,,,0,22,,5954,125,,,0,67,,5959,125,,,0,24,,5963,125,,,0,66,,5975,125,,,0,25,,5972,125,,,0,66,,5968,125,,,0,25,,5967,125,,,0,26,,5943,125,,,0,67,,5969,125,,,0,27,,5962,125,,,0,66,,5942,125,,,0,26,,5964,125,,,0,66,,5971,125,,,0,26,,5956,125,,,0,24,,5941,125,,,0,66,,5944,125,,,0,24,,5974,125,,,0,64,,5951,125,,,0,24,,5957,125,,,0,24,,5970,125,,,0,64,,5953,125,,,0,24,,5961,125,,,0,64,,5939,125,,,0,24,,5973,125,,,0,22,,5948,125,,,0,64,,5965,125,,,0,24,,5946,125,,,0,85,,5955,125,,,0
10100,'a06a7e47-f820-49a2-88af-ccffc941c6bc',741,,5981,125,,,0,85,,5982,125,,,0,22,,5993,125,,,0,63,,5998,125,,,0,22,,6010,125,,,0,23,,6003,125,,,0,62,,5992,125,,,0,23,,6004,125,,,0,62,,5995,125,,,0,23,,5984,125,,,0,22,,5989,125,,,0,63,,6011,125,,,0,22,,5994,125,,,0,23,,6008,125,,,0,66,,6005,125,,,0,25,,5985,125,,,0,65,,5978,125,,,0,26,,5983,125,,,0,67,,5977,125,,,0,26,,5987,125,,,0,25,,5986,125,,,0,66,,5997,125,,,0,25,,6002,125,,,0,66,,5999,125,,,0,25,,5996,125,,,0,66,,5991,125,,,0,25,,5979,125,,,0,26,,6007,125,,,0,64,,5988,125,,,0,26,,6000,125,,,0,64,,6006,125,,,0,24,,5990,125,,,0,22,,5980,125,,,0,64,,6009,125,,,0,23,,6001,125,,,0,90,,5976,125,,,0
10100,'af2e8e03-0a42-4469-a2b8-e03c803b7d24',746,,6039,125,,,0,85,,6033,125,,,0,85,,6034,125,,,0,85,,6035,125,,,0,45,,6028,125,,,0,85,,6019,125,,,0,22,,6030,125,,,0,63,,6024,125,,,0,26,,6025,125,,,0,63,,6026,125,,,0,28,,6020,125,,,0,25,,6031,125,,,0,66,,6014,125,,,0,25,,6023,125,,,0,66,,6015,125,,,0,25,,6021,125,,,0,66,,6022,125,,,0,26,,6017,125,,,0,24,,6027,125,,,0,64,,6018,125,,,0,24,,6032,125,,,0,64,,6037,125,,,0,50,,6038,125,,,0,88,,6029,125,,,0,86,,6016,125,,,0,86,,6013,125,,,0,86,,6012,125,,,0,46,,6036,125,,,0
10100,'f29e6a89-2c24-4546-a5bf-65191f526c55',746,,6042,125,,,0,85,,6058,125,,,0,85,,6041,125,,,0,85,,6045,125,,,0,45,,6046,125,,,0,85,,6053,125,,,0,22,,6060,125,,,0,63,,6063,125,,,0,26,,6066,125,,,0,63,,6064,125,,,0,28,,6048,125,,,0,25,,6047,125,,,0,66,,6057,125,,,0,25,,6056,125,,,0,66,,6059,125,,,0,25,,6044,125,,,0,66,,6054,125,,,0,26,,6055,125,,,0,24,,6040,125,,,0,64,,6050,125,,,0,24,,6049,125,,,0,64,,6052,125,,,0,50,,6065,125,,,0,88,,6061,125,,,0,86,,6051,125,,,0,86,,6043,125,,,0,86,,6067,125,,,0,46,,6062,125,,,0
