1000801,'4bf8087f-7a14-48a7-b190-74a0cc4c73da',943,,6610,143,,,0,103,,6607,143,,,0,100,,6611,143,,,0,99,,6605,143,,,0,100,,6618,143,,,0,100,,6615,143,,,0,100,,6606,143,,,0,102,,6609,143,,,0,101,,6617,143,,,0,96,,6614,143,,,0,100,,6616,143,,,0,100,,6613,143,,,0,100,,6612,143,,,0,188,,6619,126,,,0
1000801,'8d01581c-cf93-4a74-9f42-0fb702955d15',943,,6621,143,,,0,103,,6624,143,,,0,100,,6633,143,,,0,99,,6628,143,,,0,100,,6626,143,,,0,100,,6631,143,,,0,100,,6623,143,,,0,102,,6629,143,,,0,101,,6625,143,,,0,96,,6620,143,,,0,100,,6622,143,,,0,100,,6630,143,,,0,100,,6632,126,,,0
1000801,'9881fb63-ca97-484f-b0ca-1bb7e4ca8571',612,,6637,143,,,0,30,,6649,143,,,0,70,,6642,143,,,0,30,,6640,143,,,0,70,,6639,143,,,0,30,,6644,143,,,0,71,,6668,143,,,0,30,,6665,143,,,0,71,,6663,143,,,0,30,,6648,143,,,0,70,,6641,143,,,0,30,,6659,143,,,0,71,,6653,143,,,0,30,,6660,143,,,0,70,,6647,143,,,0,30,,6664,143,,,0,70,,6650,143,,,0,30,,6652,143,,,0,70,,6636,143,,,0,30,,6635,143,,,0,70,,6667,143,,,0,33,,6656,143,,,0,70,,6634,143,,,0,30,,6657,143,,,0,68,,6666,143,,,0,30,,6655,143,,,0,70,,6638,126,,,0,30,,6669,143,,,0,98,,6645,143,,,0,100,,6654,143,,,0,97,,6643,143,,,0,100,,6646,126,,,0,100,,6651,126,,,0
1000801,'a06a7e47-f820-49a2-88af-ccffc941c6bc',742,,6691,143,,,0,70,,6671,143,,,0,30,,6677,143,,,0,71,,6689,143,,,0,30,,6701,143,,,0,71,,6673,143,,,0,30,,6686,143,,,0,70,,6695,143,,,0,30,,6697,143,,,0,71,,6692,143,,,0,30,,6681,143,,,0,70,,6685,143,,,0,30,,6675,143,,,0,70,,6694,143,,,0,30,,6693,143,,,0,70,,6672,143,,,0,30,,6683,143,,,0,70,,6688,143,,,0,32,,6676,143,,,0,71,,6699,143,,,0,30,,6678,143,,,0,68,,6690,143,,,0,30,,6670,143,,,0,70,,6684,126,,,0,30,,6698,143,,,0,98,,6687,143,,,0,100,,6679,143,,,0,97,,6674,143,,,0,100,,6682,126,,,0,100,,6700,126,,,0
1000801,'af2e8e03-0a42-4469-a2b8-e03c803b7d24',943,,6709,143,,,0,103,,6706,143,,,0,100,,6711,143,,,0,99,,6708,143,,,0,100,,6703,143,,,0,100,,6712,143,,,0,100,,6713,143,,,0,102,,6707,143,,,0,101,,6715,143,,,0,96,,6714,143,,,0,100,,6704,143,,,0,100,,6705,143,,,0,100,,6702,126,,,0
1000801,'f29e6a89-2c24-4546-a5bf-65191f526c55',943,,6717,143,,,0,103,,6727,143,,,0,100,,6718,143,,,0,99,,6722,143,,,0,100,,6726,143,,,0,100,,6719,143,,,0,100,,6720,143,,,0,102,,6729,143,,,0,101,,6728,143,,,0,96,,6723,143,,,0,100,,6721,143,,,0,100,,6724,143,,,0,100,,6716,126,,,0
2000700,'4bf8087f-7a14-48a7-b190-74a0cc4c73da',947,,7070,54,,,0,100,,7076,54,,,0,100,,7067,54,,,0,100,,7074,54,,,0,100,,7075,54,,,0,100,,7078,54,,,0,100,,7073,54,,,0,100,,7069,54,,,0,100,,7068,54,,,0,102,,7065,54,,,0,100,,7066,54,,,0,100,,7077,54,,,0,97,,7071,54,,,0
2000700,'8d01581c-cf93-4a74-9f42-0fb702955d15',947,,7084,54,,,0,100,,7081,54,,,0,100,,7079,54,,,0,100,,7091,54,,,0,100,,7087,54,,,0,100,,7086,54,,,0,100,,7085,54,,,0,100,,7080,54,,,0,100,,7090,54,,,0,102,,7088,54,,,0,100,,7083,54,,,0,100,,7089,54,,,0
2000700,'9881fb63-ca97-484f-b0ca-1bb7e4ca8571',547,,7098,54,,,0,70,,7102,54,,,0,30,,7118,54,,,0,70,,7097,54,,,0,31,,7092,54,,,0,68,,7094,54,,,0,32,,7100,54,,,0,68,,7124,54,,,0,31,,7115,54,,,0,70,,7108,54,,,0,30,,7106,54,,,0,70,,7113,54,,,0,30,,7111,54,,,0,70,,7093,54,,,0,30,,7120,54,,,0,70,,7109,54,,,0,30,,7104,54,,,0,70,,7123,54,,,0,31,,7095,54,,,0,70,,7119,54,,,0,30,,7114,54,,,0,70,,7110,54,,,0,30,,7103,54,,,0,70,,7105,54,,,0,28,,7096,54,,,0,70,,7112,54,,,0,32,,7107,54,,,0,70,,7101,54,,,0,32,,7122,54,,,0,98,,7099,54,,,0,98,,7121,54,,,0,96,,7117,54,,,0
2000700,'a06a7e47-f820-49a2-88af-ccffc941c6bc',647,,7133,54,,,0,70,,7153,54,,,0,31,,7142,54,,,0,70,,7125,54,,,0,30,,7126,54,,,0,70,,7137,54,,,0,29,,7136,54,,,0,70,,7150,54,,,0,30,,7130,54,,,0,70,,7152,54,,,0,30,,7127,54,,,0,70,,7143,54,,,0,30,,7135,54,,,0,70,,7144,54,,,0,30,,7146,54,,,0,70,,7138,54,,,0,30,,7147,54,,,0,70,,7141,54,,,0,30,,7145,54,,,0,70,,7151,54,,,0,30,,7154,54,,,0,70,,7134,54,,,0,30,,7149,54,,,0,70,,7140,54,,,0,32,,7155,54,,,0,70,,7139,54,,,0,30,,7132,54,,,0,100,,7148,54,,,0,96,,7128,54,,,0,100,,7129,54,,,0
2000700,'af2e8e03-0a42-4469-a2b8-e03c803b7d24',947,,7166,54,,,0,100,,7160,54,,,0,100,,7161,54,,,0,100,,7157,54,,,0,100,,7167,54,,,0,100,,7158,54,,,0,100,,7165,54,,,0,100,,7164,54,,,0,100,,7159,54,,,0,102,,7163,54,,,0,100,,7156,54,,,0,100,,7162,54,,,0
2000700,'f29e6a89-2c24-4546-a5bf-65191f526c55',947,,7178,54,,,0,100,,7179,54,,,0,100,,7173,54,,,0,100,,7177,54,,,0,100,,7171,54,,,0,100,,7180,54,,,0,100,,7172,54,,,0,100,,7181,54,,,0,100,,7169,54,,,0,102,,7174,54,,,0,100,,7170,54,,,0,100,,7176,54,,,0
2001200,'4bf8087f-7a14-48a7-b190-74a0cc4c73da',822,,7495,44,,,0,100,,7492,44,,,0,100,,7483,44,,,0,100,,7485,44,,,0,103,,7482,44,,,0,109,,7484,44,,,0,100,,7486,44,,,0,110,,7491,44,,,0,100,,7490,44,,,0,110,,7487,44,,,0,100,,7488,44,,,0,100,,7493,44,,,0,100,,7494,44,,,0,102,,7489,44,,,0
2001200,'8d01581c-cf93-4a74-9f42-0fb702955d15',822,,7497,44,,,0,100,,7503,44,,,0,100,,7502,44,,,0,100,,7498,44,,,0,103,,7506,44,,,0,109,,7509,44,,,0,100,,7501,44,,,0,110,,7504,44,,,0,100,,7500,44,,,0,110,,7508,44,,,0,100,,7505,44,,,0,100,,7496,44,,,0,100,,7507,44,,,0,102,,7499,44,,,0
2001200,'9881fb63-ca97-484f-b0ca-1bb7e4ca8571',528,,7530,44,,,0,75,,7528,44,,,0,23,,7527,44,,,0,28,,7538,44,,,0,73,,7517,44,,,0,74,,7518,44,,,0,33,,7534,44,,,0,70,,7521,44,,,0,35,,7512,44,,,0,75,,7525,44,,,0,30,,7520,44,,,0,70,,7511,44,,,0,35,,7523,44,,,0,74,,7513,44,,,0,30,,7524,44,,,0,70,,7529,44,,,0,35,,7540,44,,,0,75,,7522,44,,,0,79,,7514,44,,,0,35,,7536,44,,,0,75,,7537,44,,,0,35,,7510,44,,,0,75,,7535,44,,,0,75,,7531,44,,,0,35,,7542,44,,,0,63,,7532,44,,,0,35,,7516,44,,,0,75,,7519,44,,,0,35,,7526,44,,,0,70,,7539,44,,,0,30,,7515,44,,,0,100,,7533,44,,,0,100,,7541,44,,,0
2001200,'a06a7e47-f820-49a2-88af-ccffc941c6bc',638,,7548,44,,,0,70,,7565,44,,,0,30,,7552,44,,,0,68,,7559,44,,,0,30,,7561,44,,,0,70,,7554,44,,,0,30,,7553,44,,,0,70,,7545,44,,,0,33,,7574,44,,,0,70,,7571,44,,,0,30,,7564,44,,,0,84,,7543,44,,,0,30,,7557,44,,,0,70,,7544,44,,,0,30,,7566,44,,,0,79,,7550,44,,,0,70,,7569,44,,,0,30,,7546,44,,,0,70,,7570,44,,,0,40,,7567,44,,,0,70,,7558,44,,,0,30,,7573,44,,,0,70,,7555,44,,,0,40,,7547,44,,,0,70,,7562,44,,,0,30,,7560,44,,,0,70,,7568,44,,,0,30,,7556,44,,,0,70,,7563,44,,,0,30,,7572,44,,,0,100,,7549,44,,,0,100,,7551,44,,,0
2001200,'af2e8e03-0a42-4469-a2b8-e03c803b7d24',822,,7576,44,,,0,100,,7586,44,,,0,100,,7588,44,,,0,100,,7575,44,,,0,103,,7584,44,,,0,109,,7578,44,,,0,100,,7587,44,,,0,110,,7582,44,,,0,100,,7579,44,,,0,110,,7581,44,,,0,100,,7583,44,,,0,100,,7577,44,,,0,100,,7585,44,,,0,102,,7580,44,,,0
2001200,'f29e6a89-2c24-4546-a5bf-65191f526c55',822,,7592,44,,,0,100,,7598,44,,,0,100,,7602,44,,,0,100,,7601,44,,,0,103,,7593,44,,,0,109,,7596,44,,,0,100,,7597,44,,,0,110,,7600,44,,,0,100,,7591,44,,,0,110,,7595,44,,,0,100,,7594,44,,,0,100,,7599,44,,,0,100,,7590,44,,,0,102,,7589,44,,,0
