2000200,'4bf8087f-7a14-48a7-b190-74a0cc4c73da',920,,6935,141,,,0,100,,6931,141,,,0,30,,6932,141,,,0,100,,6936,141,,,0,71,,6937,141,,,0,100,,6942,141,,,0,30,,6933,141,,,0,100,,6946,141,,,0,70,,6930,141,,,0,100,,6945,141,,,0,30,,6934,141,,,0,100,,6944,141,,,0,70,,6941,141,,,0,99,,6948,141,,,0,30,,6940,141,,,0,100,,6938,141,,,0,68,,6947,141,,,0,100,,6939,141,,,0,82,,6943,141,,,0
2000200,'8d01581c-cf93-4a74-9f42-0fb702955d15',920,,6957,141,,,0,100,,6963,141,,,0,30,,6952,141,,,0,100,,6951,141,,,0,71,,6962,141,,,0,100,,6964,141,,,0,30,,6954,141,,,0,100,,6955,141,,,0,70,,6949,141,,,0,100,,6961,141,,,0,30,,6959,141,,,0,100,,6960,141,,,0,70,,6953,141,,,0,99,,6956,141,,,0,30,,6950,141,,,0,100,,6966,141,,,0,68,,6958,141,,,0,100,,6965,141,,,0
2000200,'9881fb63-ca97-484f-b0ca-1bb7e4ca8571',622,,6977,141,,,0,30,,6992,141,,,0,70,,6967,141,,,0,30,,6970,141,,,0,70,,6997,141,,,0,30,,6981,141,,,0,70,,6974,141,,,0,30,,6976,141,,,0,70,,6986,141,,,0,30,,6972,141,,,0,70,,6985,141,,,0,31,,6984,141,,,0,70,,6983,141,,,0,30,,6979,141,,,0,70,,6996,141,,,0,30,,6994,141,,,0,70,,6975,141,,,0,30,,6991,141,,,0,69,,6971,141,,,0,30,,6993,141,,,0,70,,6988,141,,,0,30,,6978,141,,,0,70,,6987,141,,,0,30,,6973,141,,,0,70,,6998,141,,,0,27,,6989,141,,,0,70,,6982,141,,,0,30,,6969,141,,,0,70,,6995,141,,,0,100,,6990,141,,,0,30,,6968,141,,,0,100,,6980,141,,,0
2000200,'a06a7e47-f820-49a2-88af-ccffc941c6bc',720,,7003,141,,,0,30,,7008,141,,,0,70,,7014,141,,,0,30,,7022,141,,,0,70,,7026,141,,,0,30,,7000,141,,,0,70,,7018,141,,,0,30,,7028,141,,,0,70,,7023,141,,,0,30,,7001,141,,,0,70,,7013,141,,,0,31,,7010,141,,,0,70,,7007,141,,,0,30,,7020,141,,,0,70,,7011,141,,,0,30,,7012,141,,,0,70,,7006,141,,,0,30,,7019,141,,,0,70,,7009,141,,,0,30,,7016,141,,,0,70,,7024,141,,,0,30,,7027,141,,,0,70,,7015,141,,,0,30,,7017,141,,,0,70,,6999,141,,,0,29,,7021,141,,,0,70,,7002,141,,,0,100,,7025,141,,,0,28,,7004,141,,,0,100,,7005,141,,,0
2000200,'af2e8e03-0a42-4469-a2b8-e03c803b7d24',920,,7029,141,,,0,100,,7032,141,,,0,30,,7031,141,,,0,100,,7045,141,,,0,71,,7037,141,,,0,100,,7040,141,,,0,30,,7046,141,,,0,100,,7038,141,,,0,70,,7043,141,,,0,100,,7034,141,,,0,30,,7030,141,,,0,100,,7033,141,,,0,70,,7036,141,,,0,99,,7039,141,,,0,30,,7042,141,,,0,100,,7041,141,,,0,68,,7044,141,,,0,100,,7035,141,,,0
2000200,'f29e6a89-2c24-4546-a5bf-65191f526c55',920,,7063,141,,,0,100,,7059,141,,,0,30,,7049,141,,,0,100,,7058,141,,,0,71,,7062,141,,,0,100,,7061,141,,,0,30,,7047,141,,,0,100,,7055,141,,,0,70,,7052,141,,,0,100,,7048,141,,,0,30,,7050,141,,,0,100,,7054,141,,,0,70,,7060,141,,,0,99,,7056,141,,,0,30,,7057,141,,,0,100,,7053,141,,,0,68,,7051,141,,,0,100,,7064,141,,,0
2000801,'4bf8087f-7a14-48a7-b190-74a0cc4c73da',951,,7363,125,,,0,100,,7362,246,,,0,99,,7371,246,,,0,100,,7368,246,,,0,100,,7364,246,,,0,100,,7367,246,,,0,100,,7365,246,,,0,100,,7374,246,,,0,96,,7369,246,,,0,100,,7370,246,,,0,100,,7361,246,,,0,99,,7366,246,,,0,100,,7373,246,,,0,112,,7372,246,,,0
2000801,'8d01581c-cf93-4a74-9f42-0fb702955d15',951,,7380,125,,,0,100,,7376,246,,,0,99,,7384,246,,,0,100,,7377,246,,,0,100,,7381,246,,,0,100,,7387,246,,,0,100,,7382,246,,,0,100,,7388,246,,,0,96,,7383,246,,,0,100,,7385,246,,,0,100,,7386,246,,,0,99,,7375,246,,,0,100,,7378,246,,,0
2000801,'9881fb63-ca97-484f-b0ca-1bb7e4ca8571',526,,7389,125,,,0,100,,7392,125,,,0,21,,7401,246,,,0,70,,7405,246,,,0,30,,7391,200,,,0,70,,7399,246,,,0,32,,7404,246,,,0,70,,7396,246,,,0,29,,7393,246,,,0,70,,7418,246,,,0,30,,7402,246,,,0,72,,7400,246,,,0,30,,7411,246,,,0,70,,7406,246,,,0,31,,7416,246,,,0,70,,7414,246,,,0,30,,7398,246,,,0,70,,7417,246,,,0,30,,7390,200,,,0,73,,7397,246,,,0,30,,7422,246,,,0,70,,7403,246,,,0,30,,7409,246,,,0,71,,7408,246,,,0,31,,7419,246,,,0,67,,7415,246,,,0,28,,7421,246,,,0,101,,7410,246,,,0,100,,7394,246,,,0,95,,7407,246,,,0,100,,7413,246,,,0,100,,7412,246,,,0
2000801,'a06a7e47-f820-49a2-88af-ccffc941c6bc',717,,7425,125,,,0,30,,7446,125,,,0,70,,7423,246,,,0,32,,7431,246,,,0,70,,7428,246,,,0,29,,7433,246,,,0,70,,7435,246,,,0,32,,7440,246,,,0,70,,7424,246,,,0,30,,7432,246,,,0,70,,7444,246,,,0,31,,7451,246,,,0,70,,7452,246,,,0,30,,7447,246,,,0,70,,7453,246,,,0,30,,7426,246,,,0,70,,7448,246,,,0,30,,7450,246,,,0,70,,7438,246,,,0,30,,7430,246,,,0,72,,7434,246,,,0,31,,7429,246,,,0,69,,7436,246,,,0,28,,7441,246,,,0,101,,7437,246,,,0,100,,7443,246,,,0,95,,7427,246,,,0,100,,7445,246,,,0,100,,7449,246,,,0
2000801,'af2e8e03-0a42-4469-a2b8-e03c803b7d24',951,,7455,125,,,0,100,,7465,246,,,0,99,,7454,246,,,0,100,,7467,246,,,0,100,,7460,246,,,0,100,,7457,246,,,0,100,,7459,246,,,0,100,,7458,246,,,0,96,,7461,246,,,0,100,,7466,246,,,0,100,,7464,246,,,0,99,,7463,246,,,0,100,,7456,246,,,0
2000801,'f29e6a89-2c24-4546-a5bf-65191f526c55',951,,7472,125,,,0,100,,7477,246,,,0,99,,7473,246,,,0,100,,7478,246,,,0,100,,7476,246,,,0,100,,7481,246,,,0,100,,7468,246,,,0,100,,7469,246,,,0,96,,7479,246,,,0,100,,7480,246,,,0,100,,7471,246,,,0,99,,7475,246,,,0,100,,7470,246,,,0
