10100,'4bf8087f-7a14-48a7-b190-74a0cc4c73da',757,,5896,147,,,0,85,,5890,147,,,0,85,,5884,147,,,0,85,,5892,147,,,0,45,,5888,147,,,0,85,,5899,147,,,0,62,,5900,147,,,0,23,,5898,147,,,0,28,,5909,147,,,0,63,,5901,147,,,0,28,,5891,147,,,0,65,,5886,147,,,0,26,,5904,147,,,0,65,,5906,147,,,0,26,,5907,147,,,0,25,,5902,147,,,0,66,,5887,147,,,0,24,,5885,147,,,0,64,,5908,147,,,0,24,,5910,147,,,0,24,,5903,147,,,0,64,,5894,147,,,0,90,,5883,147,,,0,48,,5895,147,,,0,86,,5893,147,,,0,86,,5897,147,,,0,86,,5889,147,,,0,93,,5905,147,,,0
10100,'8d01581c-cf93-4a74-9f42-0fb702955d15',757,,5911,147,,,0,85,,5915,147,,,0,85,,5929,147,,,0,85,,5927,147,,,0,45,,5917,147,,,0,85,,5931,147,,,0,62,,5913,147,,,0,23,,5923,147,,,0,28,,5924,147,,,0,63,,5936,147,,,0,28,,5919,147,,,0,65,,5932,147,,,0,26,,5918,147,,,0,65,,5912,147,,,0,26,,5937,147,,,0,25,,5934,147,,,0,66,,5920,147,,,0,24,,5938,147,,,0,64,,5933,147,,,0,24,,5914,147,,,0,24,,5922,147,,,0,64,,5926,147,,,0,90,,5916,147,,,0,48,,5928,147,,,0,86,,5921,147,,,0,86,,5930,147,,,0,86,,5925,147,,,0,86,,5935,147,,,0
10100,'9881fb63-ca97-484f-b0ca-1bb7e4ca8571',742,,5949,147,,,0,62,,5952,147,,,0,23,,5945,147,,,0,22,,5960,147,,,0,63,,5958,147,,,0,22,,5940,147,,,0,23,,5950,147,,,0,62,,5966,147,,,0,23,,5947,147,,,0,62,,5954,147,,,0,29,,5959,147,,,0,24,,5963,147,,,0,66,,5975,147,,,0,25,,5972,147,,,0,66,,5968,147,,,0,25,,5967,147,,,0,66,,5943,147,,,0,27,,5969,147,,,0,27,,5962,147,,,0,66,,5942,147,,,0,26,,5964,147,,,0,66,,5971,147,,,0,26,,5956,147,,,0,62,,5941,147,,,0,26,,5944,147,,,0,24,,5974,147,,,0,64,,5951,147,,,0,24,,5957,147,,,0,64,,5970,147,,,0,24,,5953,147,,,0,24,,5961,147,,,0,64,,5939,147,,,0,24,,5973,147,,,0,62,,5948,147,,,0,24,,5965,147,,,0,24,,5946,147,,,0,85,,5955,147,,,0
10100,'a06a7e47-f820-49a2-88af-ccffc941c6bc',752,,5981,147,,,0,85,,5982,147,,,0,22,,5993,147,,,0,63,,5998,147,,,0,22,,6010,147,,,0,63,,6003,147,,,0,22,,5992,147,,,0,23,,6004,147,,,0,62,,5995,147,,,0,23,,5984,147,,,0,22,,5989,147,,,0,63,,6011,147,,,0,22,,5994,147,,,0,63,,6008,147,,,0,28,,6005,147,,,0,65,,5985,147,,,0,25,,5978,147,,,0,26,,5983,147,,,0,67,,5977,147,,,0,26,,5987,147,,,0,65,,5986,147,,,0,26,,5997,147,,,0,65,,6002,147,,,0,26,,5999,147,,,0,25,,5996,147,,,0,66,,5991,147,,,0,25,,5979,147,,,0,66,,6007,147,,,0,22,,5988,147,,,0,26,,6000,147,,,0,64,,6006,147,,,0,24,,5990,147,,,0,62,,5980,147,,,0,24,,6009,147,,,0,23,,6001,147,,,0,90,,5976,147,,,0
10100,'af2e8e03-0a42-4469-a2b8-e03c803b7d24',757,,6039,147,,,0,85,,6033,147,,,0,85,,6034,147,,,0,85,,6035,147,,,0,45,,6028,147,,,0,85,,6019,147,,,0,62,,6030,147,,,0,23,,6024,147,,,0,28,,6025,147,,,0,63,,6026,147,,,0,28,,6020,147,,,0,65,,6031,147,,,0,26,,6014,147,,,0,65,,6023,147,,,0,26,,6015,147,,,0,25,,6021,147,,,0,66,,6022,147,,,0,24,,6017,147,,,0,64,,6027,147,,,0,24,,6018,147,,,0,24,,6032,147,,,0,64,,6037,147,,,0,90,,6038,147,,,0,48,,6029,147,,,0,86,,6016,147,,,0,86,,6013,147,,,0,86,,6012,147,,,0,86,,6036,147,,,0
10100,'f29e6a89-2c24-4546-a5bf-65191f526c55',757,,6042,147,,,0,85,,6058,147,,,0,85,,6041,147,,,0,85,,6045,147,,,0,45,,6046,147,,,0,85,,6053,147,,,0,62,,6060,147,,,0,23,,6063,147,,,0,28,,6066,147,,,0,63,,6064,147,,,0,28,,6048,147,,,0,65,,6047,147,,,0,26,,6057,147,,,0,65,,6056,147,,,0,26,,6059,147,,,0,25,,6044,147,,,0,66,,6054,147,,,0,24,,6055,147,,,0,64,,6040,147,,,0,24,,6050,147,,,0,24,,6049,147,,,0,64,,6052,147,,,0,90,,6065,147,,,0,48,,6061,147,,,0,86,,6051,147,,,0,86,,6043,147,,,0,86,,6067,147,,,0,86,,6062,147,,,0
2000700,'4bf8087f-7a14-48a7-b190-74a0cc4c73da',939,,7070,29,,,0,100,,7076,29,,,0,100,,7067,29,,,0,100,,7074,29,,,0,100,,7075,29,,,0,100,,7078,29,,,0,100,,7073,29,,,0,100,,7069,29,,,0,100,,7068,29,,,0,102,,7065,29,,,0,100,,7066,29,,,0,100,,7077,29,,,0,97,,7071,29,,,0,162,,7072,28,,,0
2000700,'8d01581c-cf93-4a74-9f42-0fb702955d15',939,,7084,29,,,0,100,,7081,29,,,0,100,,7079,29,,,0,100,,7091,29,,,0,100,,7087,29,,,0,100,,7086,29,,,0,100,,7085,29,,,0,100,,7080,29,,,0,100,,7090,29,,,0,102,,7088,29,,,0,100,,7083,29,,,0,100,,7089,29,,,0,97,,7082,28,,,0
2000700,'9881fb63-ca97-484f-b0ca-1bb7e4ca8571',541,,7098,29,,,0,70,,7102,29,,,0,30,,7118,29,,,0,70,,7097,29,,,0,30,,7092,29,,,0,65,,7094,29,,,0,35,,7100,29,,,0,65,,7124,29,,,0,33,,7115,29,,,0,70,,7108,29,,,0,30,,7106,29,,,0,70,,7113,29,,,0,30,,7111,29,,,0,70,,7093,29,,,0,30,,7120,29,,,0,70,,7109,29,,,0,30,,7104,29,,,0,70,,7123,29,,,0,30,,7095,29,,,0,70,,7119,29,,,0,30,,7114,29,,,0,70,,7110,29,,,0,30,,7103,29,,,0,70,,7105,29,,,0,29,,7096,29,,,0,70,,7112,29,,,0,32,,7107,29,,,0,70,,7101,29,,,0,32,,7122,29,,,0,98,,7099,29,,,0,99,,7121,29,,,0,96,,7117,29,,,0,104,,7116,28,,,0
2000700,'a06a7e47-f820-49a2-88af-ccffc941c6bc',641,,7133,29,,,0,70,,7153,29,,,0,30,,7142,29,,,0,70,,7125,29,,,0,30,,7126,29,,,0,70,,7137,29,,,0,28,,7136,29,,,0,70,,7150,29,,,0,30,,7130,29,,,0,70,,7152,29,,,0,30,,7127,29,,,0,70,,7143,29,,,0,30,,7135,29,,,0,70,,7144,29,,,0,30,,7146,29,,,0,70,,7138,29,,,0,30,,7147,29,,,0,70,,7141,29,,,0,30,,7145,29,,,0,70,,7151,29,,,0,30,,7154,29,,,0,70,,7134,29,,,0,30,,7149,29,,,0,70,,7140,29,,,0,31,,7155,29,,,0,71,,7139,29,,,0,30,,7132,29,,,0,100,,7148,29,,,0,97,,7128,29,,,0,100,,7129,29,,,0,100,,7131,28,,,0
2000700,'af2e8e03-0a42-4469-a2b8-e03c803b7d24',939,,7166,29,,,0,100,,7160,29,,,0,100,,7161,29,,,0,100,,7157,29,,,0,100,,7167,29,,,0,100,,7158,29,,,0,100,,7165,29,,,0,100,,7164,29,,,0,100,,7159,29,,,0,102,,7163,29,,,0,100,,7156,29,,,0,100,,7162,29,,,0,97,,7168,28,,,0
2000700,'f29e6a89-2c24-4546-a5bf-65191f526c55',939,,7178,29,,,0,100,,7179,29,,,0,100,,7173,29,,,0,100,,7177,29,,,0,100,,7171,29,,,0,100,,7180,29,,,0,100,,7172,29,,,0,100,,7181,29,,,0,100,,7169,29,,,0,102,,7174,29,,,0,100,,7170,29,,,0,100,,7176,29,,,0,97,,7175,28,,,0
2001200,'4bf8087f-7a14-48a7-b190-74a0cc4c73da',815,,7495,21,,,0,100,,7492,21,,,0,100,,7483,21,,,0,100,,7485,21,,,0,103,,7482,21,,,0,107,,7484,21,,,0,100,,7486,21,,,0,110,,7491,21,,,0,100,,7490,21,,,0,110,,7487,21,,,0,100,,7488,21,,,0,100,,7493,21,,,0,100,,7494,21,,,0,102,,7489,21,,,0
2001200,'8d01581c-cf93-4a74-9f42-0fb702955d15',815,,7497,21,,,0,100,,7503,21,,,0,100,,7502,21,,,0,100,,7498,21,,,0,103,,7506,21,,,0,107,,7509,21,,,0,100,,7501,21,,,0,110,,7504,21,,,0,100,,7500,21,,,0,110,,7508,21,,,0,100,,7505,21,,,0,100,,7496,21,,,0,100,,7507,21,,,0,102,,7499,21,,,0
2001200,'9881fb63-ca97-484f-b0ca-1bb7e4ca8571',520,,7530,21,,,0,35,,7528,21,,,0,60,,7527,21,,,0,30,,7538,21,,,0,72,,7517,21,,,0,34,,7518,21,,,0,73,,7534,21,,,0,30,,7521,21,,,0,75,,7512,21,,,0,75,,7525,21,,,0,30,,7520,21,,,0,70,,7511,21,,,0,35,,7523,21,,,0,76,,7513,21,,,0,30,,7524,21,,,0,70,,7529,21,,,0,35,,7540,21,,,0,75,,7522,21,,,0,75,,7514,21,,,0,35,,7536,21,,,0,75,,7537,21,,,0,35,,7510,21,,,0,75,,7535,21,,,0,35,,7531,21,,,0,75,,7542,21,,,0,25,,7532,21,,,0,75,,7516,21,,,0,75,,7519,21,,,0,35,,7526,21,,,0,70,,7539,21,,,0,30,,7515,21,,,0,100,,7533,21,,,0,100,,7541,21,,,0
2001200,'a06a7e47-f820-49a2-88af-ccffc941c6bc',627,,7548,21,,,0,30,,7565,21,,,0,70,,7552,21,,,0,32,,7559,21,,,0,70,,7561,21,,,0,30,,7554,21,,,0,70,,7553,21,,,0,30,,7545,21,,,0,73,,7574,21,,,0,70,,7571,21,,,0,30,,7564,21,,,0,82,,7543,21,,,0,30,,7557,21,,,0,70,,7544,21,,,0,30,,7566,21,,,0,79,,7550,21,,,0,30,,7569,21,,,0,70,,7546,21,,,0,30,,7570,21,,,0,80,,7567,21,,,0,70,,7558,21,,,0,30,,7573,21,,,0,70,,7555,21,,,0,40,,7547,21,,,0,70,,7562,21,,,0,30,,7560,21,,,0,70,,7568,21,,,0,30,,7556,21,,,0,70,,7563,21,,,0,30,,7572,21,,,0,100,,7549,21,,,0,100,,7551,21,,,0
2001200,'af2e8e03-0a42-4469-a2b8-e03c803b7d24',815,,7576,21,,,0,100,,7586,21,,,0,100,,7588,21,,,0,100,,7575,21,,,0,103,,7584,21,,,0,107,,7578,21,,,0,100,,7587,21,,,0,110,,7582,21,,,0,100,,7579,21,,,0,110,,7581,21,,,0,100,,7583,21,,,0,100,,7577,21,,,0,100,,7585,21,,,0,102,,7580,21,,,0
2001200,'f29e6a89-2c24-4546-a5bf-65191f526c55',815,,7592,21,,,0,100,,7598,21,,,0,100,,7602,21,,,0,100,,7601,21,,,0,103,,7593,21,,,0,107,,7596,21,,,0,100,,7597,21,,,0,110,,7600,21,,,0,100,,7591,21,,,0,110,,7595,21,,,0,100,,7594,21,,,0,100,,7599,21,,,0,100,,7590,21,,,0,102,,7589,21,,,0
