1001200,'4bf8087f-7a14-48a7-b190-74a0cc4c73da',902,,6732,140,4,,0,100,,6736,140,4,,0,100,,6730,140,4,,0,103,,6737,140,4,,0,104,,6739,140,4,,0,100,,6731,140,4,,0,110,,6741,140,4,,0,100,,6735,140,4,,0,110,,6742,140,4,,0,100,,6734,140,4,,0,103,,6733,140,4,,0,100,,6740,140,4,,0,102,,6743,140,4,,0,115,,6738,140,4,,0
1001200,'8d01581c-cf93-4a74-9f42-0fb702955d15',902,,6745,140,4,,0,100,,6757,140,4,,0,100,,6750,140,4,,0,103,,6755,140,4,,0,104,,6747,140,4,,0,100,,6754,140,4,,0,110,,6744,140,4,,0,100,,6751,140,4,,0,110,,6749,140,4,,0,100,,6752,140,4,,0,103,,6748,140,4,,0,100,,6746,140,4,,0,102,,6753,140,4,,0,100,,6756,140,4,,0
1001200,'9881fb63-ca97-484f-b0ca-1bb7e4ca8571',603,,6759,21,4,,0,28,,6788,140,4,,0,72,,6776,140,4,,0,34,,6785,140,4,,0,73,,6769,140,4,,0,30,,6781,140,4,,0,75,,6762,140,4,,0,35,,6783,140,4,,0,70,,6770,140,4,,0,30,,6789,140,4,,0,75,,6780,140,4,,0,75,,6764,140,4,,0,30,,6778,140,4,,0,70,,6784,140,4,,0,35,,6761,140,4,,0,75,,6782,140,4,,0,36,,6786,140,4,,0,75,,6767,140,4,,0,35,,6773,140,4,,0,75,,6768,140,4,,0,75,,6777,140,4,,0,35,,6787,140,4,,0,75,,6771,140,4,,0,27,,6775,140,4,,0,75,,6766,140,4,,0,35,,6760,140,4,,0,75,,6779,140,4,,0,30,,6772,140,4,,0,70,,6763,140,4,,0,100,,6774,140,4,,0,100,,6758,140,4,,0,105,,6765,140,4,,0
1001200,'a06a7e47-f820-49a2-88af-ccffc941c6bc',714,,6795,140,4,,0,32,,6793,140,4,,0,70,,6791,140,4,,0,30,,6805,140,4,,0,70,,6799,140,4,,0,30,,6810,140,4,,0,73,,6800,140,4,,0,30,,6813,140,4,,0,70,,6811,140,4,,0,38,,6816,140,4,,0,70,,6792,140,4,,0,30,,6817,140,4,,0,70,,6819,140,4,,0,80,,6796,140,4,,0,30,,6807,140,4,,0,70,,6794,140,4,,0,30,,6815,140,4,,0,80,,6814,140,4,,0,30,,6802,140,4,,0,70,,6818,140,4,,0,30,,6804,140,4,,0,80,,6808,140,4,,0,30,,6812,140,4,,0,70,,6809,140,4,,0,30,,6798,140,4,,0,73,,6806,140,4,,0,70,,6801,140,4,,0,30,,6803,140,4,,0,100,,6820,140,4,,0,100,,6790,140,4,,0,100,,6797,140,4,,0
1001200,'af2e8e03-0a42-4469-a2b8-e03c803b7d24',902,,6834,140,4,,0,100,,6830,140,4,,0,100,,6824,140,4,,0,103,,6831,140,4,,0,104,,6828,140,4,,0,100,,6832,140,4,,0,110,,6826,140,4,,0,100,,6829,140,4,,0,110,,6822,140,4,,0,100,,6827,140,4,,0,103,,6821,140,4,,0,100,,6823,140,4,,0,102,,6825,140,4,,0,100,,6833,140,4,,0
1001200,'f29e6a89-2c24-4546-a5bf-65191f526c55',902,,6848,140,4,,0,100,,6842,140,4,,0,100,,6840,140,4,,0,103,,6841,140,4,,0,104,,6844,140,4,,0,100,,6837,140,4,,0,110,,6839,140,4,,0,100,,6838,140,4,,0,110,,6847,140,4,,0,100,,6836,140,4,,0,103,,6843,140,4,,0,100,,6845,140,4,,0,102,,6835,140,4,,0,100,,6846,140,4,,0
2001200,'4bf8087f-7a14-48a7-b190-74a0cc4c73da',803,,7495,0,,,0,100,,7492,0,,,0,100,,7483,0,,,0,100,,7485,0,,,0,103,,7482,0,,,0,106,,7484,0,,,0,100,,7486,0,,,0,110,,7491,0,,,0,100,,7490,0,,,0,110,,7487,0,,,0,100,,7488,0,,,0,102,,7493,0,,,0,100,,7494,0,,,0,102,,7489,0,,,0
2001200,'8d01581c-cf93-4a74-9f42-0fb702955d15',803,,7497,0,,,0,100,,7503,0,,,0,100,,7502,0,,,0,100,,7498,0,,,0,103,,7506,0,,,0,106,,7509,0,,,0,100,,7501,0,,,0,110,,7504,0,,,0,100,,7500,0,,,0,110,,7508,0,,,0,100,,7505,0,,,0,102,,7496,0,,,0,100,,7507,0,,,0,102,,7499,0,,,0
2001200,'9881fb63-ca97-484f-b0ca-1bb7e4ca8571',509,,7530,0,,,0,35,,7528,0,,,0,60,,7527,0,,,0,29,,7538,0,,,0,72,,7517,0,,,0,34,,7518,0,,,0,73,,7534,0,,,0,30,,7521,0,,,0,75,,7512,0,,,0,35,,7525,0,,,0,70,,7520,0,,,0,30,,7511,0,,,0,75,,7523,0,,,0,75,,7513,0,,,0,30,,7524,0,,,0,70,,7529,0,,,0,35,,7540,0,,,0,75,,7522,0,,,0,35,,7514,0,,,0,75,,7536,0,,,0,35,,7537,0,,,0,75,,7510,0,,,0,75,,7535,0,,,0,35,,7531,0,,,0,75,,7542,0,,,0,27,,7532,0,,,0,75,,7516,0,,,0,35,,7519,0,,,0,75,,7526,0,,,0,30,,7539,0,,,0,70,,7515,0,,,0,100,,7533,0,,,0,100,,7541,0,,,0
2001200,'a06a7e47-f820-49a2-88af-ccffc941c6bc',616,,7548,0,,,0,30,,7565,0,,,0,70,,7552,0,,,0,31,,7559,0,,,0,70,,7561,0,,,0,30,,7554,0,,,0,70,,7553,0,,,0,30,,7545,0,,,0,73,,7574,0,,,0,30,,7571,0,,,0,70,,7564,0,,,0,81,,7543,0,,,0,30,,7557,0,,,0,70,,7544,0,,,0,30,,7566,0,,,0,79,,7550,0,,,0,30,,7569,0,,,0,70,,7546,0,,,0,30,,7570,0,,,0,80,,7567,0,,,0,30,,7558,0,,,0,70,,7573,0,,,0,30,,7555,0,,,0,82,,7547,0,,,0,70,,7562,0,,,0,30,,7560,0,,,0,70,,7568,0,,,0,30,,7556,0,,,0,70,,7563,0,,,0,30,,7572,0,,,0,100,,7549,0,,,0,100,,7551,0,,,0
2001200,'af2e8e03-0a42-4469-a2b8-e03c803b7d24',803,,7576,0,,,0,100,,7586,0,,,0,100,,7588,0,,,0,100,,7575,0,,,0,103,,7584,0,,,0,106,,7578,0,,,0,100,,7587,0,,,0,110,,7582,0,,,0,100,,7579,0,,,0,110,,7581,0,,,0,100,,7583,0,,,0,102,,7577,0,,,0,100,,7585,0,,,0,102,,7580,0,,,0
2001200,'f29e6a89-2c24-4546-a5bf-65191f526c55',803,,7592,0,,,0,100,,7598,0,,,0,100,,7602,0,,,0,100,,7601,0,,,0,103,,7593,0,,,0,106,,7596,0,,,0,100,,7597,0,,,0,110,,7600,0,,,0,100,,7591,0,,,0,110,,7595,0,,,0,100,,7594,0,,,0,102,,7599,0,,,0,100,,7590,0,,,0,102,,7589,0,,,0
