10100,'4bf8087f-7a14-48a7-b190-74a0cc4c73da',741,,5896,111,,,0,85,,5890,111,,,0,85,,5884,111,,,0,45,,5892,111,,,0,85,,5888,111,,,0,85,,5899,111,,,0,22,,5900,111,,,0,63,,5898,111,,,0,25,,5909,111,,,0,23,,5901,111,,,0,68,,5891,111,,,0,25,,5886,111,,,0,66,,5904,111,,,0,25,,5906,111,,,0,66,,5907,111,,,0,25,,5902,111,,,0,66,,5887,111,,,0,27,,5885,111,,,0,24,,5908,111,,,0,64,,5910,111,,,0,24,,5903,111,,,0,64,,5894,111,,,0,50,,5883,111,,,0,88,,5895,111,,,0,86,,5893,111,,,0,86,,5897,111,,,0,46,,5889,111,,,0,93,,5905,111,,,0
10100,'8d01581c-cf93-4a74-9f42-0fb702955d15',741,,5911,111,,,0,85,,5915,111,,,0,85,,5929,111,,,0,45,,5927,111,,,0,85,,5917,111,,,0,85,,5931,111,,,0,22,,5913,111,,,0,63,,5923,111,,,0,25,,5924,111,,,0,23,,5936,111,,,0,68,,5919,111,,,0,25,,5932,111,,,0,66,,5918,111,,,0,25,,5912,111,,,0,66,,5937,111,,,0,25,,5934,111,,,0,66,,5920,111,,,0,27,,5938,111,,,0,24,,5933,111,,,0,64,,5914,111,,,0,24,,5922,111,,,0,64,,5926,111,,,0,50,,5916,111,,,0,88,,5928,111,,,0,86,,5921,111,,,0,86,,5930,111,,,0,46,,5925,111,,,0,86,,5935,111,,,0
10100,'9881fb63-ca97-484f-b0ca-1bb7e4ca8571',726,,5949,111,,,0,22,,5952,111,,,0,63,,5945,111,,,0,22,,5960,111,,,0,23,,5958,111,,,0,62,,5940,111,,,0,23,,5950,111,,,0,62,,5966,111,,,0,23,,5947,111,,,0,22,,5954,111,,,0,66,,5959,111,,,0,24,,5963,111,,,0,66,,5975,111,,,0,25,,5972,111,,,0,26,,5968,111,,,0,65,,5967,111,,,0,26,,5943,111,,,0,67,,5969,111,,,0,27,,5962,111,,,0,66,,5942,111,,,0,26,,5964,111,,,0,26,,5971,111,,,0,66,,5956,111,,,0,25,,5941,111,,,0,66,,5944,111,,,0,24,,5974,111,,,0,64,,5951,111,,,0,24,,5957,111,,,0,24,,5970,111,,,0,64,,5953,111,,,0,24,,5961,111,,,0,64,,5939,111,,,0,24,,5973,111,,,0,22,,5948,111,,,0,64,,5965,111,,,0,24,,5946,111,,,0,85,,5955,111,,,0
10100,'a06a7e47-f820-49a2-88af-ccffc941c6bc',736,,5981,111,,,0,85,,5982,111,,,0,22,,5993,111,,,0,63,,5998,111,,,0,22,,6010,111,,,0,23,,6003,111,,,0,62,,5992,111,,,0,23,,6004,111,,,0,22,,5995,111,,,0,63,,5984,111,,,0,22,,5989,111,,,0,63,,6011,111,,,0,22,,5994,111,,,0,23,,6008,111,,,0,65,,6005,111,,,0,25,,5985,111,,,0,65,,5978,111,,,0,26,,5983,111,,,0,27,,5977,111,,,0,66,,5987,111,,,0,25,,5986,111,,,0,66,,5997,111,,,0,25,,6002,111,,,0,66,,5999,111,,,0,25,,5996,111,,,0,26,,5991,111,,,0,65,,5979,111,,,0,26,,6007,111,,,0,65,,5988,111,,,0,26,,6000,111,,,0,64,,6006,111,,,0,24,,5990,111,,,0,22,,5980,111,,,0,64,,6009,111,,,0,23,,6001,111,,,0,90,,5976,111,,,0
10100,'af2e8e03-0a42-4469-a2b8-e03c803b7d24',741,,6039,111,,,0,85,,6033,111,,,0,85,,6034,111,,,0,45,,6035,111,,,0,85,,6028,111,,,0,85,,6019,111,,,0,22,,6030,111,,,0,63,,6024,111,,,0,25,,6025,111,,,0,23,,6026,111,,,0,68,,6020,111,,,0,25,,6031,111,,,0,66,,6014,111,,,0,25,,6023,111,,,0,66,,6015,111,,,0,25,,6021,111,,,0,66,,6022,111,,,0,27,,6017,111,,,0,24,,6027,111,,,0,64,,6018,111,,,0,24,,6032,111,,,0,64,,6037,111,,,0,50,,6038,111,,,0,88,,6029,111,,,0,86,,6016,111,,,0,86,,6013,111,,,0,46,,6012,111,,,0,86,,6036,111,,,0
10100,'f29e6a89-2c24-4546-a5bf-65191f526c55',741,,6042,111,,,0,85,,6058,111,,,0,85,,6041,111,,,0,45,,6045,111,,,0,85,,6046,111,,,0,85,,6053,111,,,0,22,,6060,111,,,0,63,,6063,111,,,0,25,,6066,111,,,0,23,,6064,111,,,0,68,,6048,111,,,0,25,,6047,111,,,0,66,,6057,111,,,0,25,,6056,111,,,0,66,,6059,111,,,0,25,,6044,111,,,0,66,,6054,111,,,0,27,,6055,111,,,0,24,,6040,111,,,0,64,,6050,111,,,0,24,,6049,111,,,0,64,,6052,111,,,0,50,,6065,111,,,0,88,,6061,111,,,0,86,,6051,111,,,0,86,,6043,111,,,0,46,,6067,111,,,0,86,,6062,111,,,0
1000801,'4bf8087f-7a14-48a7-b190-74a0cc4c73da',916,,6610,37,,,0,102,,6607,37,,,0,100,,6611,37,,,0,99,,6605,37,,,0,100,,6618,37,,,0,100,,6615,37,,,0,100,,6606,37,,,0,100,,6609,37,,,0,101,,6617,37,,,0,99,,6614,37,,,0,100,,6616,37,,,0,100,,6613,37,,,0,100,,6612,37,,,0,188,,6619,31,,,0
1000801,'8d01581c-cf93-4a74-9f42-0fb702955d15',916,,6621,37,,,0,102,,6624,37,,,0,100,,6633,37,,,0,99,,6628,37,,,0,100,,6626,37,,,0,100,,6631,37,,,0,100,,6623,37,,,0,100,,6629,37,,,0,101,,6625,37,,,0,99,,6620,37,,,0,100,,6622,37,,,0,100,,6630,37,,,0,100,,6632,31,,,0
1000801,'9881fb63-ca97-484f-b0ca-1bb7e4ca8571',545,,6637,37,,,0,70,,6649,37,,,0,30,,6642,37,,,0,70,,6640,37,,,0,30,,6639,37,,,0,70,,6644,37,,,0,32,,6668,37,,,0,70,,6665,37,,,0,30,,6663,37,,,0,70,,6648,37,,,0,30,,6641,37,,,0,70,,6659,37,,,0,30,,6653,37,,,0,70,,6660,37,,,0,30,,6647,37,,,0,70,,6664,37,,,0,30,,6650,37,,,0,70,,6652,37,,,0,30,,6636,37,,,0,70,,6635,37,,,0,30,,6667,37,,,0,70,,6656,37,,,0,30,,6634,37,,,0,70,,6657,37,,,0,32,,6666,37,,,0,70,,6655,37,,,0,30,,6638,31,,,0,70,,6669,37,,,0,98,,6645,37,,,0,100,,6654,37,,,0,98,,6643,37,,,0,100,,6646,31,,,0,103,,6651,31,,,0
1000801,'a06a7e47-f820-49a2-88af-ccffc941c6bc',715,,6691,37,,,0,30,,6671,37,,,0,70,,6677,37,,,0,32,,6689,37,,,0,70,,6701,37,,,0,30,,6673,37,,,0,70,,6686,37,,,0,30,,6695,37,,,0,70,,6697,37,,,0,30,,6692,37,,,0,70,,6681,37,,,0,30,,6685,37,,,0,70,,6675,37,,,0,30,,6694,37,,,0,70,,6693,37,,,0,30,,6672,37,,,0,70,,6683,37,,,0,30,,6688,37,,,0,70,,6676,37,,,0,31,,6699,37,,,0,70,,6678,37,,,0,31,,6690,37,,,0,70,,6670,37,,,0,30,,6684,31,,,0,70,,6698,37,,,0,98,,6687,37,,,0,100,,6679,37,,,0,98,,6674,37,,,0,100,,6682,31,,,0,100,,6700,31,,,0
1000801,'af2e8e03-0a42-4469-a2b8-e03c803b7d24',916,,6709,37,,,0,102,,6706,37,,,0,100,,6711,37,,,0,99,,6708,37,,,0,100,,6703,37,,,0,100,,6712,37,,,0,100,,6713,37,,,0,100,,6707,37,,,0,101,,6715,37,,,0,99,,6714,37,,,0,100,,6704,37,,,0,100,,6705,37,,,0,100,,6702,31,,,0
1000801,'f29e6a89-2c24-4546-a5bf-65191f526c55',916,,6717,37,,,0,102,,6727,37,,,0,100,,6718,37,,,0,99,,6722,37,,,0,100,,6726,37,,,0,100,,6719,37,,,0,100,,6720,37,,,0,100,,6729,37,,,0,101,,6728,37,,,0,99,,6723,37,,,0,100,,6721,37,,,0,100,,6724,37,,,0,100,,6716,31,,,0
