2000200,'4bf8087f-7a14-48a7-b190-74a0cc4c73da',920,,6935,143,,,0,100,,6931,143,,,0,30,,6932,143,,,0,100,,6936,143,,,0,72,,6937,143,,,0,100,,6942,143,,,0,30,,6933,143,,,0,100,,6946,143,,,0,70,,6930,143,,,0,100,,6945,143,,,0,30,,6934,143,,,0,100,,6944,143,,,0,70,,6941,143,,,0,98,,6948,143,,,0,30,,6940,143,,,0,100,,6938,143,,,0,69,,6947,143,,,0,100,,6939,143,,,0,82,,6943,143,,,0
2000200,'8d01581c-cf93-4a74-9f42-0fb702955d15',920,,6957,143,,,0,100,,6963,143,,,0,30,,6952,143,,,0,100,,6951,143,,,0,72,,6962,143,,,0,100,,6964,143,,,0,30,,6954,143,,,0,100,,6955,143,,,0,70,,6949,143,,,0,100,,6961,143,,,0,30,,6959,143,,,0,100,,6960,143,,,0,70,,6953,143,,,0,98,,6956,143,,,0,30,,6950,143,,,0,100,,6966,143,,,0,69,,6958,143,,,0,100,,6965,143,,,0
2000200,'9881fb63-ca97-484f-b0ca-1bb7e4ca8571',622,,6977,143,,,0,30,,6992,143,,,0,70,,6967,143,,,0,30,,6970,143,,,0,70,,6997,143,,,0,30,,6981,143,,,0,70,,6974,143,,,0,30,,6976,143,,,0,70,,6986,143,,,0,30,,6972,143,,,0,70,,6985,143,,,0,32,,6984,143,,,0,70,,6983,143,,,0,30,,6979,143,,,0,70,,6996,143,,,0,30,,6994,143,,,0,70,,6975,143,,,0,30,,6991,143,,,0,69,,6971,143,,,0,30,,6993,143,,,0,70,,6988,143,,,0,30,,6978,143,,,0,70,,6987,143,,,0,30,,6973,143,,,0,70,,6998,143,,,0,27,,6989,143,,,0,70,,6982,143,,,0,30,,6969,143,,,0,70,,6995,143,,,0,100,,6990,143,,,0,30,,6968,143,,,0,100,,6980,143,,,0
2000200,'a06a7e47-f820-49a2-88af-ccffc941c6bc',720,,7003,143,,,0,30,,7008,143,,,0,70,,7014,143,,,0,30,,7022,143,,,0,70,,7026,143,,,0,30,,7000,143,,,0,70,,7018,143,,,0,30,,7028,143,,,0,70,,7023,143,,,0,30,,7001,143,,,0,70,,7013,143,,,0,32,,7010,143,,,0,70,,7007,143,,,0,30,,7020,143,,,0,70,,7011,143,,,0,30,,7012,143,,,0,70,,7006,143,,,0,30,,7019,143,,,0,70,,7009,143,,,0,30,,7016,143,,,0,70,,7024,143,,,0,30,,7027,143,,,0,70,,7015,143,,,0,30,,7017,143,,,0,70,,6999,143,,,0,28,,7021,143,,,0,70,,7002,143,,,0,100,,7025,143,,,0,29,,7004,143,,,0,100,,7005,143,,,0
2000200,'af2e8e03-0a42-4469-a2b8-e03c803b7d24',920,,7029,143,,,0,100,,7032,143,,,0,30,,7031,143,,,0,100,,7045,143,,,0,72,,7037,143,,,0,100,,7040,143,,,0,30,,7046,143,,,0,100,,7038,143,,,0,70,,7043,143,,,0,100,,7034,143,,,0,30,,7030,143,,,0,100,,7033,143,,,0,70,,7036,143,,,0,98,,7039,143,,,0,30,,7042,143,,,0,100,,7041,143,,,0,69,,7044,143,,,0,100,,7035,143,,,0
2000200,'f29e6a89-2c24-4546-a5bf-65191f526c55',920,,7063,143,,,0,100,,7059,143,,,0,30,,7049,143,,,0,100,,7058,143,,,0,72,,7062,143,,,0,100,,7061,143,,,0,30,,7047,143,,,0,100,,7055,143,,,0,70,,7052,143,,,0,100,,7048,143,,,0,30,,7050,143,,,0,100,,7054,143,,,0,70,,7060,143,,,0,98,,7056,143,,,0,30,,7057,143,,,0,100,,7053,143,,,0,69,,7051,143,,,0,100,,7064,143,,,0
2000700,'4bf8087f-7a14-48a7-b190-74a0cc4c73da',1024,,7070,181,,,0,100,,7076,181,,,0,100,,7067,181,,,0,100,,7074,181,,,0,100,,7075,181,,,0,100,,7078,181,,,0,100,,7073,181,,,0,100,,7069,181,,,0,100,,7068,181,,,0,102,,7065,181,,,0,100,,7066,181,,,0,100,,7077,181,,,0,175,,7071,181,,,0
2000700,'8d01581c-cf93-4a74-9f42-0fb702955d15',1024,,7084,181,,,0,100,,7081,181,,,0,100,,7079,181,,,0,100,,7091,181,,,0,100,,7087,181,,,0,100,,7086,181,,,0,100,,7085,181,,,0,100,,7080,181,,,0,100,,7090,181,,,0,102,,7088,181,,,0,100,,7083,181,,,0,100,,7089,181,,,0
2000700,'9881fb63-ca97-484f-b0ca-1bb7e4ca8571',623,,7098,181,,,0,30,,7102,181,,,0,70,,7118,181,,,0,30,,7097,181,,,0,72,,7092,181,,,0,28,,7094,181,,,0,72,,7100,181,,,0,28,,7124,181,,,0,71,,7115,181,,,0,30,,7108,181,,,0,70,,7106,181,,,0,30,,7113,181,,,0,70,,7111,181,,,0,30,,7093,181,,,0,70,,7120,181,,,0,30,,7109,181,,,0,72,,7104,181,,,0,28,,7123,181,,,0,70,,7095,181,,,0,30,,7119,181,,,0,70,,7114,181,,,0,30,,7110,181,,,0,70,,7103,181,,,0,30,,7105,181,,,0,69,,7096,181,,,0,30,,7112,181,,,0,72,,7107,181,,,0,30,,7101,181,,,0,72,,7122,181,,,0,98,,7099,181,,,0,98,,7121,181,,,0,96,,7117,181,,,0
2000700,'a06a7e47-f820-49a2-88af-ccffc941c6bc',723,,7133,181,,,0,30,,7153,181,,,0,72,,7142,181,,,0,30,,7125,181,,,0,70,,7126,181,,,0,30,,7137,181,,,0,69,,7136,181,,,0,30,,7150,181,,,0,70,,7130,181,,,0,30,,7152,181,,,0,70,,7127,181,,,0,30,,7143,181,,,0,70,,7135,181,,,0,30,,7144,181,,,0,70,,7146,181,,,0,30,,7138,181,,,0,70,,7147,181,,,0,30,,7141,181,,,0,70,,7145,181,,,0,30,,7151,181,,,0,70,,7154,181,,,0,30,,7134,181,,,0,70,,7149,181,,,0,30,,7140,181,,,0,72,,7155,181,,,0,30,,7139,181,,,0,70,,7132,181,,,0,100,,7148,181,,,0,94,,7128,181,,,0,102,,7129,181,,,0
2000700,'af2e8e03-0a42-4469-a2b8-e03c803b7d24',1024,,7166,181,,,0,100,,7160,181,,,0,100,,7161,181,,,0,100,,7157,181,,,0,100,,7167,181,,,0,100,,7158,181,,,0,100,,7165,181,,,0,100,,7164,181,,,0,100,,7159,181,,,0,102,,7163,181,,,0,100,,7156,181,,,0,100,,7162,181,,,0
2000700,'f29e6a89-2c24-4546-a5bf-65191f526c55',1024,,7178,181,,,0,100,,7179,181,,,0,100,,7173,181,,,0,100,,7177,181,,,0,100,,7171,181,,,0,100,,7180,181,,,0,100,,7172,181,,,0,100,,7181,181,,,0,100,,7169,181,,,0,102,,7174,181,,,0,100,,7170,181,,,0,100,,7176,181,,,0
2000801,'4bf8087f-7a14-48a7-b190-74a0cc4c73da',951,,7363,126,,,0,100,,7362,247,,,0,100,,7371,247,,,0,100,,7368,247,,,0,100,,7364,247,,,0,100,,7367,247,,,0,100,,7365,247,,,0,100,,7374,247,,,0,96,,7369,247,,,0,100,,7370,247,,,0,100,,7361,247,,,0,99,,7366,247,,,0,100,,7373,247,,,0,112,,7372,247,,,0
2000801,'8d01581c-cf93-4a74-9f42-0fb702955d15',951,,7380,126,,,0,100,,7376,247,,,0,100,,7384,247,,,0,100,,7377,247,,,0,100,,7381,247,,,0,100,,7387,247,,,0,100,,7382,247,,,0,100,,7388,247,,,0,96,,7383,247,,,0,100,,7385,247,,,0,100,,7386,247,,,0,99,,7375,247,,,0,100,,7378,247,,,0
2000801,'9881fb63-ca97-484f-b0ca-1bb7e4ca8571',527,,7389,126,,,0,100,,7392,126,,,0,21,,7401,247,,,0,70,,7405,247,,,0,30,,7391,201,,,0,70,,7399,247,,,0,31,,7404,247,,,0,70,,7396,247,,,0,29,,7393,247,,,0,70,,7418,247,,,0,31,,7402,247,,,0,72,,7400,247,,,0,30,,7411,247,,,0,70,,7406,247,,,0,31,,7416,247,,,0,70,,7414,247,,,0,30,,7398,247,,,0,70,,7417,247,,,0,30,,7390,201,,,0,73,,7397,247,,,0,30,,7422,247,,,0,70,,7403,247,,,0,30,,7409,247,,,0,71,,7408,247,,,0,31,,7419,247,,,0,67,,7415,247,,,0,28,,7421,247,,,0,101,,7410,247,,,0,100,,7394,247,,,0,95,,7407,247,,,0,100,,7413,247,,,0,100,,7412,247,,,0
2000801,'a06a7e47-f820-49a2-88af-ccffc941c6bc',718,,7425,126,,,0,30,,7446,126,,,0,70,,7423,247,,,0,31,,7431,247,,,0,70,,7428,247,,,0,29,,7433,247,,,0,70,,7435,247,,,0,33,,7440,247,,,0,70,,7424,247,,,0,30,,7432,247,,,0,70,,7444,247,,,0,31,,7451,247,,,0,70,,7452,247,,,0,30,,7447,247,,,0,70,,7453,247,,,0,30,,7426,247,,,0,70,,7448,247,,,0,30,,7450,247,,,0,70,,7438,247,,,0,30,,7430,247,,,0,72,,7434,247,,,0,31,,7429,247,,,0,69,,7436,247,,,0,28,,7441,247,,,0,101,,7437,247,,,0,100,,7443,247,,,0,95,,7427,247,,,0,100,,7445,247,,,0,100,,7449,247,,,0
2000801,'af2e8e03-0a42-4469-a2b8-e03c803b7d24',951,,7455,126,,,0,100,,7465,247,,,0,100,,7454,247,,,0,100,,7467,247,,,0,100,,7460,247,,,0,100,,7457,247,,,0,100,,7459,247,,,0,100,,7458,247,,,0,96,,7461,247,,,0,100,,7466,247,,,0,100,,7464,247,,,0,99,,7463,247,,,0,100,,7456,247,,,0
2000801,'f29e6a89-2c24-4546-a5bf-65191f526c55',951,,7472,126,,,0,100,,7477,247,,,0,100,,7473,247,,,0,100,,7478,247,,,0,100,,7476,247,,,0,100,,7481,247,,,0,100,,7468,247,,,0,100,,7469,247,,,0,96,,7479,247,,,0,100,,7480,247,,,0,100,,7471,247,,,0,99,,7475,247,,,0,100,,7470,247,,,0
