10100,'4bf8087f-7a14-48a7-b190-74a0cc4c73da',730,,5896,31,,,0,85,,5890,31,,,0,85,,5884,31,,,0,45,,5892,31,,,0,85,,5888,31,,,0,85,,5899,31,,,0,22,,5900,31,,,0,63,,5898,31,,,0,24,,5909,31,,,0,23,,5901,31,,,0,68,,5891,31,,,0,25,,5886,31,,,0,66,,5904,31,,,0,25,,5906,31,,,0,26,,5907,31,,,0,65,,5902,31,,,0,26,,5887,31,,,0,67,,5885,31,,,0,24,,5908,31,,,0,64,,5910,31,,,0,24,,5903,31,,,0,24,,5894,31,,,0,90,,5883,31,,,0,88,,5895,31,,,0,86,,5893,31,,,0,86,,5897,31,,,0,46,,5889,31,,,0,93,,5905,31,,,0
10100,'8d01581c-cf93-4a74-9f42-0fb702955d15',730,,5911,31,,,0,85,,5915,31,,,0,85,,5929,31,,,0,45,,5927,31,,,0,85,,5917,31,,,0,85,,5931,31,,,0,22,,5913,31,,,0,63,,5923,31,,,0,24,,5924,31,,,0,23,,5936,31,,,0,68,,5919,31,,,0,25,,5932,31,,,0,66,,5918,31,,,0,25,,5912,31,,,0,26,,5937,31,,,0,65,,5934,31,,,0,26,,5920,31,,,0,67,,5938,31,,,0,24,,5933,31,,,0,64,,5914,31,,,0,24,,5922,31,,,0,24,,5926,31,,,0,90,,5916,31,,,0,88,,5928,31,,,0,86,,5921,31,,,0,86,,5930,31,,,0,46,,5925,31,,,0,86,,5935,31,,,0
10100,'9881fb63-ca97-484f-b0ca-1bb7e4ca8571',715,,5949,31,,,0,22,,5952,31,,,0,63,,5945,31,,,0,22,,5960,31,,,0,23,,5958,31,,,0,62,,5940,31,,,0,23,,5950,31,,,0,22,,5966,31,,,0,63,,5947,31,,,0,22,,5954,31,,,0,65,,5959,31,,,0,24,,5963,31,,,0,26,,5975,31,,,0,65,,5972,31,,,0,26,,5968,31,,,0,65,,5967,31,,,0,26,,5943,31,,,0,67,,5969,31,,,0,27,,5962,31,,,0,26,,5942,31,,,0,66,,5964,31,,,0,26,,5971,31,,,0,66,,5956,31,,,0,25,,5941,31,,,0,66,,5944,31,,,0,24,,5974,31,,,0,24,,5951,31,,,0,64,,5957,31,,,0,24,,5970,31,,,0,64,,5953,31,,,0,24,,5961,31,,,0,24,,5939,31,,,0,64,,5973,31,,,0,22,,5948,31,,,0,64,,5965,31,,,0,24,,5946,31,,,0,85,,5955,31,,,0
10100,'a06a7e47-f820-49a2-88af-ccffc941c6bc',725,,5981,31,,,0,85,,5982,31,,,0,22,,5993,31,,,0,23,,5998,31,,,0,62,,6010,31,,,0,23,,6003,31,,,0,62,,5992,31,,,0,23,,6004,31,,,0,22,,5995,31,,,0,63,,5984,31,,,0,22,,5989,31,,,0,23,,6011,31,,,0,62,,5994,31,,,0,23,,6008,31,,,0,64,,6005,31,,,0,25,,5985,31,,,0,25,,5978,31,,,0,66,,5983,31,,,0,27,,5977,31,,,0,66,,5987,31,,,0,25,,5986,31,,,0,66,,5997,31,,,0,25,,6002,31,,,0,26,,5999,31,,,0,65,,5996,31,,,0,26,,5991,31,,,0,65,,5979,31,,,0,26,,6007,31,,,0,65,,5988,31,,,0,26,,6000,31,,,0,24,,6006,31,,,0,64,,5990,31,,,0,22,,5980,31,,,0,64,,6009,31,,,0,23,,6001,31,,,0,90,,5976,31,,,0
10100,'af2e8e03-0a42-4469-a2b8-e03c803b7d24',730,,6039,31,,,0,85,,6033,31,,,0,85,,6034,31,,,0,45,,6035,31,,,0,85,,6028,31,,,0,85,,6019,31,,,0,22,,6030,31,,,0,63,,6024,31,,,0,24,,6025,31,,,0,23,,6026,31,,,0,68,,6020,31,,,0,25,,6031,31,,,0,66,,6014,31,,,0,25,,6023,31,,,0,26,,6015,31,,,0,65,,6021,31,,,0,26,,6022,31,,,0,67,,6017,31,,,0,24,,6027,31,,,0,64,,6018,31,,,0,24,,6032,31,,,0,24,,6037,31,,,0,90,,6038,31,,,0,88,,6029,31,,,0,86,,6016,31,,,0,86,,6013,31,,,0,46,,6012,31,,,0,86,,6036,31,,,0
10100,'f29e6a89-2c24-4546-a5bf-65191f526c55',730,,6042,31,,,0,85,,6058,31,,,0,85,,6041,31,,,0,45,,6045,31,,,0,85,,6046,31,,,0,85,,6053,31,,,0,22,,6060,31,,,0,63,,6063,31,,,0,24,,6066,31,,,0,23,,6064,31,,,0,68,,6048,31,,,0,25,,6047,31,,,0,66,,6057,31,,,0,25,,6056,31,,,0,26,,6059,31,,,0,65,,6044,31,,,0,26,,6054,31,,,0,67,,6055,31,,,0,24,,6040,31,,,0,64,,6050,31,,,0,24,,6049,31,,,0,24,,6052,31,,,0,90,,6065,31,,,0,88,,6061,31,,,0,86,,6051,31,,,0,86,,6043,31,,,0,46,,6067,31,,,0,86,,6062,31,,,0
1000800,'4bf8087f-7a14-48a7-b190-74a0cc4c73da',903,,6440,76,,,0,102,,6439,76,,,0,100,,6426,76,,,0,100,,6441,76,,,0,100,,6418,76,,,0,100,,6444,76,,,0,100,,6437,76,,,0,100,,6428,76,,,0,100,,6438,76,,,0,100,,6435,76,,,0,100,,6423,76,,,0,100,,6445,76,,,0,100,,6425,76,,,0,148,,6432,76,,,0
1000800,'8d01581c-cf93-4a74-9f42-0fb702955d15',903,,6448,76,,,0,102,,6468,76,,,0,100,,6473,76,,,0,100,,6455,76,,,0,100,,6459,76,,,0,100,,6463,76,,,0,100,,6470,76,,,0,100,,6471,76,,,0,100,,6465,76,,,0,100,,6464,76,,,0,100,,6457,76,,,0,100,,6472,76,,,0,100,,6454,76,,,0
1000800,'9881fb63-ca97-484f-b0ca-1bb7e4ca8571',533,,6490,171,,,0,70,,6493,171,,,0,30,,6481,324,,,0,70,,6483,324,,,0,30,,6487,324,,,0,70,,6499,324,,,0,32,,6495,303,,,0,70,,6479,324,,,0,30,,6511,324,,,0,70,,6502,324,,,0,30,,6477,324,,,0,70,,6506,324,,,0,30,,6476,324,,,0,70,,6505,324,,,0,30,,6494,324,,,0,70,,6507,324,,,0,30,,6496,324,,,0,70,,6503,324,,,0,30,,6500,324,,,0,70,,6501,324,,,0,30,,6497,303,,,0,70,,6508,324,,,0,30,,6513,324,,,0,70,,6485,324,,,0,32,,6489,324,,,0,70,,6510,324,,,0,30,,6492,324,,,0,70,,6484,324,,,0,96,,6509,324,,,0,102,,6478,76,,,0,98,,6488,76,,,0,100,,6474,76,,,0,104,,6512,76,,,0
1000800,'a06a7e47-f820-49a2-88af-ccffc941c6bc',703,,6539,54,,,0,30,,6524,54,,,0,70,,6535,171,,,0,32,,6541,324,,,0,70,,6537,324,,,0,30,,6543,324,,,0,70,,6546,324,,,0,30,,6519,324,,,0,70,,6529,324,,,0,30,,6538,324,,,0,70,,6531,324,,,0,30,,6522,324,,,0,70,,6526,324,,,0,30,,6515,324,,,0,70,,6518,324,,,0,30,,6547,324,,,0,70,,6532,324,,,0,30,,6530,324,,,0,70,,6550,324,,,0,30,,6516,324,,,0,70,,6540,324,,,0,32,,6523,324,,,0,70,,6517,324,,,0,30,,6542,324,,,0,70,,6527,324,,,0,98,,6548,324,,,0,98,,6520,76,,,0,99,,6549,76,,,0,100,,6544,76,,,0,100,,6534,76,,,0
1000800,'af2e8e03-0a42-4469-a2b8-e03c803b7d24',903,,6569,76,,,0,102,,6554,76,,,0,100,,6572,76,,,0,100,,6575,76,,,0,100,,6571,76,,,0,100,,6558,76,,,0,100,,6556,76,,,0,100,,6555,76,,,0,100,,6553,76,,,0,100,,6566,76,,,0,100,,6564,76,,,0,100,,6567,76,,,0,100,,6557,76,,,0
1000800,'f29e6a89-2c24-4546-a5bf-65191f526c55',903,,6603,76,,,0,102,,6589,76,,,0,100,,6601,76,,,0,100,,6584,76,,,0,100,,6597,76,,,0,100,,6579,76,,,0,100,,6583,76,,,0,100,,6604,76,,,0,100,,6599,76,,,0,100,,6587,76,,,0,100,,6582,76,,,0,100,,6578,76,,,0,100,,6592,76,,,0
