10000,'4bf8087f-7a14-48a7-b190-74a0cc4c73da',748,,5700,9,,,0,89,,5717,9,,,0,89,,5702,9,,,0,89,,5705,9,,,0,89,,5715,9,,,0,24,,5712,9,,,0,25,,5710,9,,,0,64,,5699,9,,,0,25,,5698,9,,,0,64,,5697,9,,,0,25,,5707,9,,,0,24,,5709,9,,,0,65,,5723,9,,,0,24,,5720,9,,,0,65,,5716,9,,,0,24,,5721,9,,,0,25,,5713,9,,,0,65,,5704,9,,,0,26,,5722,9,,,0,65,,5719,9,,,0,26,,5724,9,,,0,65,,5718,9,,,0,47,,5703,9,,,0,87,,5714,9,,,0,87,,5708,9,,,0,87,,5711,9,,,0,46,,5706,9,,,0,86,,5701,9,,,0
10000,'8d01581c-cf93-4a74-9f42-0fb702955d15',748,,5728,9,,,0,89,,5745,9,,,0,89,,5747,9,,,0,89,,5730,9,,,0,89,,5729,9,,,0,24,,5731,9,,,0,25,,5742,9,,,0,64,,5735,9,,,0,25,,5748,9,,,0,64,,5727,9,,,0,25,,5738,9,,,0,24,,5751,9,,,0,65,,5736,9,,,0,24,,5741,9,,,0,65,,5750,9,,,0,24,,5733,9,,,0,25,,5752,9,,,0,65,,5737,9,,,0,26,,5734,9,,,0,65,,5725,9,,,0,26,,5743,9,,,0,65,,5749,9,,,0,47,,5739,9,,,0,87,,5746,9,,,0,87,,5732,9,,,0,87,,5740,9,,,0,46,,5726,9,,,0,86,,5744,9,,,0
10000,'9881fb63-ca97-484f-b0ca-1bb7e4ca8571',712,,5772,9,,,0,19,,5767,9,,,0,69,,5758,9,,,0,22,,5763,9,,,0,27,,5756,9,,,0,64,,5769,9,,,0,25,,5773,9,,,0,64,,5780,9,,,0,25,,5757,9,,,0,24,,5779,9,,,0,65,,5771,9,,,0,24,,5781,9,,,0,65,,5785,9,,,0,24,,5788,9,,,0,26,,5765,9,,,0,65,,5783,9,,,0,26,,5776,9,,,0,65,,5764,9,,,0,26,,5790,9,,,0,64,,5777,9,,,0,26,,5762,9,,,0,24,,5760,9,,,0,65,,5784,9,,,0,24,,5774,9,,,0,65,,5766,9,,,0,24,,5775,9,,,0,23,,5789,9,,,0,64,,5753,9,,,0,23,,5782,9,,,0,64,,5787,9,,,0,23,,5778,9,,,0,24,,5770,9,,,0,63,,5759,9,,,0,23,,5786,9,,,0,23,,5768,9,,,0,63,,5755,9,,,0,23,,5754,9,,,0,86,,5761,9,,,0
10000,'a06a7e47-f820-49a2-88af-ccffc941c6bc',746,,5807,9,,,0,64,,5821,9,,,0,25,,5792,9,,,0,24,,5794,9,,,0,65,,5798,9,,,0,24,,5803,9,,,0,65,,5800,9,,,0,24,,5822,9,,,0,65,,5814,9,,,0,24,,5811,9,,,0,25,,5826,9,,,0,64,,5802,9,,,0,25,,5819,9,,,0,64,,5801,9,,,0,25,,5813,9,,,0,24,,5820,9,,,0,65,,5791,9,,,0,24,,5823,9,,,0,65,,5824,9,,,0,25,,5818,9,,,0,26,,5808,9,,,0,65,,5809,9,,,0,26,,5793,9,,,0,65,,5799,9,,,0,26,,5815,9,,,0,65,,5796,9,,,0,22,,5806,9,,,0,25,,5816,9,,,0,62,,5805,9,,,0,25,,5797,9,,,0,62,,5810,9,,,0,25,,5795,9,,,0,21,,5825,9,,,0,65,,5817,9,,,0,22,,5804,9,,,0,86,,5812,9,,,0
10000,'af2e8e03-0a42-4469-a2b8-e03c803b7d24',748,,5833,9,,,0,89,,5838,9,,,0,89,,5847,9,,,0,89,,5834,9,,,0,89,,5846,9,,,0,24,,5830,9,,,0,25,,5848,9,,,0,64,,5841,9,,,0,25,,5843,9,,,0,64,,5850,9,,,0,25,,5840,9,,,0,24,,5845,9,,,0,65,,5842,9,,,0,24,,5827,9,,,0,65,,5837,9,,,0,24,,5854,9,,,0,25,,5852,9,,,0,65,,5836,9,,,0,26,,5831,9,,,0,65,,5839,9,,,0,26,,5849,9,,,0,65,,5828,9,,,0,47,,5851,9,,,0,87,,5829,9,,,0,87,,5835,9,,,0,87,,5853,9,,,0,46,,5844,9,,,0,86,,5832,9,,,0
10000,'f29e6a89-2c24-4546-a5bf-65191f526c55',748,,5881,9,,,0,89,,5872,9,,,0,89,,5878,9,,,0,89,,5858,9,,,0,89,,5862,9,,,0,24,,5868,9,,,0,25,,5875,9,,,0,64,,5882,9,,,0,25,,5876,9,,,0,64,,5865,9,,,0,25,,5879,9,,,0,24,,5866,9,,,0,65,,5871,9,,,0,24,,5855,9,,,0,65,,5869,9,,,0,24,,5870,9,,,0,25,,5863,9,,,0,65,,5880,9,,,0,26,,5859,9,,,0,65,,5874,9,,,0,26,,5877,9,,,0,65,,5860,9,,,0,47,,5856,9,,,0,87,,5864,9,,,0,87,,5873,9,,,0,87,,5867,9,,,0,46,,5857,9,,,0,86,,5861,9,,,0
1001200,'4bf8087f-7a14-48a7-b190-74a0cc4c73da',856,,6732,129,,,0,100,,6736,129,,,0,100,,6730,129,,,0,103,,6737,129,,,0,144,,6739,129,,,0,100,,6731,129,,,0,110,,6741,129,,,0,100,,6735,129,,,0,110,,6742,129,,,0,100,,6734,129,,,0,103,,6733,129,,,0,100,,6740,129,,,0,102,,6743,129,,,0,115,,6738,129,,,0
1001200,'8d01581c-cf93-4a74-9f42-0fb702955d15',856,,6745,129,,,0,100,,6757,129,,,0,100,,6750,129,,,0,103,,6755,129,,,0,144,,6747,129,,,0,100,,6754,129,,,0,110,,6744,129,,,0,100,,6751,129,,,0,110,,6749,129,,,0,100,,6752,129,,,0,103,,6748,129,,,0,100,,6746,129,,,0,102,,6753,129,,,0,100,,6756,129,,,0
1001200,'9881fb63-ca97-484f-b0ca-1bb7e4ca8571',558,,6759,12,,,0,68,,6788,129,,,0,32,,6776,129,,,0,74,,6785,129,,,0,72,,6769,129,,,0,30,,6781,129,,,0,75,,6762,129,,,0,35,,6783,129,,,0,70,,6770,129,,,0,30,,6789,129,,,0,75,,6780,129,,,0,35,,6764,129,,,0,70,,6778,129,,,0,30,,6784,129,,,0,75,,6761,129,,,0,75,,6782,129,,,0,35,,6786,129,,,0,75,,6767,129,,,0,35,,6773,129,,,0,75,,6768,129,,,0,35,,6777,129,,,0,75,,6787,129,,,0,75,,6771,129,,,0,28,,6775,129,,,0,75,,6766,129,,,0,35,,6760,129,,,0,75,,6779,129,,,0,30,,6772,129,,,0,70,,6763,129,,,0,100,,6774,129,,,0,100,,6758,129,,,0,105,,6765,129,,,0
1001200,'a06a7e47-f820-49a2-88af-ccffc941c6bc',709,,6795,129,,,0,31,,6793,129,,,0,70,,6791,129,,,0,30,,6805,129,,,0,70,,6799,129,,,0,30,,6810,129,,,0,73,,6800,129,,,0,30,,6813,129,,,0,70,,6811,129,,,0,38,,6816,129,,,0,70,,6792,129,,,0,30,,6817,129,,,0,70,,6819,129,,,0,80,,6796,129,,,0,30,,6807,129,,,0,70,,6794,129,,,0,30,,6815,129,,,0,80,,6814,129,,,0,30,,6802,129,,,0,70,,6818,129,,,0,30,,6804,129,,,0,80,,6808,129,,,0,30,,6812,129,,,0,70,,6809,129,,,0,30,,6798,129,,,0,73,,6806,129,,,0,30,,6801,129,,,0,70,,6803,129,,,0,100,,6820,129,,,0,100,,6790,129,,,0,100,,6797,129,,,0
1001200,'af2e8e03-0a42-4469-a2b8-e03c803b7d24',856,,6834,129,,,0,100,,6830,129,,,0,100,,6824,129,,,0,103,,6831,129,,,0,144,,6828,129,,,0,100,,6832,129,,,0,110,,6826,129,,,0,100,,6829,129,,,0,110,,6822,129,,,0,100,,6827,129,,,0,103,,6821,129,,,0,100,,6823,129,,,0,102,,6825,129,,,0,100,,6833,129,,,0
1001200,'f29e6a89-2c24-4546-a5bf-65191f526c55',856,,6848,129,,,0,100,,6842,129,,,0,100,,6840,129,,,0,103,,6841,129,,,0,144,,6844,129,,,0,100,,6837,129,,,0,110,,6839,129,,,0,100,,6838,129,,,0,110,,6847,129,,,0,100,,6836,129,,,0,103,,6843,129,,,0,100,,6845,129,,,0,102,,6835,129,,,0,100,,6846,129,,,0
