2000800,'4bf8087f-7a14-48a7-b190-74a0cc4c73da',1026,,7191,9,,,0,100,,7195,9,,,0,100,,7198,9,,,0,100,,7183,9,,,0,100,,7193,9,,,0,100,,7201,9,,,0,100,,7188,9,,,0,100,,7190,9,,,0,100,,7185,9,,,0,100,,7203,9,,,0,100,,7186,9,,,0,100,,7182,9,,,0,100,,7204,9,,,0
2000800,'8d01581c-cf93-4a74-9f42-0fb702955d15',1026,,7223,9,,,0,100,,7233,9,,,0,100,,7222,9,,,0,100,,7231,9,,,0,100,,7210,9,,,0,100,,7229,9,,,0,100,,7214,9,,,0,100,,7226,9,,,0,100,,7230,9,,,0,100,,7211,9,,,0,100,,7225,9,,,0,100,,7212,9,,,0,100,,7216,9,,,0
2000800,'9881fb63-ca97-484f-b0ca-1bb7e4ca8571',556,,7237,12,,,0,100,,7259,12,,,0,70,,7264,12,,,0,30,,7240,12,,,0,70,,7251,12,,,0,30,,7265,12,,,0,70,,7252,12,,,0,30,,7258,12,,,0,70,,7257,12,,,0,30,,7267,12,,,0,70,,7248,12,,,0,30,,7235,12,,,0,70,,7266,12,,,0,30,,7242,12,,,0,69,,7261,12,,,0,30,,7247,12,,,0,70,,7255,12,,,0,30,,7260,12,,,0,70,,7236,12,,,0,30,,7272,12,,,0,71,,7270,12,,,0,30,,7244,12,,,0,70,,7269,12,,,0,30,,7254,12,,,0,70,,7262,9,,,0,30,,7239,12,,,0,70,,7249,9,,,0,100,,7271,9,,,0,100,,7241,9,,,0,100,,7256,9,,,0,100,,7245,9,,,0,100,,7246,9,,,0
2000800,'a06a7e47-f820-49a2-88af-ccffc941c6bc',756,,7295,12,,,0,70,,7307,12,,,0,30,,7304,12,,,0,70,,7282,12,,,0,30,,7280,12,,,0,70,,7299,12,,,0,30,,7293,12,,,0,70,,7277,12,,,0,30,,7273,12,,,0,70,,7292,12,,,0,30,,7297,12,,,0,70,,7296,12,,,0,30,,7298,12,,,0,70,,7281,12,,,0,30,,7279,12,,,0,70,,7275,12,,,0,30,,7285,12,,,0,70,,7286,12,,,0,30,,7289,12,,,0,70,,7301,12,,,0,30,,7306,12,,,0,70,,7288,9,,,0,30,,7300,12,,,0,70,,7290,9,,,0,100,,7291,9,,,0,100,,7294,9,,,0,100,,7303,9,,,0,100,,7278,9,,,0,100,,7284,9,,,0
2000800,'af2e8e03-0a42-4469-a2b8-e03c803b7d24',1026,,7311,9,,,0,100,,7314,9,,,0,100,,7329,9,,,0,100,,7327,9,,,0,100,,7331,9,,,0,100,,7323,9,,,0,100,,7334,9,,,0,100,,7326,9,,,0,100,,7318,9,,,0,100,,7321,9,,,0,100,,7309,9,,,0,100,,7332,9,,,0,100,,7317,9,,,0
2000800,'f29e6a89-2c24-4546-a5bf-65191f526c55',1026,,7348,9,,,0,100,,7342,9,,,0,100,,7336,9,,,0,100,,7346,9,,,0,100,,7350,9,,,0,100,,7339,9,,,0,100,,7351,9,,,0,100,,7355,9,,,0,100,,7338,9,,,0,100,,7360,9,,,0,100,,7337,9,,,0,100,,7340,9,,,0,100,,7335,9,,,0
2001500,'8d01581c-cf93-4a74-9f42-0fb702955d15',806,,7607,8,,,0,36,,7614,8,,,0,76,,7619,8,,,0,38,,7610,8,,,0,78,,7603,8,,,0,76,,7613,8,,,0,36,,7605,8,,,0,76,,7621,8,,,0,36,,7609,8,,,0,78,,7612,8,,,0,76,,7608,8,,,0,36,,7618,8,,,0,76,,7617,8,,,0,76,,7620,8,,,0,36,,7622,8,,,0,78,,7606,8,,,0,36,,7604,8,,,0,76,,7616,8,,,0,76,,7611,8,,,0,36,,7615,8,,,0
2001500,'9881fb63-ca97-484f-b0ca-1bb7e4ca8571',620,,7633,8,,,0,37,,7641,8,,,0,78,,7635,8,,,0,82,,7624,8,,,0,40,,7638,8,,,0,80,,7639,8,,,0,80,,7627,8,,,0,40,,7634,8,,,0,80,,7631,8,,,0,80,,7626,8,,,0,42,,7637,8,,,0,82,,7625,8,,,0,82,,7623,8,,,0,82,,7630,8,,,0,40,,7628,8,,,0,80,,7629,8,,,0,80,,7643,8,,,0,42,,7642,8,,,0,82,,7632,8,,,0,82,,7636,8,,,0,40,,7640,8,,,0
2001500,'a06a7e47-f820-49a2-88af-ccffc941c6bc',806,,7654,8,,,0,36,,7657,8,,,0,76,,7662,8,,,0,38,,7655,8,,,0,78,,7659,8,,,0,76,,7650,8,,,0,36,,7648,8,,,0,76,,7660,8,,,0,36,,7647,8,,,0,78,,7656,8,,,0,76,,7652,8,,,0,36,,7653,8,,,0,76,,7644,8,,,0,76,,7661,8,,,0,36,,7663,8,,,0,78,,7645,8,,,0,36,,7658,8,,,0,76,,7649,8,,,0,76,,7651,8,,,0,36,,7646,8,,,0
2001500,'af2e8e03-0a42-4469-a2b8-e03c803b7d24',806,,7674,8,,,0,36,,7666,8,,,0,76,,7677,8,,,0,38,,7682,8,,,0,78,,7670,8,,,0,76,,7669,8,,,0,36,,7675,8,,,0,76,,7683,8,,,0,36,,7667,8,,,0,78,,7676,8,,,0,76,,7664,8,,,0,36,,7673,8,,,0,76,,7680,8,,,0,76,,7668,8,,,0,36,,7665,8,,,0,78,,7672,8,,,0,36,,7679,8,,,0,76,,7671,8,,,0,76,,7681,8,,,0,36,,7678,8,,,0
