10000,'4bf8087f-7a14-48a7-b190-74a0cc4c73da',748,,5700,8,,,0,89,,5717,8,,,0,89,,5702,8,,,0,89,,5705,8,,,0,89,,5715,8,,,0,24,,5712,8,,,0,25,,5710,8,,,0,64,,5699,8,,,0,25,,5698,8,,,0,64,,5697,8,,,0,25,,5707,8,,,0,24,,5709,8,,,0,65,,5723,8,,,0,24,,5720,8,,,0,65,,5716,8,,,0,24,,5721,8,,,0,25,,5713,8,,,0,65,,5704,8,,,0,26,,5722,8,,,0,65,,5719,8,,,0,26,,5724,8,,,0,65,,5718,8,,,0,47,,5703,8,,,0,87,,5714,8,,,0,87,,5708,8,,,0,87,,5711,8,,,0,46,,5706,8,,,0,86,,5701,8,,,0
10000,'8d01581c-cf93-4a74-9f42-0fb702955d15',748,,5728,8,,,0,89,,5745,8,,,0,89,,5747,8,,,0,89,,5730,8,,,0,89,,5729,8,,,0,24,,5731,8,,,0,25,,5742,8,,,0,64,,5735,8,,,0,25,,5748,8,,,0,64,,5727,8,,,0,25,,5738,8,,,0,24,,5751,8,,,0,65,,5736,8,,,0,24,,5741,8,,,0,65,,5750,8,,,0,24,,5733,8,,,0,25,,5752,8,,,0,65,,5737,8,,,0,26,,5734,8,,,0,65,,5725,8,,,0,26,,5743,8,,,0,65,,5749,8,,,0,47,,5739,8,,,0,87,,5746,8,,,0,87,,5732,8,,,0,87,,5740,8,,,0,46,,5726,8,,,0,86,,5744,8,,,0
10000,'9881fb63-ca97-484f-b0ca-1bb7e4ca8571',712,,5772,8,,,0,19,,5767,8,,,0,69,,5758,8,,,0,22,,5763,8,,,0,27,,5756,8,,,0,64,,5769,8,,,0,25,,5773,8,,,0,64,,5780,8,,,0,25,,5757,8,,,0,24,,5779,8,,,0,65,,5771,8,,,0,24,,5781,8,,,0,65,,5785,8,,,0,24,,5788,8,,,0,25,,5765,8,,,0,65,,5783,8,,,0,26,,5776,8,,,0,65,,5764,8,,,0,26,,5790,8,,,0,65,,5777,8,,,0,26,,5762,8,,,0,24,,5760,8,,,0,65,,5784,8,,,0,24,,5774,8,,,0,65,,5766,8,,,0,24,,5775,8,,,0,23,,5789,8,,,0,64,,5753,8,,,0,23,,5782,8,,,0,64,,5787,8,,,0,23,,5778,8,,,0,24,,5770,8,,,0,63,,5759,8,,,0,23,,5786,8,,,0,23,,5768,8,,,0,63,,5755,8,,,0,23,,5754,8,,,0,86,,5761,8,,,0
10000,'a06a7e47-f820-49a2-88af-ccffc941c6bc',746,,5807,8,,,0,64,,5821,8,,,0,25,,5792,8,,,0,24,,5794,8,,,0,65,,5798,8,,,0,24,,5803,8,,,0,65,,5800,8,,,0,24,,5822,8,,,0,65,,5814,8,,,0,24,,5811,8,,,0,25,,5826,8,,,0,64,,5802,8,,,0,25,,5819,8,,,0,64,,5801,8,,,0,25,,5813,8,,,0,24,,5820,8,,,0,65,,5791,8,,,0,24,,5823,8,,,0,65,,5824,8,,,0,25,,5818,8,,,0,26,,5808,8,,,0,65,,5809,8,,,0,26,,5793,8,,,0,65,,5799,8,,,0,26,,5815,8,,,0,65,,5796,8,,,0,22,,5806,8,,,0,25,,5816,8,,,0,62,,5805,8,,,0,25,,5797,8,,,0,62,,5810,8,,,0,25,,5795,8,,,0,21,,5825,8,,,0,65,,5817,8,,,0,22,,5804,8,,,0,86,,5812,8,,,0
10000,'af2e8e03-0a42-4469-a2b8-e03c803b7d24',748,,5833,8,,,0,89,,5838,8,,,0,89,,5847,8,,,0,89,,5834,8,,,0,89,,5846,8,,,0,24,,5830,8,,,0,25,,5848,8,,,0,64,,5841,8,,,0,25,,5843,8,,,0,64,,5850,8,,,0,25,,5840,8,,,0,24,,5845,8,,,0,65,,5842,8,,,0,24,,5827,8,,,0,65,,5837,8,,,0,24,,5854,8,,,0,25,,5852,8,,,0,65,,5836,8,,,0,26,,5831,8,,,0,65,,5839,8,,,0,26,,5849,8,,,0,65,,5828,8,,,0,47,,5851,8,,,0,87,,5829,8,,,0,87,,5835,8,,,0,87,,5853,8,,,0,46,,5844,8,,,0,86,,5832,8,,,0
10000,'f29e6a89-2c24-4546-a5bf-65191f526c55',748,,5881,8,,,0,89,,5872,8,,,0,89,,5878,8,,,0,89,,5858,8,,,0,89,,5862,8,,,0,24,,5868,8,,,0,25,,5875,8,,,0,64,,5882,8,,,0,25,,5876,8,,,0,64,,5865,8,,,0,25,,5879,8,,,0,24,,5866,8,,,0,65,,5871,8,,,0,24,,5855,8,,,0,65,,5869,8,,,0,24,,5870,8,,,0,25,,5863,8,,,0,65,,5880,8,,,0,26,,5859,8,,,0,65,,5874,8,,,0,26,,5877,8,,,0,65,,5860,8,,,0,47,,5856,8,,,0,87,,5864,8,,,0,87,,5873,8,,,0,87,,5867,8,,,0,46,,5857,8,,,0,86,,5861,8,,,0
1001200,'4bf8087f-7a14-48a7-b190-74a0cc4c73da',855,,6732,127,,,0,100,,6736,127,,,0,100,,6730,127,,,0,103,,6737,127,,,0,144,,6739,127,,,0,100,,6731,127,,,0,110,,6741,127,,,0,100,,6735,127,,,0,110,,6742,127,,,0,100,,6734,127,,,0,103,,6733,127,,,0,100,,6740,127,,,0,102,,6743,127,,,0,115,,6738,127,,,0
1001200,'8d01581c-cf93-4a74-9f42-0fb702955d15',855,,6745,127,,,0,100,,6757,127,,,0,100,,6750,127,,,0,103,,6755,127,,,0,144,,6747,127,,,0,100,,6754,127,,,0,110,,6744,127,,,0,100,,6751,127,,,0,110,,6749,127,,,0,100,,6752,127,,,0,103,,6748,127,,,0,100,,6746,127,,,0,102,,6753,127,,,0,100,,6756,127,,,0
1001200,'9881fb63-ca97-484f-b0ca-1bb7e4ca8571',558,,6759,10,,,0,67,,6788,127,,,0,32,,6776,127,,,0,74,,6785,127,,,0,72,,6769,127,,,0,30,,6781,127,,,0,75,,6762,127,,,0,35,,6783,127,,,0,70,,6770,127,,,0,30,,6789,127,,,0,75,,6780,127,,,0,35,,6764,127,,,0,70,,6778,127,,,0,30,,6784,127,,,0,75,,6761,127,,,0,75,,6782,127,,,0,35,,6786,127,,,0,75,,6767,127,,,0,35,,6773,127,,,0,75,,6768,127,,,0,35,,6777,127,,,0,75,,6787,127,,,0,75,,6771,127,,,0,28,,6775,127,,,0,75,,6766,127,,,0,35,,6760,127,,,0,75,,6779,127,,,0,30,,6772,127,,,0,70,,6763,127,,,0,100,,6774,127,,,0,100,,6758,127,,,0,105,,6765,127,,,0
1001200,'a06a7e47-f820-49a2-88af-ccffc941c6bc',709,,6795,127,,,0,30,,6793,127,,,0,70,,6791,127,,,0,30,,6805,127,,,0,70,,6799,127,,,0,30,,6810,127,,,0,73,,6800,127,,,0,30,,6813,127,,,0,70,,6811,127,,,0,38,,6816,127,,,0,70,,6792,127,,,0,30,,6817,127,,,0,70,,6819,127,,,0,80,,6796,127,,,0,30,,6807,127,,,0,70,,6794,127,,,0,30,,6815,127,,,0,80,,6814,127,,,0,30,,6802,127,,,0,70,,6818,127,,,0,30,,6804,127,,,0,80,,6808,127,,,0,30,,6812,127,,,0,70,,6809,127,,,0,30,,6798,127,,,0,73,,6806,127,,,0,30,,6801,127,,,0,70,,6803,127,,,0,100,,6820,127,,,0,100,,6790,127,,,0,100,,6797,127,,,0
1001200,'af2e8e03-0a42-4469-a2b8-e03c803b7d24',855,,6834,127,,,0,100,,6830,127,,,0,100,,6824,127,,,0,103,,6831,127,,,0,144,,6828,127,,,0,100,,6832,127,,,0,110,,6826,127,,,0,100,,6829,127,,,0,110,,6822,127,,,0,100,,6827,127,,,0,103,,6821,127,,,0,100,,6823,127,,,0,102,,6825,127,,,0,100,,6833,127,,,0
1001200,'f29e6a89-2c24-4546-a5bf-65191f526c55',855,,6848,127,,,0,100,,6842,127,,,0,100,,6840,127,,,0,103,,6841,127,,,0,144,,6844,127,,,0,100,,6837,127,,,0,110,,6839,127,,,0,100,,6838,127,,,0,110,,6847,127,,,0,100,,6836,127,,,0,103,,6843,127,,,0,100,,6845,127,,,0,102,,6835,127,,,0,100,,6846,127,,,0
