10000,'4bf8087f-7a14-48a7-b190-74a0cc4c73da',750,,5700,14,,,0,89,,5717,14,,,0,89,,5702,14,,,0,89,,5705,14,,,0,89,,5715,14,,,0,24,,5712,14,,,0,25,,5710,14,,,0,64,,5699,14,,,0,25,,5698,14,,,0,64,,5697,14,,,0,25,,5707,14,,,0,24,,5709,14,,,0,65,,5723,14,,,0,24,,5720,14,,,0,65,,5716,14,,,0,24,,5721,14,,,0,65,,5713,14,,,0,25,,5704,14,,,0,26,,5722,14,,,0,65,,5719,14,,,0,26,,5724,14,,,0,65,,5718,14,,,0,47,,5703,14,,,0,87,,5714,14,,,0,87,,5708,14,,,0,87,,5711,14,,,0,86,,5706,14,,,0,46,,5701,14,,,0
10000,'8d01581c-cf93-4a74-9f42-0fb702955d15',750,,5728,14,,,0,89,,5745,14,,,0,89,,5747,14,,,0,89,,5730,14,,,0,89,,5729,14,,,0,24,,5731,14,,,0,25,,5742,14,,,0,64,,5735,14,,,0,25,,5748,14,,,0,64,,5727,14,,,0,25,,5738,14,,,0,24,,5751,14,,,0,65,,5736,14,,,0,24,,5741,14,,,0,65,,5750,14,,,0,24,,5733,14,,,0,65,,5752,14,,,0,25,,5737,14,,,0,26,,5734,14,,,0,65,,5725,14,,,0,26,,5743,14,,,0,65,,5749,14,,,0,47,,5739,14,,,0,87,,5746,14,,,0,87,,5732,14,,,0,87,,5740,14,,,0,86,,5726,14,,,0,46,,5744,14,,,0
10000,'9881fb63-ca97-484f-b0ca-1bb7e4ca8571',714,,5772,14,,,0,19,,5767,14,,,0,69,,5758,14,,,0,22,,5763,14,,,0,27,,5756,14,,,0,64,,5769,14,,,0,25,,5773,14,,,0,64,,5780,14,,,0,25,,5757,14,,,0,24,,5779,14,,,0,65,,5771,14,,,0,24,,5781,14,,,0,65,,5785,14,,,0,24,,5788,14,,,0,26,,5765,14,,,0,65,,5783,14,,,0,26,,5776,14,,,0,65,,5764,14,,,0,26,,5790,14,,,0,64,,5777,14,,,0,26,,5762,14,,,0,24,,5760,14,,,0,65,,5784,14,,,0,24,,5774,14,,,0,65,,5766,14,,,0,24,,5775,14,,,0,23,,5789,14,,,0,64,,5753,14,,,0,23,,5782,14,,,0,64,,5787,14,,,0,23,,5778,14,,,0,24,,5770,14,,,0,63,,5759,14,,,0,23,,5786,14,,,0,63,,5768,14,,,0,23,,5755,14,,,0,23,,5754,14,,,0,86,,5761,14,,,0
10000,'a06a7e47-f820-49a2-88af-ccffc941c6bc',748,,5807,14,,,0,64,,5821,14,,,0,25,,5792,14,,,0,64,,5794,14,,,0,25,,5798,14,,,0,24,,5803,14,,,0,65,,5800,14,,,0,24,,5822,14,,,0,65,,5814,14,,,0,24,,5811,14,,,0,25,,5826,14,,,0,64,,5802,14,,,0,25,,5819,14,,,0,64,,5801,14,,,0,25,,5813,14,,,0,24,,5820,14,,,0,65,,5791,14,,,0,24,,5823,14,,,0,65,,5824,14,,,0,25,,5818,14,,,0,66,,5808,14,,,0,25,,5809,14,,,0,26,,5793,14,,,0,65,,5799,14,,,0,26,,5815,14,,,0,65,,5796,14,,,0,22,,5806,14,,,0,25,,5816,14,,,0,62,,5805,14,,,0,25,,5797,14,,,0,62,,5810,14,,,0,25,,5795,14,,,0,21,,5825,14,,,0,65,,5817,14,,,0,22,,5804,14,,,0,86,,5812,14,,,0
10000,'af2e8e03-0a42-4469-a2b8-e03c803b7d24',750,,5833,14,,,0,89,,5838,14,,,0,89,,5847,14,,,0,89,,5834,14,,,0,89,,5846,14,,,0,24,,5830,14,,,0,25,,5848,14,,,0,64,,5841,14,,,0,25,,5843,14,,,0,64,,5850,14,,,0,25,,5840,14,,,0,24,,5845,14,,,0,65,,5842,14,,,0,24,,5827,14,,,0,65,,5837,14,,,0,24,,5854,14,,,0,65,,5852,14,,,0,25,,5836,14,,,0,26,,5831,14,,,0,65,,5839,14,,,0,26,,5849,14,,,0,65,,5828,14,,,0,47,,5851,14,,,0,87,,5829,14,,,0,87,,5835,14,,,0,87,,5853,14,,,0,86,,5844,14,,,0,46,,5832,14,,,0
10000,'f29e6a89-2c24-4546-a5bf-65191f526c55',750,,5881,14,,,0,89,,5872,14,,,0,89,,5878,14,,,0,89,,5858,14,,,0,89,,5862,14,,,0,24,,5868,14,,,0,25,,5875,14,,,0,64,,5882,14,,,0,25,,5876,14,,,0,64,,5865,14,,,0,25,,5879,14,,,0,24,,5866,14,,,0,65,,5871,14,,,0,24,,5855,14,,,0,65,,5869,14,,,0,24,,5870,14,,,0,65,,5863,14,,,0,25,,5880,14,,,0,26,,5859,14,,,0,65,,5874,14,,,0,26,,5877,14,,,0,65,,5860,14,,,0,47,,5856,14,,,0,87,,5864,14,,,0,87,,5873,14,,,0,87,,5867,14,,,0,86,,5857,14,,,0,46,,5861,14,,,0
1001200,'4bf8087f-7a14-48a7-b190-74a0cc4c73da',858,,6732,132,,,0,100,,6736,132,,,0,100,,6730,132,,,0,143,,6737,132,,,0,104,,6739,132,,,0,100,,6731,132,,,0,110,,6741,132,,,0,100,,6735,132,,,0,110,,6742,132,,,0,100,,6734,132,,,0,103,,6733,132,,,0,100,,6740,132,,,0,102,,6743,132,,,0,115,,6738,132,,,0
1001200,'8d01581c-cf93-4a74-9f42-0fb702955d15',858,,6745,132,,,0,100,,6757,132,,,0,100,,6750,132,,,0,143,,6755,132,,,0,104,,6747,132,,,0,100,,6754,132,,,0,110,,6744,132,,,0,100,,6751,132,,,0,110,,6749,132,,,0,100,,6752,132,,,0,103,,6748,132,,,0,100,,6746,132,,,0,102,,6753,132,,,0,100,,6756,132,,,0
1001200,'9881fb63-ca97-484f-b0ca-1bb7e4ca8571',600,,6759,15,,,0,27,,6788,132,,,0,32,,6776,132,,,0,74,,6785,132,,,0,73,,6769,132,,,0,30,,6781,132,,,0,75,,6762,132,,,0,35,,6783,132,,,0,70,,6770,132,,,0,30,,6789,132,,,0,75,,6780,132,,,0,35,,6764,132,,,0,70,,6778,132,,,0,30,,6784,132,,,0,75,,6761,132,,,0,75,,6782,132,,,0,36,,6786,132,,,0,75,,6767,132,,,0,35,,6773,132,,,0,75,,6768,132,,,0,75,,6777,132,,,0,35,,6787,132,,,0,75,,6771,132,,,0,27,,6775,132,,,0,75,,6766,132,,,0,35,,6760,132,,,0,75,,6779,132,,,0,30,,6772,132,,,0,70,,6763,132,,,0,100,,6774,132,,,0,100,,6758,132,,,0,105,,6765,132,,,0
1001200,'a06a7e47-f820-49a2-88af-ccffc941c6bc',711,,6795,132,,,0,31,,6793,132,,,0,70,,6791,132,,,0,30,,6805,132,,,0,70,,6799,132,,,0,30,,6810,132,,,0,73,,6800,132,,,0,30,,6813,132,,,0,70,,6811,132,,,0,38,,6816,132,,,0,70,,6792,132,,,0,30,,6817,132,,,0,70,,6819,132,,,0,80,,6796,132,,,0,30,,6807,132,,,0,70,,6794,132,,,0,30,,6815,132,,,0,80,,6814,132,,,0,30,,6802,132,,,0,70,,6818,132,,,0,30,,6804,132,,,0,80,,6808,132,,,0,30,,6812,132,,,0,70,,6809,132,,,0,30,,6798,132,,,0,73,,6806,132,,,0,30,,6801,132,,,0,70,,6803,132,,,0,100,,6820,132,,,0,100,,6790,132,,,0,100,,6797,132,,,0
1001200,'af2e8e03-0a42-4469-a2b8-e03c803b7d24',858,,6834,132,,,0,100,,6830,132,,,0,100,,6824,132,,,0,143,,6831,132,,,0,104,,6828,132,,,0,100,,6832,132,,,0,110,,6826,132,,,0,100,,6829,132,,,0,110,,6822,132,,,0,100,,6827,132,,,0,103,,6821,132,,,0,100,,6823,132,,,0,102,,6825,132,,,0,100,,6833,132,,,0
1001200,'f29e6a89-2c24-4546-a5bf-65191f526c55',858,,6848,132,,,0,100,,6842,132,,,0,100,,6840,132,,,0,143,,6841,132,,,0,104,,6844,132,,,0,100,,6837,132,,,0,110,,6839,132,,,0,100,,6838,132,,,0,110,,6847,132,,,0,100,,6836,132,,,0,103,,6843,132,,,0,100,,6845,132,,,0,102,,6835,132,,,0,100,,6846,132,,,0
