1000700,'4bf8087f-7a14-48a7-b190-74a0cc4c73da',931,,6308,5,4,,0,100,,6309,210,4,,0,100,,6306,210,4,,0,100,,6300,210,4,,0,100,,6298,210,4,,0,100,,6305,210,4,,0,100,,6307,210,4,,0,100,,6299,210,4,,0,100,,6302,210,4,,0,100,,6297,210,4,,0,100,,6303,210,4,,0,100,,6301,210,4,,0,98,,6304,210,4,,0,122,,6296,210,4,,0
1000700,'8d01581c-cf93-4a74-9f42-0fb702955d15',931,,6317,5,4,,0,100,,6323,210,4,,0,100,,6320,210,4,,0,100,,6312,210,4,,0,100,,6315,210,4,,0,100,,6313,210,4,,0,100,,6318,210,4,,0,100,,6311,210,4,,0,100,,6316,210,4,,0,100,,6319,210,4,,0,100,,6321,210,4,,0,100,,6314,210,4,,0,98,,6310,210,4,,0
1000700,'9881fb63-ca97-484f-b0ca-1bb7e4ca8571',531,,6342,5,4,,0,70,,6327,5,4,,0,30,,6324,210,4,,0,70,,6335,210,4,,0,31,,6339,210,4,,0,23,,6353,210,4,,0,77,,6328,210,4,,0,23,,6346,210,4,,0,76,,6347,210,4,,0,70,,6344,210,4,,0,30,,6336,210,4,,0,70,,6352,210,4,,0,30,,6349,210,4,,0,70,,6354,210,4,,0,30,,6356,210,4,,0,70,,6357,210,4,,0,30,,6340,210,4,,0,70,,6331,210,4,,0,29,,6338,210,4,,0,70,,6329,210,4,,0,30,,6333,210,4,,0,70,,6343,210,4,,0,30,,6337,210,4,,0,70,,6341,210,4,,0,28,,6345,210,4,,0,30,,6326,210,4,,0,72,,6350,210,4,,0,70,,6330,210,4,,0,32,,6351,210,4,,0,98,,6348,210,4,,0,100,,6325,210,4,,0,98,,6332,210,4,,0,102,,6355,210,4,,0
1000700,'a06a7e47-f820-49a2-88af-ccffc941c6bc',631,,6375,5,4,,0,70,,6369,5,4,,0,31,,6366,210,4,,0,70,,6385,210,4,,0,30,,6383,210,4,,0,70,,6361,210,4,,0,29,,6358,210,4,,0,70,,6386,210,4,,0,30,,6378,210,4,,0,70,,6359,210,4,,0,30,,6364,210,4,,0,70,,6360,210,4,,0,30,,6370,210,4,,0,70,,6382,210,4,,0,30,,6389,210,4,,0,70,,6368,210,4,,0,30,,6380,210,4,,0,70,,6384,210,4,,0,30,,6381,210,4,,0,70,,6377,210,4,,0,30,,6374,210,4,,0,70,,6367,210,4,,0,30,,6363,210,4,,0,70,,6387,210,4,,0,30,,6379,210,4,,0,70,,6372,210,4,,0,30,,6362,210,4,,0,100,,6388,210,4,,0,98,,6365,210,4,,0,100,,6371,210,4,,0,100,,6376,210,4,,0
1000700,'af2e8e03-0a42-4469-a2b8-e03c803b7d24',931,,6402,5,4,,0,100,,6392,210,4,,0,100,,6390,210,4,,0,100,,6396,210,4,,0,100,,6399,210,4,,0,100,,6391,210,4,,0,100,,6401,210,4,,0,100,,6395,210,4,,0,100,,6400,210,4,,0,100,,6397,210,4,,0,100,,6394,210,4,,0,100,,6403,210,4,,0,98,,6393,210,4,,0
1000700,'f29e6a89-2c24-4546-a5bf-65191f526c55',931,,6417,5,4,,0,100,,6409,210,4,,0,100,,6411,210,4,,0,100,,6413,210,4,,0,100,,6406,210,4,,0,100,,6407,210,4,,0,100,,6415,210,4,,0,100,,6414,210,4,,0,100,,6410,210,4,,0,100,,6416,210,4,,0,100,,6408,210,4,,0,100,,6404,210,4,,0,98,,6412,210,4,,0
2000700,'4bf8087f-7a14-48a7-b190-74a0cc4c73da',931,,7070,0,,,0,100,,7076,0,,,0,100,,7067,0,,,0,100,,7074,0,,,0,100,,7075,0,,,0,100,,7078,0,,,0,100,,7073,0,,,0,100,,7069,0,,,0,100,,7068,0,,,0,102,,7065,0,,,0,100,,7066,0,,,0,100,,7077,0,,,0,100,,7071,0,,,0,120,,7072,0,,,0
2000700,'8d01581c-cf93-4a74-9f42-0fb702955d15',931,,7084,0,,,0,100,,7081,0,,,0,100,,7079,0,,,0,100,,7091,0,,,0,100,,7087,0,,,0,100,,7086,0,,,0,100,,7085,0,,,0,100,,7080,0,,,0,100,,7090,0,,,0,102,,7088,0,,,0,100,,7083,0,,,0,100,,7089,0,,,0,98,,7082,0,,,0
2000700,'9881fb63-ca97-484f-b0ca-1bb7e4ca8571',533,,7098,0,,,0,70,,7102,0,,,0,30,,7118,0,,,0,70,,7097,0,,,0,29,,7092,0,,,0,25,,7094,0,,,0,75,,7100,0,,,0,25,,7124,0,,,0,74,,7115,0,,,0,70,,7108,0,,,0,30,,7106,0,,,0,70,,7113,0,,,0,30,,7111,0,,,0,70,,7093,0,,,0,30,,7120,0,,,0,70,,7109,0,,,0,30,,7104,0,,,0,70,,7123,0,,,0,29,,7095,0,,,0,70,,7119,0,,,0,30,,7114,0,,,0,70,,7110,0,,,0,30,,7103,0,,,0,70,,7105,0,,,0,30,,7096,0,,,0,70,,7112,0,,,0,32,,7107,0,,,0,70,,7101,0,,,0,32,,7122,0,,,0,98,,7099,0,,,0,100,,7121,0,,,0,96,,7117,0,,,0,104,,7116,0,,,0
2000700,'a06a7e47-f820-49a2-88af-ccffc941c6bc',633,,7133,0,,,0,70,,7153,0,,,0,29,,7142,0,,,0,70,,7125,0,,,0,30,,7126,0,,,0,70,,7137,0,,,0,29,,7136,0,,,0,70,,7150,0,,,0,30,,7130,0,,,0,70,,7152,0,,,0,30,,7127,0,,,0,70,,7143,0,,,0,30,,7135,0,,,0,70,,7144,0,,,0,30,,7146,0,,,0,70,,7138,0,,,0,30,,7147,0,,,0,70,,7141,0,,,0,30,,7145,0,,,0,70,,7151,0,,,0,30,,7154,0,,,0,70,,7134,0,,,0,30,,7149,0,,,0,70,,7140,0,,,0,32,,7155,0,,,0,70,,7139,0,,,0,30,,7132,0,,,0,100,,7148,0,,,0,98,,7128,0,,,0,100,,7129,0,,,0,100,,7131,0,,,0
2000700,'af2e8e03-0a42-4469-a2b8-e03c803b7d24',931,,7166,0,,,0,100,,7160,0,,,0,100,,7161,0,,,0,100,,7157,0,,,0,100,,7167,0,,,0,100,,7158,0,,,0,100,,7165,0,,,0,100,,7164,0,,,0,100,,7159,0,,,0,102,,7163,0,,,0,100,,7156,0,,,0,100,,7162,0,,,0,98,,7168,0,,,0
2000700,'f29e6a89-2c24-4546-a5bf-65191f526c55',931,,7178,0,,,0,100,,7179,0,,,0,100,,7173,0,,,0,100,,7177,0,,,0,100,,7171,0,,,0,100,,7180,0,,,0,100,,7172,0,,,0,100,,7181,0,,,0,100,,7169,0,,,0,102,,7174,0,,,0,100,,7170,0,,,0,100,,7176,0,,,0,98,,7175,0,,,0
