10000,'4bf8087f-7a14-48a7-b190-74a0cc4c73da',814,,5700,113,,,0,89,,5717,113,,,0,49,,5702,113,,,0,89,,5705,113,,,0,89,,5715,113,,,0,24,,5712,113,,,0,65,,5710,113,,,0,24,,5699,113,,,0,65,,5698,113,,,0,24,,5697,113,,,0,25,,5707,113,,,0,64,,5709,113,,,0,25,,5723,113,,,0,64,,5720,113,,,0,25,,5716,113,,,0,24,,5721,113,,,0,65,,5713,113,,,0,25,,5704,113,,,0,66,,5722,113,,,0,25,,5719,113,,,0,65,,5724,113,,,0,25,,5718,113,,,0,87,,5703,113,,,0,87,,5714,113,,,0,47,,5708,113,,,0,86,,5711,113,,,0,86,,5706,113,,,0,86,,5701,113,,,0
10000,'8d01581c-cf93-4a74-9f42-0fb702955d15',814,,5728,113,,,0,89,,5745,113,,,0,49,,5747,113,,,0,89,,5730,113,,,0,89,,5729,113,,,0,24,,5731,113,,,0,65,,5742,113,,,0,24,,5735,113,,,0,65,,5748,113,,,0,24,,5727,113,,,0,25,,5738,113,,,0,64,,5751,113,,,0,25,,5736,113,,,0,64,,5741,113,,,0,25,,5750,113,,,0,24,,5733,113,,,0,65,,5752,113,,,0,25,,5737,113,,,0,66,,5734,113,,,0,25,,5725,113,,,0,65,,5743,113,,,0,25,,5749,113,,,0,87,,5739,113,,,0,87,,5746,113,,,0,47,,5732,113,,,0,86,,5740,113,,,0,86,,5726,113,,,0,86,,5744,113,,,0
10000,'9881fb63-ca97-484f-b0ca-1bb7e4ca8571',737,,5772,113,,,0,20,,5767,113,,,0,69,,5758,113,,,0,22,,5763,113,,,0,67,,5756,113,,,0,24,,5769,113,,,0,65,,5773,113,,,0,24,,5780,113,,,0,25,,5757,113,,,0,64,,5779,113,,,0,25,,5771,113,,,0,64,,5781,113,,,0,25,,5785,113,,,0,24,,5788,113,,,0,67,,5765,113,,,0,25,,5783,113,,,0,66,,5776,113,,,0,25,,5764,113,,,0,66,,5790,113,,,0,23,,5777,113,,,0,26,,5762,113,,,0,64,,5760,113,,,0,25,,5784,113,,,0,64,,5774,113,,,0,24,,5766,113,,,0,24,,5775,113,,,0,63,,5789,113,,,0,24,,5753,113,,,0,63,,5782,113,,,0,24,,5787,113,,,0,23,,5778,113,,,0,63,,5770,113,,,0,23,,5759,113,,,0,63,,5786,113,,,0,23,,5768,113,,,0,23,,5755,113,,,0,63,,5754,113,,,0,46,,5761,113,,,0
10000,'a06a7e47-f820-49a2-88af-ccffc941c6bc',812,,5807,113,,,0,24,,5821,113,,,0,65,,5792,113,,,0,24,,5794,113,,,0,25,,5798,113,,,0,64,,5803,113,,,0,25,,5800,113,,,0,64,,5822,113,,,0,25,,5814,113,,,0,24,,5811,113,,,0,65,,5826,113,,,0,24,,5802,113,,,0,65,,5819,113,,,0,24,,5801,113,,,0,25,,5813,113,,,0,64,,5820,113,,,0,25,,5791,113,,,0,64,,5823,113,,,0,25,,5824,113,,,0,25,,5818,113,,,0,66,,5808,113,,,0,25,,5809,113,,,0,66,,5793,113,,,0,25,,5799,113,,,0,65,,5815,113,,,0,25,,5796,113,,,0,22,,5806,113,,,0,65,,5816,113,,,0,22,,5805,113,,,0,65,,5797,113,,,0,21,,5810,113,,,0,25,,5795,113,,,0,61,,5825,113,,,0,25,,5817,113,,,0,22,,5804,113,,,0,86,,5812,113,,,0
10000,'af2e8e03-0a42-4469-a2b8-e03c803b7d24',814,,5833,113,,,0,89,,5838,113,,,0,49,,5847,113,,,0,89,,5834,113,,,0,89,,5846,113,,,0,24,,5830,113,,,0,65,,5848,113,,,0,24,,5841,113,,,0,65,,5843,113,,,0,24,,5850,113,,,0,25,,5840,113,,,0,64,,5845,113,,,0,25,,5842,113,,,0,64,,5827,113,,,0,25,,5837,113,,,0,24,,5854,113,,,0,65,,5852,113,,,0,25,,5836,113,,,0,66,,5831,113,,,0,25,,5839,113,,,0,65,,5849,113,,,0,25,,5828,113,,,0,87,,5851,113,,,0,87,,5829,113,,,0,47,,5835,113,,,0,86,,5853,113,,,0,86,,5844,113,,,0,86,,5832,113,,,0
10000,'f29e6a89-2c24-4546-a5bf-65191f526c55',814,,5881,113,,,0,89,,5872,113,,,0,49,,5878,113,,,0,89,,5858,113,,,0,89,,5862,113,,,0,24,,5868,113,,,0,65,,5875,113,,,0,24,,5882,113,,,0,65,,5876,113,,,0,24,,5865,113,,,0,25,,5879,113,,,0,64,,5866,113,,,0,25,,5871,113,,,0,64,,5855,113,,,0,25,,5869,113,,,0,24,,5870,113,,,0,65,,5863,113,,,0,25,,5880,113,,,0,66,,5859,113,,,0,25,,5874,113,,,0,65,,5877,113,,,0,25,,5860,113,,,0,87,,5856,113,,,0,87,,5864,113,,,0,47,,5873,113,,,0,86,,5867,113,,,0,86,,5857,113,,,0,86,,5861,113,,,0
2000801,'4bf8087f-7a14-48a7-b190-74a0cc4c73da',952,,7362,49,,,0,100,,7371,49,,,0,100,,7368,49,,,0,100,,7364,49,,,0,100,,7367,49,,,0,100,,7365,49,,,0,100,,7374,49,,,0,100,,7369,49,,,0,100,,7370,49,,,0,100,,7361,49,,,0,98,,7366,49,,,0,100,,7373,49,,,0,100,,7372,49,,,0
2000801,'8d01581c-cf93-4a74-9f42-0fb702955d15',952,,7376,49,,,0,100,,7384,49,,,0,100,,7377,49,,,0,100,,7381,49,,,0,100,,7387,49,,,0,100,,7382,49,,,0,100,,7388,49,,,0,100,,7383,49,,,0,100,,7385,49,,,0,100,,7386,49,,,0,98,,7375,49,,,0,100,,7378,49,,,0,100,,7379,41,,,0
2000801,'9881fb63-ca97-484f-b0ca-1bb7e4ca8571',553,,7401,49,,,0,70,,7405,49,,,0,30,,7391,31,,,0,70,,7399,49,,,0,29,,7404,49,,,0,70,,7396,49,,,0,30,,7393,49,,,0,70,,7418,49,,,0,30,,7402,49,,,0,70,,7400,49,,,0,30,,7411,49,,,0,70,,7406,49,,,0,30,,7416,49,,,0,70,,7414,49,,,0,30,,7398,49,,,0,70,,7417,49,,,0,30,,7390,31,,,0,71,,7397,49,,,0,30,,7422,49,,,0,70,,7403,49,,,0,30,,7409,49,,,0,71,,7408,49,,,0,31,,7419,49,,,0,69,,7415,49,,,0,30,,7421,49,,,0,70,,7395,41,,,0,31,,7410,49,,,0,98,,7394,49,,,0,100,,7407,49,,,0,100,,7413,49,,,0,100,,7412,49,,,0,100,,7420,41,,,0
2000801,'a06a7e47-f820-49a2-88af-ccffc941c6bc',722,,7423,49,,,0,30,,7431,49,,,0,70,,7428,49,,,0,30,,7433,49,,,0,70,,7435,49,,,0,30,,7440,49,,,0,70,,7424,49,,,0,30,,7432,49,,,0,70,,7444,49,,,0,30,,7451,49,,,0,70,,7452,49,,,0,30,,7447,49,,,0,70,,7453,49,,,0,30,,7426,49,,,0,70,,7448,49,,,0,30,,7450,49,,,0,70,,7438,49,,,0,30,,7430,49,,,0,72,,7434,49,,,0,30,,7429,49,,,0,70,,7436,49,,,0,30,,7441,49,,,0,70,,7442,41,,,0,31,,7437,49,,,0,98,,7443,49,,,0,100,,7427,49,,,0,100,,7445,49,,,0,100,,7449,49,,,0,100,,7439,41,,,0
2000801,'af2e8e03-0a42-4469-a2b8-e03c803b7d24',952,,7465,49,,,0,100,,7454,49,,,0,100,,7467,49,,,0,100,,7460,49,,,0,100,,7457,49,,,0,100,,7459,49,,,0,100,,7458,49,,,0,100,,7461,49,,,0,100,,7466,49,,,0,100,,7464,49,,,0,98,,7463,49,,,0,100,,7456,49,,,0,100,,7462,41,,,0
2000801,'f29e6a89-2c24-4546-a5bf-65191f526c55',952,,7477,49,,,0,100,,7473,49,,,0,100,,7478,49,,,0,100,,7476,49,,,0,100,,7481,49,,,0,100,,7468,49,,,0,100,,7469,49,,,0,100,,7479,49,,,0,100,,7480,49,,,0,100,,7471,49,,,0,98,,7475,49,,,0,100,,7470,49,,,0,100,,7474,41,,,0
