10000,'4bf8087f-7a14-48a7-b190-74a0cc4c73da',752,,5700,15,,,0,89,,5717,15,,,0,89,,5702,15,,,0,89,,5705,15,,,0,89,,5715,15,,,0,24,,5712,15,,,0,25,,5710,15,,,0,64,,5699,15,,,0,25,,5698,15,,,0,64,,5697,15,,,0,25,,5707,15,,,0,24,,5709,15,,,0,65,,5723,15,,,0,24,,5720,15,,,0,65,,5716,15,,,0,24,,5721,15,,,0,65,,5713,15,,,0,25,,5704,15,,,0,26,,5722,15,,,0,65,,5719,15,,,0,25,,5724,15,,,0,65,,5718,15,,,0,47,,5703,15,,,0,87,,5714,15,,,0,87,,5708,15,,,0,87,,5711,15,,,0,86,,5706,15,,,0,46,,5701,15,,,0
10000,'8d01581c-cf93-4a74-9f42-0fb702955d15',752,,5728,15,,,0,89,,5745,15,,,0,89,,5747,15,,,0,89,,5730,15,,,0,89,,5729,15,,,0,24,,5731,15,,,0,25,,5742,15,,,0,64,,5735,15,,,0,25,,5748,15,,,0,64,,5727,15,,,0,25,,5738,15,,,0,24,,5751,15,,,0,65,,5736,15,,,0,24,,5741,15,,,0,65,,5750,15,,,0,24,,5733,15,,,0,65,,5752,15,,,0,25,,5737,15,,,0,26,,5734,15,,,0,65,,5725,15,,,0,25,,5743,15,,,0,65,,5749,15,,,0,47,,5739,15,,,0,87,,5746,15,,,0,87,,5732,15,,,0,87,,5740,15,,,0,86,,5726,15,,,0,46,,5744,15,,,0
10000,'9881fb63-ca97-484f-b0ca-1bb7e4ca8571',716,,5772,15,,,0,19,,5767,15,,,0,69,,5758,15,,,0,22,,5763,15,,,0,27,,5756,15,,,0,64,,5769,15,,,0,25,,5773,15,,,0,64,,5780,15,,,0,25,,5757,15,,,0,24,,5779,15,,,0,65,,5771,15,,,0,24,,5781,15,,,0,65,,5785,15,,,0,24,,5788,15,,,0,25,,5765,15,,,0,65,,5783,15,,,0,26,,5776,15,,,0,65,,5764,15,,,0,26,,5790,15,,,0,65,,5777,15,,,0,26,,5762,15,,,0,24,,5760,15,,,0,65,,5784,15,,,0,24,,5774,15,,,0,64,,5766,15,,,0,24,,5775,15,,,0,23,,5789,15,,,0,64,,5753,15,,,0,23,,5782,15,,,0,64,,5787,15,,,0,23,,5778,15,,,0,24,,5770,15,,,0,63,,5759,15,,,0,23,,5786,15,,,0,63,,5768,15,,,0,23,,5755,15,,,0,23,,5754,15,,,0,86,,5761,15,,,0
10000,'a06a7e47-f820-49a2-88af-ccffc941c6bc',750,,5807,15,,,0,64,,5821,15,,,0,25,,5792,15,,,0,64,,5794,15,,,0,25,,5798,15,,,0,24,,5803,15,,,0,65,,5800,15,,,0,24,,5822,15,,,0,65,,5814,15,,,0,24,,5811,15,,,0,25,,5826,15,,,0,64,,5802,15,,,0,25,,5819,15,,,0,64,,5801,15,,,0,25,,5813,15,,,0,24,,5820,15,,,0,65,,5791,15,,,0,24,,5823,15,,,0,65,,5824,15,,,0,25,,5818,15,,,0,66,,5808,15,,,0,25,,5809,15,,,0,26,,5793,15,,,0,65,,5799,15,,,0,25,,5815,15,,,0,65,,5796,15,,,0,22,,5806,15,,,0,25,,5816,15,,,0,62,,5805,15,,,0,25,,5797,15,,,0,62,,5810,15,,,0,25,,5795,15,,,0,21,,5825,15,,,0,65,,5817,15,,,0,22,,5804,15,,,0,86,,5812,15,,,0
10000,'af2e8e03-0a42-4469-a2b8-e03c803b7d24',752,,5833,15,,,0,89,,5838,15,,,0,89,,5847,15,,,0,89,,5834,15,,,0,89,,5846,15,,,0,24,,5830,15,,,0,25,,5848,15,,,0,64,,5841,15,,,0,25,,5843,15,,,0,64,,5850,15,,,0,25,,5840,15,,,0,24,,5845,15,,,0,65,,5842,15,,,0,24,,5827,15,,,0,65,,5837,15,,,0,24,,5854,15,,,0,65,,5852,15,,,0,25,,5836,15,,,0,26,,5831,15,,,0,65,,5839,15,,,0,25,,5849,15,,,0,65,,5828,15,,,0,47,,5851,15,,,0,87,,5829,15,,,0,87,,5835,15,,,0,87,,5853,15,,,0,86,,5844,15,,,0,46,,5832,15,,,0
10000,'f29e6a89-2c24-4546-a5bf-65191f526c55',752,,5881,15,,,0,89,,5872,15,,,0,89,,5878,15,,,0,89,,5858,15,,,0,89,,5862,15,,,0,24,,5868,15,,,0,25,,5875,15,,,0,64,,5882,15,,,0,25,,5876,15,,,0,64,,5865,15,,,0,25,,5879,15,,,0,24,,5866,15,,,0,65,,5871,15,,,0,24,,5855,15,,,0,65,,5869,15,,,0,24,,5870,15,,,0,65,,5863,15,,,0,25,,5880,15,,,0,26,,5859,15,,,0,65,,5874,15,,,0,25,,5877,15,,,0,65,,5860,15,,,0,47,,5856,15,,,0,87,,5864,15,,,0,87,,5873,15,,,0,87,,5867,15,,,0,86,,5857,15,,,0,46,,5861,15,,,0
1001200,'4bf8087f-7a14-48a7-b190-74a0cc4c73da',900,,6732,133,,,0,100,,6736,133,,,0,100,,6730,133,,,0,103,,6737,133,,,0,104,,6739,133,,,0,100,,6731,133,,,0,110,,6741,133,,,0,100,,6735,133,,,0,110,,6742,133,,,0,100,,6734,133,,,0,103,,6733,133,,,0,100,,6740,133,,,0,102,,6743,133,,,0,115,,6738,133,,,0
1001200,'8d01581c-cf93-4a74-9f42-0fb702955d15',900,,6745,133,,,0,100,,6757,133,,,0,100,,6750,133,,,0,103,,6755,133,,,0,104,,6747,133,,,0,100,,6754,133,,,0,110,,6744,133,,,0,100,,6751,133,,,0,110,,6749,133,,,0,100,,6752,133,,,0,103,,6748,133,,,0,100,,6746,133,,,0,102,,6753,133,,,0,100,,6756,133,,,0
1001200,'9881fb63-ca97-484f-b0ca-1bb7e4ca8571',601,,6759,16,,,0,28,,6788,133,,,0,72,,6776,133,,,0,34,,6785,133,,,0,73,,6769,133,,,0,30,,6781,133,,,0,75,,6762,133,,,0,35,,6783,133,,,0,70,,6770,133,,,0,30,,6789,133,,,0,75,,6780,133,,,0,35,,6764,133,,,0,70,,6778,133,,,0,30,,6784,133,,,0,75,,6761,133,,,0,75,,6782,133,,,0,35,,6786,133,,,0,75,,6767,133,,,0,35,,6773,133,,,0,75,,6768,133,,,0,75,,6777,133,,,0,35,,6787,133,,,0,75,,6771,133,,,0,28,,6775,133,,,0,75,,6766,133,,,0,35,,6760,133,,,0,75,,6779,133,,,0,30,,6772,133,,,0,70,,6763,133,,,0,100,,6774,133,,,0,100,,6758,133,,,0,105,,6765,133,,,0
1001200,'a06a7e47-f820-49a2-88af-ccffc941c6bc',712,,6795,133,,,0,32,,6793,133,,,0,70,,6791,133,,,0,30,,6805,133,,,0,70,,6799,133,,,0,30,,6810,133,,,0,73,,6800,133,,,0,30,,6813,133,,,0,70,,6811,133,,,0,38,,6816,133,,,0,70,,6792,133,,,0,30,,6817,133,,,0,70,,6819,133,,,0,80,,6796,133,,,0,30,,6807,133,,,0,70,,6794,133,,,0,30,,6815,133,,,0,80,,6814,133,,,0,30,,6802,133,,,0,70,,6818,133,,,0,30,,6804,133,,,0,80,,6808,133,,,0,30,,6812,133,,,0,70,,6809,133,,,0,30,,6798,133,,,0,73,,6806,133,,,0,30,,6801,133,,,0,70,,6803,133,,,0,100,,6820,133,,,0,100,,6790,133,,,0,100,,6797,133,,,0
1001200,'af2e8e03-0a42-4469-a2b8-e03c803b7d24',900,,6834,133,,,0,100,,6830,133,,,0,100,,6824,133,,,0,103,,6831,133,,,0,104,,6828,133,,,0,100,,6832,133,,,0,110,,6826,133,,,0,100,,6829,133,,,0,110,,6822,133,,,0,100,,6827,133,,,0,103,,6821,133,,,0,100,,6823,133,,,0,102,,6825,133,,,0,100,,6833,133,,,0
1001200,'f29e6a89-2c24-4546-a5bf-65191f526c55',900,,6848,133,,,0,100,,6842,133,,,0,100,,6840,133,,,0,103,,6841,133,,,0,104,,6844,133,,,0,100,,6837,133,,,0,110,,6839,133,,,0,100,,6838,133,,,0,110,,6847,133,,,0,100,,6836,133,,,0,103,,6843,133,,,0,100,,6845,133,,,0,102,,6835,133,,,0,100,,6846,133,,,0
