1000,1,1,0
1000,485,2,0
1000,607,3,0
1000,696,4,0
1000,700,5,0
1000,248,6,0
1000,894,7,0
1000,895,8,0
1000,281,9,0
1000,324,10,0
1000,322,11,0
1000,897,12,0
1000,898,13,0
1000,899,14,0
1000,947,15,0
1000,230,16,0
1000,242,17,0
1000,246,18,0
1000,240,19,0
1000,457,20,0
1000,470,21,0
1000,468,22,0
1000,451,23,0
1000,461,24,0
1000,467,25,0
1000,463,26,0
1000,454,27,0
1000,455,28,0
1000,441,29,0
1000,449,30,0
1000,443,31,0
1000,445,32,0
1000,926,33,0
1000,927,34,0
1000,224,35,0
1000,223,36,0
1000,215,37,0
1000,328,38,0
1000,335,39,0
1000,941,40,0
1000,403,41,0
1000,942,42,0
1000,943,43,0
1000,944,44,0
1000,583,45,0
1000,584,46,0
1000,588,47,0
1000,946,48,0
1000,191,49,0
1000,187,50,0
1000,486,51,0
1100,1,1,0
1100,485,2,0
1100,188,3,0
1100,192,4,0
1100,558,5,0
1100,587,6,0
1100,585,7,0
1100,586,8,0
1100,936,9,0
1100,567,10,0
1100,568,11,0
1100,408,12,0
1100,940,13,0
1100,331,14,0
1100,327,15,0
1100,216,16,0
1100,222,17,0
1100,950,18,0
1100,928,19,0
1100,929,20,0
1100,444,21,0
1100,446,22,0
1100,447,23,0
1100,440,24,0
1100,453,25,0
1100,462,26,0
1100,466,27,0
1100,460,28,0
1100,450,29,0
1100,452,30,0
1100,469,31,0
1100,458,32,0
1100,241,33,0
1100,247,34,0
1100,243,35,0
1100,231,36,0
1100,915,37,0
1100,916,38,0
1100,419,39,0
1100,421,40,0
1100,921,41,0
1100,922,42,0
1100,890,43,0
1100,891,44,0
1100,422,45,0
1100,925,46,0
1100,249,47,0
1100,699,48,0
1100,695,49,0
1100,608,50,0
1100,486,51,0
10000,1,1,0
10000,485,2,0
10000,73,3,0
10000,67,4,0
10000,57,5,0
10000,59,6,0
10000,65,7,0
10000,61,8,0
10000,70,9,0
10000,441,10,0
10000,443,11,0
10000,445,12,0
10000,634,13,0
10000,106,14,0
10000,108,15,0
10000,330,16,0
10000,559,17,0
10000,326,18,0
10000,402,19,0
10000,411,20,0
10000,407,21,0
10000,399,22,0
10000,131,23,0
10000,191,24,0
10000,88,25,0
10100,1,1,0
10100,89,2,0
10100,192,3,0
10100,128,4,0
10100,400,5,0
10100,409,6,0
10100,410,7,0
10100,401,8,0
10100,325,9,0
10100,569,10,0
10100,330,11,0
10100,109,12,0
10100,107,13,0
10100,628,14,0
10100,444,15,0
10100,446,16,0
10100,440,17,0
10100,69,18,0
10100,60,19,0
10100,58,20,0
10100,62,21,0
10100,64,22,0
10100,68,23,0
10100,74,24,0
10100,75,25,0
10100,486,26,0
40000,777,1,0
40000,968,2,0
40000,662,3,0
40000,295,4,0
40000,296,5,0
40000,63,6,0
40000,329,7,0
40000,612,8,1
40001,612,1,0
40001,330,2,0
40001,62,3,0
40001,294,4,0
40001,307,5,0
40001,847,6,0
40001,969,7,0
40001,777,8,1
1000200,777,1,0
1000200,737,2,0
1000200,506,3,0
1000200,524,4,0
1000200,526,5,0
1000200,536,6,0
1000200,538,7,0
1000200,661,8,0
1000200,659,9,0
1000200,671,10,0
1000200,664,11,0
1000200,662,12,0
1000200,824,13,0
1000200,826,14,0
1000200,827,15,0
1000200,828,16,0
1000200,829,17,0
1000200,830,18,0
1000200,831,19,0
1000200,836,20,0
1000200,835,21,0
1000200,627,22,0
1000200,604,23,0
1000200,603,24,0
1000200,286,25,0
1000200,283,26,0
1000200,262,27,0
1000200,271,28,0
1000200,277,29,0
1000200,274,30,0
1000200,266,31,0
1000200,272,32,0
1000200,270,33,0
1000200,275,34,0
1000200,1,35,1
1000700,777,1,0
1000700,737,2,0
1000700,506,3,0
1000700,867,4,0
1000700,848,5,0
1000700,850,6,0
1000700,851,7,0
1000700,852,8,0
1000700,199,9,0
1000700,200,10,0
1000700,665,11,0
1000700,533,12,0
1000700,530,13,0
1000700,853,14,0
1000700,855,15,0
1000700,494,16,0
1000700,492,17,0
1000700,487,18,0
1000700,504,19,0
1000700,499,20,0
1000700,500,21,0
1000700,489,22,0
1000700,41,23,0
1000700,36,24,0
1000700,32,25,0
1000700,35,26,0
1000700,38,27,0
1000700,576,28,0
1000700,578,29,0
1000700,573,30,0
1000700,579,31,0
1000700,582,32,0
1000700,646,33,0
1000700,642,34,0
1000700,648,35,0
1000700,652,36,0
1000700,7322,37,0
1000700,147,38,0
1000700,149,39,0
1000700,152,40,0
1000700,150,41,0
1000700,872,42,0
1000700,1,43,0
1000700,485,44,0
1000700,73,45,0
1000700,67,46,0
1000700,348,47,0
1000700,340,48,0
1000700,347,49,0
1000700,354,50,0
1000700,937,51,0
1000700,938,52,0
1000700,939,53,0
1000700,331,54,1
1000800,777,1,0
1000800,506,2,0
1000800,524,3,0
1000800,526,4,0
1000800,536,5,0
1000800,538,6,0
1000800,533,7,0
1000800,530,8,0
1000800,308,9,0
1000800,299,10,0
1000800,46,11,0
1000800,49,12,0
1000800,47,13,0
1000800,473,14,0
1000800,548,15,0
1000800,606,16,0
1000800,552,17,0
1000800,545,18,0
1000800,542,19,0
1000800,543,20,0
1000800,547,21,0
1000800,488,22,0
1000800,493,23,0
1000800,495,24,0
1000800,291,25,0
1000800,305,26,0
1000800,313,27,0
1000800,295,28,0
1000800,983,29,0
1000800,296,30,0
1000800,301,31,0
1000800,873,32,0
1000800,817,33,0
1000800,7320,34,0
1000800,147,35,0
1000800,115,36,0
1000800,8,37,0
1000800,21,38,0
1000800,29,39,0
1000800,5,40,0
1000800,266,41,0
1000800,272,42,0
1000800,270,43,0
1000800,275,44,0
1000800,1,45,0
1000800,485,46,0
1000800,188,47,0
1000800,192,48,0
1000800,189,49,0
1000800,194,50,0
1000800,186,51,0
1000800,128,52,0
1000800,141,53,0
1000800,139,54,0
1000800,136,55,0
1000800,143,56,0
1000800,129,57,0
1000800,182,58,0
1000800,184,59,0
1000800,183,60,0
1000800,414,61,0
1000800,409,62,0
1000800,410,63,0
1000800,401,64,0
1000800,406,65,0
1000800,325,66,0
1000800,332,67,0
1000800,612,68,0
1000800,569,69,0
1000800,330,70,1
1000801,330,1,0
1000801,109,2,0
1000801,104,3,0
1000801,107,4,0
1000801,628,5,0
1000801,633,6,0
1000801,632,7,0
1000801,444,8,0
1000801,446,9,0
1000801,447,10,0
1000801,440,11,0
1000801,453,12,0
1000801,912,13,0
1000801,913,14,0
1000801,914,15,0
1000801,232,16,0
1000801,238,17,0
1000801,244,18,0
1000801,15,19,0
1000801,4,20,0
1000801,23,21,0
1000801,12,22,0
1000801,24,23,0
1000801,18,24,0
1000801,249,25,0
1000801,699,26,0
1000801,697,27,0
1000801,695,28,0
1000801,608,29,0
1000801,486,30,0
1000801,1,31,0
1000801,144,32,0
1000801,151,33,0
1000801,148,34,0
1000801,146,35,0
1000801,310,36,0
1000801,168,37,0
1000801,165,38,0
1000801,173,39,0
1000801,166,40,0
1000801,716,41,0
1000801,712,42,0
1000801,718,43,0
1000801,719,44,0
1000801,709,45,0
1000801,707,46,0
1000801,705,47,0
1000801,722,48,0
1000801,800,49,0
1000801,801,50,0
1000801,725,51,0
1000801,953,52,0
1000801,955,53,0
1000801,956,54,0
1000801,957,55,0
1000801,516,56,0
1000801,511,57,0
1000801,512,58,0
1000801,741,59,0
1000801,675,60,0
1000801,987,61,0
1000801,777,62,1
1001200,725,1,0
1001200,510,2,0
1001200,515,3,0
1001200,596,4,0
1001200,602,5,0
1001200,595,6,0
1001200,600,7,0
1001200,121,8,0
1001200,117,9,0
1001200,802,10,0
1001200,972,11,0
1001200,774,12,0
1001200,878,13,0
1001200,879,14,0
1001200,751,15,0
1001200,124,16,0
1001200,678,17,0
1001200,675,18,0
1001200,672,19,0
1001200,681,20,0
1001200,932,21,0
1001200,933,22,0
1001200,756,23,0
1001200,757,24,0
1001200,97,25,0
1001200,777,26,0
1001200,736,27,0
1001200,90,28,0
1001200,968,29,0
1001200,8300,30,0
1001200,95,31,0
1001200,102,32,0
1001200,54,33,0
1001200,56,34,0
1001200,55,35,0
1001200,386,36,0
1001200,817,37,0
1001200,7320,38,0
1001200,147,39,0
1001200,149,40,0
1001200,152,41,0
1001200,150,42,0
1001200,872,43,0
1001200,1,44,0
1001200,485,45,0
1001200,73,46,0
1001200,67,47,0
1001200,57,48,0
1001200,59,49,0
1001200,65,50,0
1001200,61,51,0
1001200,70,52,0
1001200,71,53,0
1001200,76,54,1
2000200,1,1,0
2000200,278,2,0
2000200,276,3,0
2000200,269,4,0
2000200,268,5,0
2000200,265,6,0
2000200,273,7,0
2000200,934,8,0
2000200,893,9,0
2000200,263,10,0
2000200,282,11,0
2000200,285,12,0
2000200,288,13,0
2000200,610,14,0
2000200,626,15,0
2000200,834,16,0
2000200,837,17,0
2000200,839,18,0
2000200,840,19,0
2000200,841,20,0
2000200,842,21,0
2000200,843,22,0
2000200,844,23,0
2000200,846,24,0
2000200,847,25,0
2000200,663,26,0
2000200,670,27,0
2000200,667,28,0
2000200,660,29,0
2000200,537,30,0
2000200,527,31,0
2000200,529,32,0
2000200,525,33,0
2000200,777,34,1
2000700,331,1,0
2000700,251,2,0
2000700,255,3,0
2000700,345,4,0
2000700,353,5,0
2000700,337,6,0
2000700,339,7,0
2000700,349,8,0
2000700,68,9,0
2000700,74,10,0
2000700,75,11,0
2000700,486,12,0
2000700,1,13,0
2000700,144,14,0
2000700,151,15,0
2000700,148,16,0
2000700,146,17,0
2000700,7321,18,0
2000700,651,19,0
2000700,647,20,0
2000700,641,21,0
2000700,645,22,0
2000700,581,23,0
2000700,580,24,0
2000700,574,25,0
2000700,577,26,0
2000700,575,27,0
2000700,39,28,0
2000700,34,29,0
2000700,37,30,0
2000700,42,31,0
2000700,40,32,0
2000700,490,33,0
2000700,491,34,0
2000700,498,35,0
2000700,505,36,0
2000700,497,37,0
2000700,488,38,0
2000700,493,39,0
2000700,495,40,0
2000700,868,41,0
2000700,870,42,0
2000700,531,43,0
2000700,534,44,0
2000700,539,45,0
2000700,666,46,0
2000700,201,47,0
2000700,198,48,0
2000700,162,49,0
2000700,161,50,0
2000700,871,51,0
2000700,849,52,0
2000700,525,53,0
2000700,777,54,1
2000800,777,1,0
2000800,982,2,0
2000800,676,3,0
2000800,752,4,0
2000800,513,5,0
2000800,519,6,0
2000800,518,7,0
2000800,965,8,0
2000800,966,9,0
2000800,967,10,0
2000800,954,11,0
2000800,725,12,0
2000800,782,13,0
2000800,783,14,0
2000800,784,15,0
2000800,724,16,0
2000800,704,17,0
2000800,708,18,0
2000800,706,19,0
2000800,710,20,0
2000800,721,21,0
2000800,720,22,0
2000800,717,23,0
2000800,711,24,0
2000800,715,25,0
2000800,171,26,0
2000800,172,27,0
2000800,163,28,0
2000800,167,29,0
2000800,7320,30,0
2000800,147,31,0
2000800,149,32,0
2000800,152,33,0
2000800,150,34,0
2000800,872,35,0
2000800,1,36,0
2000800,485,37,0
2000800,607,38,0
2000800,696,39,0
2000800,700,40,0
2000800,248,41,0
2000800,17,42,0
2000800,25,43,0
2000800,13,44,0
2000800,28,45,0
2000800,3,46,0
2000800,16,47,0
2000800,239,48,0
2000800,235,49,0
2000800,415,50,0
2000800,416,51,0
2000800,901,52,0
2000800,454,53,0
2000800,455,54,0
2000800,441,55,0
2000800,449,56,0
2000800,443,57,0
2000800,445,58,0
2000800,635,59,0
2000800,634,60,0
2000800,106,61,0
2000800,105,62,0
2000800,108,63,0
2000800,330,64,1
2000801,330,1,0
2000801,559,2,0
2000801,333,3,0
2000801,326,4,0
2000801,405,5,0
2000801,402,6,0
2000801,411,7,0
2000801,407,8,0
2000801,413,9,0
2000801,343,10,0
2000801,911,11,0
2000801,959,12,0
2000801,142,13,0
2000801,135,14,0
2000801,138,15,0
2000801,140,16,0
2000801,131,17,0
2000801,185,18,0
2000801,193,19,0
2000801,190,20,0
2000801,191,21,0
2000801,187,22,0
2000801,486,23,0
2000801,1,24,0
2000801,278,25,0
2000801,276,26,0
2000801,269,27,0
2000801,268,28,0
2000801,265,29,0
2000801,6,30,0
2000801,19,31,0
2000801,30,32,0
2000801,22,33,0
2000801,7,34,0
2000801,114,35,0
2000801,146,36,0
2000801,310,37,0
2000801,818,38,0
2000801,293,39,0
2000801,300,40,0
2000801,294,41,0
2000801,306,42,0
2000801,307,43,0
2000801,312,44,0
2000801,304,45,0
2000801,290,46,0
2000801,494,47,0
2000801,492,48,0
2000801,487,49,0
2000801,540,50,0
2000801,546,51,0
2000801,541,52,0
2000801,544,53,0
2000801,551,54,0
2000801,550,55,0
2000801,640,56,0
2000801,472,57,0
2000801,48,58,0
2000801,50,59,0
2000801,45,60,0
2000801,298,61,0
2000801,292,62,0
2000801,870,63,0
2000801,531,64,0
2000801,534,65,0
2000801,539,66,0
2000801,537,67,0
2000801,527,68,0
2000801,529,69,0
2000801,525,70,0
2000801,777,71,1
2001200,76,1,0
2001200,77,2,0
2001200,72,3,0
2001200,69,4,0
2001200,60,5,0
2001200,58,6,0
2001200,64,7,0
2001200,68,8,0
2001200,74,9,0
2001200,75,10,0
2001200,486,11,0
2001200,1,12,0
2001200,144,13,0
2001200,151,14,0
2001200,148,15,0
2001200,146,16,0
2001200,310,17,0
2001200,818,18,0
2001200,381,19,0
2001200,749,20,0
2001200,748,21,0
2001200,92,22,0
2001200,94,23,0
2001200,969,24,0
2001200,91,25,0
2001200,777,26,0
2001200,984,27,0
2001200,738,28,0
2001200,617,29,0
2001200,618,30,0
2001200,931,31,0
2001200,680,32,0
2001200,684,33,0
2001200,676,34,0
2001200,677,35,0
2001200,674,36,0
2001200,116,37,0
2001200,113,38,0
2001200,118,39,0
2001200,765,40,0
2001200,971,41,0
2001200,120,42,0
2001200,822,43,0
2001200,122,44,0
2001200,119,45,0
2001200,601,46,0
2001200,599,47,0
2001200,593,48,0
2001200,597,49,0
2001200,514,50,0
2001200,509,51,0
2001200,522,52,0
2001200,725,53,1
