1000700,'4bf8087f-7a14-48a7-b190-74a0cc4c73da',947,,6309,63,,,0,100,,6306,63,,,0,100,,6300,63,,,0,100,,6298,63,,,0,100,,6305,63,,,0,100,,6307,63,,,0,100,,6299,63,,,0,100,,6302,63,,,0,101,,6297,63,,,0,100,,6303,63,,,0,100,,6301,63,,,0,99,,6304,63,,,0,100,,6296,63,,,0
1000700,'8d01581c-cf93-4a74-9f42-0fb702955d15',947,,6323,63,,,0,100,,6320,63,,,0,100,,6312,63,,,0,100,,6315,63,,,0,100,,6313,63,,,0,100,,6318,63,,,0,100,,6311,63,,,0,100,,6316,63,,,0,101,,6319,63,,,0,100,,6321,63,,,0,100,,6314,63,,,0,99,,6310,63,,,0,100,,6322,50,,,0
1000700,'9881fb63-ca97-484f-b0ca-1bb7e4ca8571',547,,6324,63,,,0,70,,6335,63,,,0,30,,6339,63,,,0,65,,6353,63,,,0,33,,6328,63,,,0,67,,6346,63,,,0,35,,6347,63,,,0,70,,6344,63,,,0,30,,6336,63,,,0,70,,6352,63,,,0,30,,6349,63,,,0,70,,6354,63,,,0,30,,6356,63,,,0,70,,6357,63,,,0,30,,6340,63,,,0,70,,6331,63,,,0,29,,6338,63,,,0,70,,6329,63,,,0,30,,6333,63,,,0,70,,6343,63,,,0,30,,6337,63,,,0,70,,6341,63,,,0,29,,6345,63,,,0,70,,6326,63,,,0,32,,6350,63,,,0,70,,6330,63,,,0,32,,6351,63,,,0,98,,6348,63,,,0,101,,6325,63,,,0,98,,6332,63,,,0,102,,6355,63,,,0,96,,6334,52,,,0
1000700,'a06a7e47-f820-49a2-88af-ccffc941c6bc',647,,6366,63,,,0,70,,6385,63,,,0,30,,6383,63,,,0,70,,6361,63,,,0,30,,6358,63,,,0,70,,6386,63,,,0,30,,6378,63,,,0,70,,6359,63,,,0,30,,6364,63,,,0,79,,6360,63,,,0,21,,6370,63,,,0,70,,6382,63,,,0,30,,6389,63,,,0,70,,6368,63,,,0,30,,6380,63,,,0,70,,6384,63,,,0,30,,6381,63,,,0,70,,6377,63,,,0,30,,6374,63,,,0,70,,6367,63,,,0,30,,6363,63,,,0,70,,6387,63,,,0,31,,6379,63,,,0,70,,6372,63,,,0,30,,6362,63,,,0,100,,6388,63,,,0,99,,6365,63,,,0,100,,6371,63,,,0,100,,6376,63,,,0,100,,6373,50,,,0
1000700,'af2e8e03-0a42-4469-a2b8-e03c803b7d24',947,,6392,63,,,0,100,,6390,63,,,0,100,,6396,63,,,0,100,,6399,63,,,0,100,,6391,63,,,0,100,,6401,63,,,0,100,,6395,63,,,0,100,,6400,63,,,0,101,,6397,63,,,0,100,,6394,63,,,0,100,,6403,63,,,0,99,,6393,63,,,0,100,,6398,50,,,0
1000700,'f29e6a89-2c24-4546-a5bf-65191f526c55',947,,6409,63,,,0,100,,6411,63,,,0,100,,6413,63,,,0,100,,6406,63,,,0,100,,6407,63,,,0,100,,6415,63,,,0,100,,6414,63,,,0,100,,6410,63,,,0,101,,6416,63,,,0,100,,6408,63,,,0,100,,6404,63,,,0,99,,6412,63,,,0,100,,6405,50,,,0
2000801,'4bf8087f-7a14-48a7-b190-74a0cc4c73da',932,,7363,69,,,0,100,,7362,186,,,0,100,,7371,186,,,0,100,,7368,186,,,0,100,,7364,186,,,0,100,,7367,186,,,0,100,,7365,186,,,0,100,,7374,186,,,0,97,,7369,186,,,0,100,,7370,186,,,0,100,,7361,186,,,0,99,,7366,186,,,0,100,,7373,186,,,0,112,,7372,186,,,0
2000801,'8d01581c-cf93-4a74-9f42-0fb702955d15',932,,7380,69,,,0,100,,7376,186,,,0,100,,7384,186,,,0,100,,7377,186,,,0,100,,7381,186,,,0,100,,7387,186,,,0,100,,7382,186,,,0,100,,7388,186,,,0,97,,7383,186,,,0,100,,7385,186,,,0,100,,7386,186,,,0,99,,7375,186,,,0,100,,7378,186,,,0
2000801,'9881fb63-ca97-484f-b0ca-1bb7e4ca8571',509,,7389,69,,,0,100,,7392,69,,,0,21,,7401,186,,,0,70,,7405,186,,,0,30,,7391,140,,,0,70,,7399,186,,,0,30,,7404,186,,,0,70,,7396,186,,,0,31,,7393,186,,,0,70,,7418,186,,,0,31,,7402,186,,,0,70,,7400,186,,,0,30,,7411,186,,,0,70,,7406,186,,,0,31,,7416,186,,,0,70,,7414,186,,,0,30,,7398,186,,,0,70,,7417,186,,,0,30,,7390,140,,,0,71,,7397,186,,,0,30,,7422,186,,,0,70,,7403,186,,,0,30,,7409,186,,,0,72,,7408,186,,,0,31,,7419,186,,,0,69,,7415,186,,,0,28,,7421,186,,,0,101,,7410,186,,,0,100,,7394,186,,,0,95,,7407,186,,,0,100,,7413,186,,,0,100,,7412,186,,,0
2000801,'a06a7e47-f820-49a2-88af-ccffc941c6bc',700,,7425,69,,,0,30,,7446,69,,,0,70,,7423,186,,,0,30,,7431,186,,,0,70,,7428,186,,,0,31,,7433,186,,,0,70,,7435,186,,,0,31,,7440,186,,,0,70,,7424,186,,,0,30,,7432,186,,,0,70,,7444,186,,,0,31,,7451,186,,,0,70,,7452,186,,,0,30,,7447,186,,,0,70,,7453,186,,,0,30,,7426,186,,,0,70,,7448,186,,,0,30,,7450,186,,,0,70,,7438,186,,,0,30,,7430,186,,,0,72,,7434,186,,,0,31,,7429,186,,,0,70,,7436,186,,,0,28,,7441,186,,,0,101,,7437,186,,,0,100,,7443,186,,,0,95,,7427,186,,,0,100,,7445,186,,,0,100,,7449,186,,,0
2000801,'af2e8e03-0a42-4469-a2b8-e03c803b7d24',932,,7455,69,,,0,100,,7465,186,,,0,100,,7454,186,,,0,100,,7467,186,,,0,100,,7460,186,,,0,100,,7457,186,,,0,100,,7459,186,,,0,100,,7458,186,,,0,97,,7461,186,,,0,100,,7466,186,,,0,100,,7464,186,,,0,99,,7463,186,,,0,100,,7456,186,,,0
2000801,'f29e6a89-2c24-4546-a5bf-65191f526c55',932,,7472,69,,,0,100,,7477,186,,,0,100,,7473,186,,,0,100,,7478,186,,,0,100,,7476,186,,,0,100,,7481,186,,,0,100,,7468,186,,,0,100,,7469,186,,,0,97,,7479,186,,,0,100,,7480,186,,,0,100,,7471,186,,,0,99,,7475,186,,,0,100,,7470,186,,,0
