10000,'4bf8087f-7a14-48a7-b190-74a0cc4c73da',749,,5700,12,,,0,89,,5717,12,,,0,89,,5702,12,,,0,89,,5705,12,,,0,89,,5715,12,,,0,24,,5712,12,,,0,25,,5710,12,,,0,64,,5699,12,,,0,25,,5698,12,,,0,64,,5697,12,,,0,25,,5707,12,,,0,24,,5709,12,,,0,65,,5723,12,,,0,24,,5720,12,,,0,65,,5716,12,,,0,24,,5721,12,,,0,25,,5713,12,,,0,65,,5704,12,,,0,26,,5722,12,,,0,65,,5719,12,,,0,26,,5724,12,,,0,65,,5718,12,,,0,47,,5703,12,,,0,87,,5714,12,,,0,87,,5708,12,,,0,87,,5711,12,,,0,86,,5706,12,,,0,46,,5701,12,,,0
10000,'8d01581c-cf93-4a74-9f42-0fb702955d15',749,,5728,12,,,0,89,,5745,12,,,0,89,,5747,12,,,0,89,,5730,12,,,0,89,,5729,12,,,0,24,,5731,12,,,0,25,,5742,12,,,0,64,,5735,12,,,0,25,,5748,12,,,0,64,,5727,12,,,0,25,,5738,12,,,0,24,,5751,12,,,0,65,,5736,12,,,0,24,,5741,12,,,0,65,,5750,12,,,0,24,,5733,12,,,0,25,,5752,12,,,0,65,,5737,12,,,0,26,,5734,12,,,0,65,,5725,12,,,0,26,,5743,12,,,0,65,,5749,12,,,0,47,,5739,12,,,0,87,,5746,12,,,0,87,,5732,12,,,0,87,,5740,12,,,0,86,,5726,12,,,0,46,,5744,12,,,0
10000,'9881fb63-ca97-484f-b0ca-1bb7e4ca8571',713,,5772,12,,,0,19,,5767,12,,,0,69,,5758,12,,,0,22,,5763,12,,,0,27,,5756,12,,,0,64,,5769,12,,,0,25,,5773,12,,,0,64,,5780,12,,,0,25,,5757,12,,,0,24,,5779,12,,,0,65,,5771,12,,,0,24,,5781,12,,,0,65,,5785,12,,,0,24,,5788,12,,,0,26,,5765,12,,,0,65,,5783,12,,,0,26,,5776,12,,,0,65,,5764,12,,,0,26,,5790,12,,,0,64,,5777,12,,,0,26,,5762,12,,,0,24,,5760,12,,,0,65,,5784,12,,,0,24,,5774,12,,,0,65,,5766,12,,,0,24,,5775,12,,,0,23,,5789,12,,,0,64,,5753,12,,,0,23,,5782,12,,,0,64,,5787,12,,,0,23,,5778,12,,,0,24,,5770,12,,,0,63,,5759,12,,,0,23,,5786,12,,,0,63,,5768,12,,,0,23,,5755,12,,,0,23,,5754,12,,,0,86,,5761,12,,,0
10000,'a06a7e47-f820-49a2-88af-ccffc941c6bc',747,,5807,12,,,0,64,,5821,12,,,0,25,,5792,12,,,0,64,,5794,12,,,0,25,,5798,12,,,0,24,,5803,12,,,0,65,,5800,12,,,0,24,,5822,12,,,0,65,,5814,12,,,0,24,,5811,12,,,0,25,,5826,12,,,0,64,,5802,12,,,0,25,,5819,12,,,0,64,,5801,12,,,0,25,,5813,12,,,0,24,,5820,12,,,0,65,,5791,12,,,0,24,,5823,12,,,0,65,,5824,12,,,0,25,,5818,12,,,0,26,,5808,12,,,0,65,,5809,12,,,0,26,,5793,12,,,0,65,,5799,12,,,0,26,,5815,12,,,0,65,,5796,12,,,0,22,,5806,12,,,0,25,,5816,12,,,0,62,,5805,12,,,0,25,,5797,12,,,0,62,,5810,12,,,0,25,,5795,12,,,0,21,,5825,12,,,0,65,,5817,12,,,0,22,,5804,12,,,0,86,,5812,12,,,0
10000,'af2e8e03-0a42-4469-a2b8-e03c803b7d24',749,,5833,12,,,0,89,,5838,12,,,0,89,,5847,12,,,0,89,,5834,12,,,0,89,,5846,12,,,0,24,,5830,12,,,0,25,,5848,12,,,0,64,,5841,12,,,0,25,,5843,12,,,0,64,,5850,12,,,0,25,,5840,12,,,0,24,,5845,12,,,0,65,,5842,12,,,0,24,,5827,12,,,0,65,,5837,12,,,0,24,,5854,12,,,0,25,,5852,12,,,0,65,,5836,12,,,0,26,,5831,12,,,0,65,,5839,12,,,0,26,,5849,12,,,0,65,,5828,12,,,0,47,,5851,12,,,0,87,,5829,12,,,0,87,,5835,12,,,0,87,,5853,12,,,0,86,,5844,12,,,0,46,,5832,12,,,0
10000,'f29e6a89-2c24-4546-a5bf-65191f526c55',749,,5881,12,,,0,89,,5872,12,,,0,89,,5878,12,,,0,89,,5858,12,,,0,89,,5862,12,,,0,24,,5868,12,,,0,25,,5875,12,,,0,64,,5882,12,,,0,25,,5876,12,,,0,64,,5865,12,,,0,25,,5879,12,,,0,24,,5866,12,,,0,65,,5871,12,,,0,24,,5855,12,,,0,65,,5869,12,,,0,24,,5870,12,,,0,25,,5863,12,,,0,65,,5880,12,,,0,26,,5859,12,,,0,65,,5874,12,,,0,26,,5877,12,,,0,65,,5860,12,,,0,47,,5856,12,,,0,87,,5864,12,,,0,87,,5873,12,,,0,87,,5867,12,,,0,86,,5857,12,,,0,46,,5861,12,,,0
1001200,'4bf8087f-7a14-48a7-b190-74a0cc4c73da',857,,6732,131,,,0,100,,6736,131,,,0,100,,6730,131,,,0,143,,6737,131,,,0,104,,6739,131,,,0,100,,6731,131,,,0,110,,6741,131,,,0,100,,6735,131,,,0,110,,6742,131,,,0,100,,6734,131,,,0,103,,6733,131,,,0,100,,6740,131,,,0,102,,6743,131,,,0,115,,6738,131,,,0
1001200,'8d01581c-cf93-4a74-9f42-0fb702955d15',857,,6745,131,,,0,100,,6757,131,,,0,100,,6750,131,,,0,143,,6755,131,,,0,104,,6747,131,,,0,100,,6754,131,,,0,110,,6744,131,,,0,100,,6751,131,,,0,110,,6749,131,,,0,100,,6752,131,,,0,103,,6748,131,,,0,100,,6746,131,,,0,102,,6753,131,,,0,100,,6756,131,,,0
1001200,'9881fb63-ca97-484f-b0ca-1bb7e4ca8571',559,,6759,14,,,0,68,,6788,131,,,0,32,,6776,131,,,0,74,,6785,131,,,0,72,,6769,131,,,0,30,,6781,131,,,0,75,,6762,131,,,0,35,,6783,131,,,0,70,,6770,131,,,0,30,,6789,131,,,0,75,,6780,131,,,0,35,,6764,131,,,0,70,,6778,131,,,0,30,,6784,131,,,0,75,,6761,131,,,0,75,,6782,131,,,0,36,,6786,131,,,0,75,,6767,131,,,0,35,,6773,131,,,0,75,,6768,131,,,0,75,,6777,131,,,0,35,,6787,131,,,0,75,,6771,131,,,0,27,,6775,131,,,0,75,,6766,131,,,0,35,,6760,131,,,0,75,,6779,131,,,0,30,,6772,131,,,0,70,,6763,131,,,0,100,,6774,131,,,0,100,,6758,131,,,0,105,,6765,131,,,0
1001200,'a06a7e47-f820-49a2-88af-ccffc941c6bc',710,,6795,131,,,0,31,,6793,131,,,0,70,,6791,131,,,0,30,,6805,131,,,0,70,,6799,131,,,0,30,,6810,131,,,0,73,,6800,131,,,0,30,,6813,131,,,0,70,,6811,131,,,0,38,,6816,131,,,0,70,,6792,131,,,0,30,,6817,131,,,0,70,,6819,131,,,0,80,,6796,131,,,0,30,,6807,131,,,0,70,,6794,131,,,0,30,,6815,131,,,0,80,,6814,131,,,0,30,,6802,131,,,0,70,,6818,131,,,0,30,,6804,131,,,0,80,,6808,131,,,0,30,,6812,131,,,0,70,,6809,131,,,0,30,,6798,131,,,0,73,,6806,131,,,0,30,,6801,131,,,0,70,,6803,131,,,0,100,,6820,131,,,0,100,,6790,131,,,0,100,,6797,131,,,0
1001200,'af2e8e03-0a42-4469-a2b8-e03c803b7d24',857,,6834,131,,,0,100,,6830,131,,,0,100,,6824,131,,,0,143,,6831,131,,,0,104,,6828,131,,,0,100,,6832,131,,,0,110,,6826,131,,,0,100,,6829,131,,,0,110,,6822,131,,,0,100,,6827,131,,,0,103,,6821,131,,,0,100,,6823,131,,,0,102,,6825,131,,,0,100,,6833,131,,,0
1001200,'f29e6a89-2c24-4546-a5bf-65191f526c55',857,,6848,131,,,0,100,,6842,131,,,0,100,,6840,131,,,0,143,,6841,131,,,0,104,,6844,131,,,0,100,,6837,131,,,0,110,,6839,131,,,0,100,,6838,131,,,0,110,,6847,131,,,0,100,,6836,131,,,0,103,,6843,131,,,0,100,,6845,131,,,0,102,,6835,131,,,0,100,,6846,131,,,0
