1000800,'4bf8087f-7a14-48a7-b190-74a0cc4c73da',929,,6419,34,,,0,97,,6433,34,,,0,100,,6434,34,,,0,100,,6427,34,,,0,100,,6422,34,,,0,100,,6421,34,,,0,100,,6431,34,,,0,100,,6430,34,,,0,100,,6443,34,,,0,100,,6424,34,,,0,100,,6446,34,,,0,103,,6429,34,,,0,100,,6442,34,,,0,126,,6436,34,,,0
1000800,'8d01581c-cf93-4a74-9f42-0fb702955d15',929,,6460,34,,,0,97,,6452,34,,,0,100,,6451,34,,,0,100,,6453,34,,,0,100,,6449,34,,,0,100,,6467,34,,,0,100,,6466,34,,,0,100,,6462,34,,,0,100,,6447,34,,,0,100,,6458,34,,,0,100,,6450,34,,,0,103,,6461,34,,,0,100,,6469,34,,,0
1000800,'9881fb63-ca97-484f-b0ca-1bb7e4ca8571',529,,6481,56,,,0,30,,6483,56,,,0,70,,6487,56,,,0,30,,6499,56,,,0,70,,6495,40,,,0,30,,6479,56,,,0,70,,6511,56,,,0,30,,6502,56,,,0,70,,6477,56,,,0,30,,6506,56,,,0,67,,6476,56,,,0,30,,6505,56,,,0,70,,6494,56,,,0,30,,6507,56,,,0,70,,6496,56,,,0,30,,6503,56,,,0,70,,6500,56,,,0,30,,6501,56,,,0,70,,6497,40,,,0,30,,6508,56,,,0,70,,6513,56,,,0,30,,6485,56,,,0,70,,6489,56,,,0,30,,6510,56,,,0,70,,6492,56,,,0,30,,6484,56,,,0,70,,6475,34,,,0,30,,6509,56,,,0,70,,6491,34,,,0,103,,6498,34,,,0,100,,6504,34,,,0,100,,6486,34,,,0,100,,6480,34,,,0
1000800,'a06a7e47-f820-49a2-88af-ccffc941c6bc',729,,6541,56,,,0,30,,6537,56,,,0,70,,6543,56,,,0,30,,6546,56,,,0,70,,6519,56,,,0,30,,6529,56,,,0,67,,6538,56,,,0,30,,6531,56,,,0,70,,6522,56,,,0,30,,6526,56,,,0,70,,6515,56,,,0,30,,6518,56,,,0,70,,6547,56,,,0,30,,6532,56,,,0,70,,6530,56,,,0,30,,6550,56,,,0,70,,6516,56,,,0,30,,6540,56,,,0,70,,6523,56,,,0,30,,6517,56,,,0,70,,6542,56,,,0,30,,6527,56,,,0,70,,6514,34,,,0,30,,6548,56,,,0,70,,6528,34,,,0,103,,6521,34,,,0,100,,6525,34,,,0,100,,6536,34,,,0,100,,6533,34,,,0
1000800,'af2e8e03-0a42-4469-a2b8-e03c803b7d24',929,,6559,34,,,0,97,,6574,34,,,0,100,,6562,34,,,0,100,,6573,34,,,0,100,,6563,34,,,0,100,,6576,34,,,0,100,,6565,34,,,0,100,,6561,34,,,0,100,,6551,34,,,0,100,,6570,34,,,0,100,,6560,34,,,0,103,,6552,34,,,0,100,,6568,34,,,0
1000800,'f29e6a89-2c24-4546-a5bf-65191f526c55',929,,6593,34,,,0,97,,6585,34,,,0,100,,6598,34,,,0,100,,6581,34,,,0,100,,6591,34,,,0,100,,6586,34,,,0,100,,6595,34,,,0,100,,6590,34,,,0,100,,6602,34,,,0,100,,6596,34,,,0,100,,6588,34,,,0,103,,6600,34,,,0,100,,6580,34,,,0
1001200,'4bf8087f-7a14-48a7-b190-74a0cc4c73da',824,,6732,41,,,0,100,,6736,41,,,0,100,,6730,41,,,0,103,,6737,41,,,0,101,,6739,41,,,0,100,,6731,41,,,0,110,,6741,41,,,0,100,,6735,41,,,0,110,,6742,41,,,0,100,,6734,41,,,0,106,,6733,41,,,0,100,,6740,41,,,0,100,,6743,41,,,0,100,,6738,41,,,0
1001200,'8d01581c-cf93-4a74-9f42-0fb702955d15',824,,6745,41,,,0,100,,6757,41,,,0,100,,6750,41,,,0,103,,6755,41,,,0,101,,6747,41,,,0,100,,6754,41,,,0,110,,6744,41,,,0,100,,6751,41,,,0,110,,6749,41,,,0,100,,6752,41,,,0,106,,6748,41,,,0,100,,6746,41,,,0,100,,6753,41,,,0,100,,6756,41,,,0
1001200,'9881fb63-ca97-484f-b0ca-1bb7e4ca8571',555,,6788,41,,,0,72,,6776,41,,,0,74,,6785,41,,,0,30,,6769,41,,,0,28,,6781,41,,,0,75,,6762,41,,,0,75,,6783,41,,,0,30,,6770,41,,,0,70,,6789,41,,,0,35,,6780,41,,,0,76,,6764,41,,,0,30,,6778,41,,,0,70,,6784,41,,,0,35,,6761,41,,,0,75,,6782,41,,,0,70,,6786,41,,,0,37,,6767,41,,,0,73,,6773,41,,,0,35,,6768,41,,,0,75,,6777,41,,,0,35,,6787,41,,,0,75,,6771,41,,,0,73,,6775,41,,,0,35,,6766,41,,,0,75,,6760,41,,,0,35,,6779,41,,,0,70,,6772,41,,,0,30,,6763,41,,,0,100,,6774,41,,,0,100,,6758,41,,,0,110,,6765,41,,,0
1001200,'a06a7e47-f820-49a2-88af-ccffc941c6bc',638,,6795,41,,,0,70,,6793,41,,,0,30,,6791,41,,,0,70,,6805,41,,,0,30,,6799,41,,,0,70,,6810,41,,,0,30,,6800,41,,,0,70,,6813,41,,,0,31,,6811,41,,,0,74,,6816,41,,,0,33,,6792,41,,,0,70,,6817,41,,,0,30,,6819,41,,,0,80,,6796,41,,,0,30,,6807,41,,,0,70,,6794,41,,,0,30,,6815,41,,,0,80,,6814,41,,,0,70,,6802,41,,,0,30,,6818,41,,,0,70,,6804,41,,,0,41,,6808,41,,,0,70,,6812,41,,,0,30,,6809,41,,,0,70,,6798,41,,,0,33,,6806,41,,,0,70,,6801,41,,,0,30,,6803,41,,,0,100,,6820,41,,,0,100,,6790,41,,,0,100,,6797,41,,,0
1001200,'af2e8e03-0a42-4469-a2b8-e03c803b7d24',824,,6834,41,,,0,100,,6830,41,,,0,100,,6824,41,,,0,103,,6831,41,,,0,101,,6828,41,,,0,100,,6832,41,,,0,110,,6826,41,,,0,100,,6829,41,,,0,110,,6822,41,,,0,100,,6827,41,,,0,106,,6821,41,,,0,100,,6823,41,,,0,100,,6825,41,,,0,100,,6833,41,,,0
1001200,'f29e6a89-2c24-4546-a5bf-65191f526c55',824,,6848,41,,,0,100,,6842,41,,,0,100,,6840,41,,,0,103,,6841,41,,,0,101,,6844,41,,,0,100,,6837,41,,,0,110,,6839,41,,,0,100,,6838,41,,,0,110,,6847,41,,,0,100,,6836,41,,,0,106,,6843,41,,,0,100,,6845,41,,,0,100,,6835,41,,,0,100,,6846,41,,,0
