10100,'4bf8087f-7a14-48a7-b190-74a0cc4c73da',725,,5896,21,,,0,85,,5890,21,,,0,45,,5884,21,,,0,85,,5892,21,,,0,85,,5888,21,,,0,85,,5899,21,,,0,22,,5900,21,,,0,23,,5898,21,,,0,63,,5909,21,,,0,23,,5901,21,,,0,68,,5891,21,,,0,25,,5886,21,,,0,66,,5904,21,,,0,25,,5906,21,,,0,26,,5907,21,,,0,65,,5902,21,,,0,26,,5887,21,,,0,67,,5885,21,,,0,24,,5908,21,,,0,24,,5910,21,,,0,64,,5903,21,,,0,24,,5894,21,,,0,90,,5883,21,,,0,88,,5895,21,,,0,87,,5893,21,,,0,46,,5897,21,,,0,86,,5889,21,,,0,93,,5905,21,,,0
10100,'8d01581c-cf93-4a74-9f42-0fb702955d15',725,,5911,21,,,0,85,,5915,21,,,0,45,,5929,21,,,0,85,,5927,21,,,0,85,,5917,21,,,0,85,,5931,21,,,0,22,,5913,21,,,0,23,,5923,21,,,0,63,,5924,21,,,0,23,,5936,21,,,0,68,,5919,21,,,0,25,,5932,21,,,0,66,,5918,21,,,0,25,,5912,21,,,0,26,,5937,21,,,0,65,,5934,21,,,0,26,,5920,21,,,0,67,,5938,21,,,0,24,,5933,21,,,0,24,,5914,21,,,0,64,,5922,21,,,0,24,,5926,21,,,0,90,,5916,21,,,0,88,,5928,21,,,0,87,,5921,21,,,0,46,,5930,21,,,0,86,,5925,21,,,0,86,,5935,21,,,0
10100,'9881fb63-ca97-484f-b0ca-1bb7e4ca8571',710,,5949,21,,,0,22,,5952,21,,,0,23,,5945,21,,,0,62,,5960,21,,,0,23,,5958,21,,,0,62,,5940,21,,,0,23,,5950,21,,,0,22,,5966,21,,,0,63,,5947,21,,,0,22,,5954,21,,,0,24,,5959,21,,,0,64,,5963,21,,,0,26,,5975,21,,,0,65,,5972,21,,,0,26,,5968,21,,,0,65,,5967,21,,,0,26,,5943,21,,,0,27,,5969,21,,,0,66,,5962,21,,,0,26,,5942,21,,,0,66,,5964,21,,,0,26,,5971,21,,,0,66,,5956,21,,,0,26,,5941,21,,,0,26,,5944,21,,,0,64,,5974,21,,,0,24,,5951,21,,,0,64,,5957,21,,,0,24,,5970,21,,,0,24,,5953,21,,,0,64,,5961,21,,,0,24,,5939,21,,,0,64,,5973,21,,,0,23,,5948,21,,,0,24,,5965,21,,,0,64,,5946,21,,,0,85,,5955,21,,,0
10100,'a06a7e47-f820-49a2-88af-ccffc941c6bc',720,,5981,21,,,0,85,,5982,21,,,0,22,,5993,21,,,0,23,,5998,21,,,0,62,,6010,21,,,0,23,,6003,21,,,0,22,,5992,21,,,0,63,,6004,21,,,0,22,,5995,21,,,0,63,,5984,21,,,0,22,,5989,21,,,0,23,,6011,21,,,0,62,,5994,21,,,0,23,,6008,21,,,0,23,,6005,21,,,0,65,,5985,21,,,0,25,,5978,21,,,0,66,,5983,21,,,0,27,,5977,21,,,0,66,,5987,21,,,0,25,,5986,21,,,0,26,,5997,21,,,0,65,,6002,21,,,0,26,,5999,21,,,0,65,,5996,21,,,0,26,,5991,21,,,0,65,,5979,21,,,0,26,,6007,21,,,0,25,,5988,21,,,0,66,,6000,21,,,0,24,,6006,21,,,0,64,,5990,21,,,0,23,,5980,21,,,0,24,,6009,21,,,0,63,,6001,21,,,0,90,,5976,21,,,0
10100,'af2e8e03-0a42-4469-a2b8-e03c803b7d24',725,,6039,21,,,0,85,,6033,21,,,0,45,,6034,21,,,0,85,,6035,21,,,0,85,,6028,21,,,0,85,,6019,21,,,0,22,,6030,21,,,0,23,,6024,21,,,0,63,,6025,21,,,0,23,,6026,21,,,0,68,,6020,21,,,0,25,,6031,21,,,0,66,,6014,21,,,0,25,,6023,21,,,0,26,,6015,21,,,0,65,,6021,21,,,0,26,,6022,21,,,0,67,,6017,21,,,0,24,,6027,21,,,0,24,,6018,21,,,0,64,,6032,21,,,0,24,,6037,21,,,0,90,,6038,21,,,0,88,,6029,21,,,0,87,,6016,21,,,0,46,,6013,21,,,0,86,,6012,21,,,0,86,,6036,21,,,0
10100,'f29e6a89-2c24-4546-a5bf-65191f526c55',725,,6042,21,,,0,85,,6058,21,,,0,45,,6041,21,,,0,85,,6045,21,,,0,85,,6046,21,,,0,85,,6053,21,,,0,22,,6060,21,,,0,23,,6063,21,,,0,63,,6066,21,,,0,23,,6064,21,,,0,68,,6048,21,,,0,25,,6047,21,,,0,66,,6057,21,,,0,25,,6056,21,,,0,26,,6059,21,,,0,65,,6044,21,,,0,26,,6054,21,,,0,67,,6055,21,,,0,24,,6040,21,,,0,24,,6050,21,,,0,64,,6049,21,,,0,24,,6052,21,,,0,90,,6065,21,,,0,88,,6061,21,,,0,87,,6051,21,,,0,46,,6043,21,,,0,86,,6067,21,,,0,86,,6062,21,,,0
1000800,'4bf8087f-7a14-48a7-b190-74a0cc4c73da',856,,6440,60,,,0,102,,6439,60,,,0,100,,6426,60,,,0,100,,6441,60,,,0,100,,6418,60,,,0,100,,6444,60,,,0,100,,6437,60,,,0,100,,6428,60,,,0,100,,6438,60,,,0,100,,6435,60,,,0,100,,6423,60,,,0,100,,6445,60,,,0,100,,6425,60,,,0,188,,6432,60,,,0
1000800,'8d01581c-cf93-4a74-9f42-0fb702955d15',856,,6448,60,,,0,102,,6468,60,,,0,100,,6473,60,,,0,100,,6455,60,,,0,100,,6459,60,,,0,100,,6463,60,,,0,100,,6470,60,,,0,100,,6471,60,,,0,100,,6465,60,,,0,100,,6464,60,,,0,100,,6457,60,,,0,100,,6472,60,,,0,100,,6454,60,,,0
1000800,'9881fb63-ca97-484f-b0ca-1bb7e4ca8571',526,,6490,154,,,0,30,,6493,154,,,0,70,,6481,305,,,0,30,,6483,305,,,0,70,,6487,305,,,0,30,,6499,305,,,0,72,,6495,275,,,0,30,,6479,305,,,0,70,,6511,305,,,0,30,,6502,305,,,0,70,,6477,305,,,0,30,,6506,305,,,0,70,,6476,305,,,0,30,,6505,305,,,0,70,,6494,305,,,0,30,,6507,305,,,0,70,,6496,305,,,0,30,,6503,305,,,0,70,,6500,305,,,0,30,,6501,305,,,0,70,,6497,275,,,0,30,,6508,305,,,0,70,,6513,305,,,0,30,,6485,305,,,0,72,,6489,305,,,0,70,,6510,305,,,0,30,,6492,305,,,0,70,,6484,305,,,0,58,,6509,305,,,0,100,,6478,60,,,0,98,,6488,60,,,0,100,,6474,60,,,0,144,,6512,60,,,0
1000800,'a06a7e47-f820-49a2-88af-ccffc941c6bc',656,,6539,36,,,0,70,,6524,36,,,0,30,,6535,154,,,0,72,,6541,305,,,0,30,,6537,305,,,0,70,,6543,305,,,0,30,,6546,305,,,0,70,,6519,305,,,0,30,,6529,305,,,0,70,,6538,305,,,0,30,,6531,305,,,0,70,,6522,305,,,0,30,,6526,305,,,0,70,,6515,305,,,0,30,,6518,305,,,0,70,,6547,305,,,0,30,,6532,305,,,0,70,,6530,305,,,0,30,,6550,305,,,0,70,,6516,305,,,0,30,,6540,305,,,0,72,,6523,305,,,0,70,,6517,305,,,0,30,,6542,305,,,0,70,,6527,305,,,0,58,,6548,305,,,0,100,,6520,60,,,0,99,,6549,60,,,0,100,,6544,60,,,0,100,,6534,60,,,0
1000800,'af2e8e03-0a42-4469-a2b8-e03c803b7d24',856,,6569,60,,,0,102,,6554,60,,,0,100,,6572,60,,,0,100,,6575,60,,,0,100,,6571,60,,,0,100,,6558,60,,,0,100,,6556,60,,,0,100,,6555,60,,,0,100,,6553,60,,,0,100,,6566,60,,,0,100,,6564,60,,,0,100,,6567,60,,,0,100,,6557,60,,,0
1000800,'f29e6a89-2c24-4546-a5bf-65191f526c55',856,,6603,60,,,0,102,,6589,60,,,0,100,,6601,60,,,0,100,,6584,60,,,0,100,,6597,60,,,0,100,,6579,60,,,0,100,,6583,60,,,0,100,,6604,60,,,0,100,,6599,60,,,0,100,,6587,60,,,0,100,,6582,60,,,0,100,,6578,60,,,0,100,,6592,60,,,0
