10100,'4bf8087f-7a14-48a7-b190-74a0cc4c73da',729,,5896,30,,,0,85,,5890,30,,,0,45,,5884,30,,,0,85,,5892,30,,,0,85,,5888,30,,,0,85,,5899,30,,,0,22,,5900,30,,,0,23,,5898,30,,,0,64,,5909,30,,,0,23,,5901,30,,,0,68,,5891,30,,,0,25,,5886,30,,,0,66,,5904,30,,,0,25,,5906,30,,,0,26,,5907,30,,,0,65,,5902,30,,,0,26,,5887,30,,,0,67,,5885,30,,,0,24,,5908,30,,,0,64,,5910,30,,,0,24,,5903,30,,,0,24,,5894,30,,,0,90,,5883,30,,,0,88,,5895,30,,,0,86,,5893,30,,,0,86,,5897,30,,,0,46,,5889,30,,,0,93,,5905,30,,,0
10100,'8d01581c-cf93-4a74-9f42-0fb702955d15',729,,5911,30,,,0,85,,5915,30,,,0,45,,5929,30,,,0,85,,5927,30,,,0,85,,5917,30,,,0,85,,5931,30,,,0,22,,5913,30,,,0,23,,5923,30,,,0,64,,5924,30,,,0,23,,5936,30,,,0,68,,5919,30,,,0,25,,5932,30,,,0,66,,5918,30,,,0,25,,5912,30,,,0,26,,5937,30,,,0,65,,5934,30,,,0,26,,5920,30,,,0,67,,5938,30,,,0,24,,5933,30,,,0,64,,5914,30,,,0,24,,5922,30,,,0,24,,5926,30,,,0,90,,5916,30,,,0,88,,5928,30,,,0,86,,5921,30,,,0,86,,5930,30,,,0,46,,5925,30,,,0,86,,5935,30,,,0
10100,'9881fb63-ca97-484f-b0ca-1bb7e4ca8571',714,,5949,30,,,0,22,,5952,30,,,0,23,,5945,30,,,0,62,,5960,30,,,0,23,,5958,30,,,0,62,,5940,30,,,0,23,,5950,30,,,0,22,,5966,30,,,0,63,,5947,30,,,0,22,,5954,30,,,0,65,,5959,30,,,0,24,,5963,30,,,0,26,,5975,30,,,0,65,,5972,30,,,0,26,,5968,30,,,0,65,,5967,30,,,0,26,,5943,30,,,0,67,,5969,30,,,0,26,,5962,30,,,0,26,,5942,30,,,0,66,,5964,30,,,0,26,,5971,30,,,0,66,,5956,30,,,0,26,,5941,30,,,0,66,,5944,30,,,0,24,,5974,30,,,0,24,,5951,30,,,0,64,,5957,30,,,0,24,,5970,30,,,0,64,,5953,30,,,0,24,,5961,30,,,0,24,,5939,30,,,0,64,,5973,30,,,0,22,,5948,30,,,0,64,,5965,30,,,0,24,,5946,30,,,0,85,,5955,30,,,0
10100,'a06a7e47-f820-49a2-88af-ccffc941c6bc',724,,5981,30,,,0,85,,5982,30,,,0,22,,5993,30,,,0,23,,5998,30,,,0,62,,6010,30,,,0,23,,6003,30,,,0,62,,5992,30,,,0,23,,6004,30,,,0,22,,5995,30,,,0,63,,5984,30,,,0,22,,5989,30,,,0,23,,6011,30,,,0,62,,5994,30,,,0,23,,6008,30,,,0,64,,6005,30,,,0,25,,5985,30,,,0,25,,5978,30,,,0,66,,5983,30,,,0,27,,5977,30,,,0,66,,5987,30,,,0,25,,5986,30,,,0,66,,5997,30,,,0,25,,6002,30,,,0,26,,5999,30,,,0,65,,5996,30,,,0,26,,5991,30,,,0,65,,5979,30,,,0,26,,6007,30,,,0,65,,5988,30,,,0,26,,6000,30,,,0,24,,6006,30,,,0,64,,5990,30,,,0,22,,5980,30,,,0,64,,6009,30,,,0,23,,6001,30,,,0,90,,5976,30,,,0
10100,'af2e8e03-0a42-4469-a2b8-e03c803b7d24',729,,6039,30,,,0,85,,6033,30,,,0,45,,6034,30,,,0,85,,6035,30,,,0,85,,6028,30,,,0,85,,6019,30,,,0,22,,6030,30,,,0,23,,6024,30,,,0,64,,6025,30,,,0,23,,6026,30,,,0,68,,6020,30,,,0,25,,6031,30,,,0,66,,6014,30,,,0,25,,6023,30,,,0,26,,6015,30,,,0,65,,6021,30,,,0,26,,6022,30,,,0,67,,6017,30,,,0,24,,6027,30,,,0,64,,6018,30,,,0,24,,6032,30,,,0,24,,6037,30,,,0,90,,6038,30,,,0,88,,6029,30,,,0,86,,6016,30,,,0,86,,6013,30,,,0,46,,6012,30,,,0,86,,6036,30,,,0
10100,'f29e6a89-2c24-4546-a5bf-65191f526c55',729,,6042,30,,,0,85,,6058,30,,,0,45,,6041,30,,,0,85,,6045,30,,,0,85,,6046,30,,,0,85,,6053,30,,,0,22,,6060,30,,,0,23,,6063,30,,,0,64,,6066,30,,,0,23,,6064,30,,,0,68,,6048,30,,,0,25,,6047,30,,,0,66,,6057,30,,,0,25,,6056,30,,,0,26,,6059,30,,,0,65,,6044,30,,,0,26,,6054,30,,,0,67,,6055,30,,,0,24,,6040,30,,,0,64,,6050,30,,,0,24,,6049,30,,,0,24,,6052,30,,,0,90,,6065,30,,,0,88,,6061,30,,,0,86,,6051,30,,,0,86,,6043,30,,,0,46,,6067,30,,,0,86,,6062,30,,,0
1000800,'4bf8087f-7a14-48a7-b190-74a0cc4c73da',902,,6440,75,,,0,102,,6439,75,,,0,100,,6426,75,,,0,100,,6441,75,,,0,100,,6418,75,,,0,100,,6444,75,,,0,100,,6437,75,,,0,100,,6428,75,,,0,100,,6438,75,,,0,100,,6435,75,,,0,100,,6423,75,,,0,100,,6445,75,,,0,100,,6425,75,,,0,148,,6432,75,,,0
1000800,'8d01581c-cf93-4a74-9f42-0fb702955d15',902,,6448,75,,,0,102,,6468,75,,,0,100,,6473,75,,,0,100,,6455,75,,,0,100,,6459,75,,,0,100,,6463,75,,,0,100,,6470,75,,,0,100,,6471,75,,,0,100,,6465,75,,,0,100,,6464,75,,,0,100,,6457,75,,,0,100,,6472,75,,,0,100,,6454,75,,,0
1000800,'9881fb63-ca97-484f-b0ca-1bb7e4ca8571',532,,6490,170,,,0,70,,6493,170,,,0,30,,6481,323,,,0,70,,6483,323,,,0,30,,6487,323,,,0,70,,6499,323,,,0,32,,6495,301,,,0,70,,6479,323,,,0,30,,6511,323,,,0,70,,6502,323,,,0,30,,6477,323,,,0,70,,6506,323,,,0,30,,6476,323,,,0,70,,6505,323,,,0,30,,6494,323,,,0,70,,6507,323,,,0,30,,6496,323,,,0,70,,6503,323,,,0,30,,6500,323,,,0,70,,6501,323,,,0,30,,6497,301,,,0,70,,6508,323,,,0,30,,6513,323,,,0,70,,6485,323,,,0,32,,6489,323,,,0,70,,6510,323,,,0,30,,6492,323,,,0,70,,6484,323,,,0,97,,6509,323,,,0,101,,6478,75,,,0,98,,6488,75,,,0,100,,6474,75,,,0,104,,6512,75,,,0
1000800,'a06a7e47-f820-49a2-88af-ccffc941c6bc',702,,6539,53,,,0,30,,6524,53,,,0,70,,6535,170,,,0,32,,6541,323,,,0,70,,6537,323,,,0,30,,6543,323,,,0,70,,6546,323,,,0,30,,6519,323,,,0,70,,6529,323,,,0,30,,6538,323,,,0,70,,6531,323,,,0,30,,6522,323,,,0,70,,6526,323,,,0,30,,6515,323,,,0,70,,6518,323,,,0,30,,6547,323,,,0,70,,6532,323,,,0,30,,6530,323,,,0,70,,6550,323,,,0,30,,6516,323,,,0,70,,6540,323,,,0,32,,6523,323,,,0,70,,6517,323,,,0,30,,6542,323,,,0,70,,6527,323,,,0,98,,6548,323,,,0,99,,6520,75,,,0,98,,6549,75,,,0,100,,6544,75,,,0,100,,6534,75,,,0
1000800,'af2e8e03-0a42-4469-a2b8-e03c803b7d24',902,,6569,75,,,0,102,,6554,75,,,0,100,,6572,75,,,0,100,,6575,75,,,0,100,,6571,75,,,0,100,,6558,75,,,0,100,,6556,75,,,0,100,,6555,75,,,0,100,,6553,75,,,0,100,,6566,75,,,0,100,,6564,75,,,0,100,,6567,75,,,0,100,,6557,75,,,0
1000800,'f29e6a89-2c24-4546-a5bf-65191f526c55',902,,6603,75,,,0,102,,6589,75,,,0,100,,6601,75,,,0,100,,6584,75,,,0,100,,6597,75,,,0,100,,6579,75,,,0,100,,6583,75,,,0,100,,6604,75,,,0,100,,6599,75,,,0,100,,6587,75,,,0,100,,6582,75,,,0,100,,6578,75,,,0,100,,6592,75,,,0
