10100,'4bf8087f-7a14-48a7-b190-74a0cc4c73da',735,,5896,55,,,0,85,,5890,55,,,0,85,,5884,55,,,0,45,,5892,55,,,0,85,,5888,55,,,0,85,,5899,55,,,0,22,,5900,55,,,0,63,,5898,55,,,0,25,,5909,55,,,0,23,,5901,55,,,0,68,,5891,55,,,0,25,,5886,55,,,0,66,,5904,55,,,0,25,,5906,55,,,0,66,,5907,55,,,0,25,,5902,55,,,0,26,,5887,55,,,0,67,,5885,55,,,0,24,,5908,55,,,0,64,,5910,55,,,0,24,,5903,55,,,0,24,,5894,55,,,0,90,,5883,55,,,0,88,,5895,55,,,0,86,,5893,55,,,0,86,,5897,55,,,0,46,,5889,55,,,0,93,,5905,55,,,0
10100,'8d01581c-cf93-4a74-9f42-0fb702955d15',735,,5911,55,,,0,85,,5915,55,,,0,85,,5929,55,,,0,45,,5927,55,,,0,85,,5917,55,,,0,85,,5931,55,,,0,22,,5913,55,,,0,63,,5923,55,,,0,25,,5924,55,,,0,23,,5936,55,,,0,68,,5919,55,,,0,25,,5932,55,,,0,66,,5918,55,,,0,25,,5912,55,,,0,66,,5937,55,,,0,25,,5934,55,,,0,26,,5920,55,,,0,67,,5938,55,,,0,24,,5933,55,,,0,64,,5914,55,,,0,24,,5922,55,,,0,24,,5926,55,,,0,90,,5916,55,,,0,88,,5928,55,,,0,86,,5921,55,,,0,86,,5930,55,,,0,46,,5925,55,,,0,86,,5935,55,,,0
10100,'9881fb63-ca97-484f-b0ca-1bb7e4ca8571',720,,5949,55,,,0,22,,5952,55,,,0,63,,5945,55,,,0,22,,5960,55,,,0,23,,5958,55,,,0,62,,5940,55,,,0,23,,5950,55,,,0,22,,5966,55,,,0,63,,5947,55,,,0,22,,5954,55,,,0,66,,5959,55,,,0,24,,5963,55,,,0,26,,5975,55,,,0,65,,5972,55,,,0,26,,5968,55,,,0,65,,5967,55,,,0,26,,5943,55,,,0,67,,5969,55,,,0,27,,5962,55,,,0,66,,5942,55,,,0,26,,5964,55,,,0,26,,5971,55,,,0,66,,5956,55,,,0,25,,5941,55,,,0,66,,5944,55,,,0,24,,5974,55,,,0,24,,5951,55,,,0,64,,5957,55,,,0,24,,5970,55,,,0,64,,5953,55,,,0,24,,5961,55,,,0,24,,5939,55,,,0,64,,5973,55,,,0,22,,5948,55,,,0,64,,5965,55,,,0,24,,5946,55,,,0,85,,5955,55,,,0
10100,'a06a7e47-f820-49a2-88af-ccffc941c6bc',730,,5981,55,,,0,85,,5982,55,,,0,22,,5993,55,,,0,63,,5998,55,,,0,22,,6010,55,,,0,23,,6003,55,,,0,62,,5992,55,,,0,23,,6004,55,,,0,22,,5995,55,,,0,63,,5984,55,,,0,22,,5989,55,,,0,63,,6011,55,,,0,22,,5994,55,,,0,23,,6008,55,,,0,65,,6005,55,,,0,25,,5985,55,,,0,65,,5978,55,,,0,26,,5983,55,,,0,27,,5977,55,,,0,66,,5987,55,,,0,25,,5986,55,,,0,66,,5997,55,,,0,25,,6002,55,,,0,66,,5999,55,,,0,25,,5996,55,,,0,26,,5991,55,,,0,65,,5979,55,,,0,26,,6007,55,,,0,65,,5988,55,,,0,26,,6000,55,,,0,24,,6006,55,,,0,64,,5990,55,,,0,22,,5980,55,,,0,64,,6009,55,,,0,23,,6001,55,,,0,90,,5976,55,,,0
10100,'af2e8e03-0a42-4469-a2b8-e03c803b7d24',735,,6039,55,,,0,85,,6033,55,,,0,85,,6034,55,,,0,45,,6035,55,,,0,85,,6028,55,,,0,85,,6019,55,,,0,22,,6030,55,,,0,63,,6024,55,,,0,25,,6025,55,,,0,23,,6026,55,,,0,68,,6020,55,,,0,25,,6031,55,,,0,66,,6014,55,,,0,25,,6023,55,,,0,66,,6015,55,,,0,25,,6021,55,,,0,26,,6022,55,,,0,67,,6017,55,,,0,24,,6027,55,,,0,64,,6018,55,,,0,24,,6032,55,,,0,24,,6037,55,,,0,90,,6038,55,,,0,88,,6029,55,,,0,86,,6016,55,,,0,86,,6013,55,,,0,46,,6012,55,,,0,86,,6036,55,,,0
10100,'f29e6a89-2c24-4546-a5bf-65191f526c55',735,,6042,55,,,0,85,,6058,55,,,0,85,,6041,55,,,0,45,,6045,55,,,0,85,,6046,55,,,0,85,,6053,55,,,0,22,,6060,55,,,0,63,,6063,55,,,0,25,,6066,55,,,0,23,,6064,55,,,0,68,,6048,55,,,0,25,,6047,55,,,0,66,,6057,55,,,0,25,,6056,55,,,0,66,,6059,55,,,0,25,,6044,55,,,0,26,,6054,55,,,0,67,,6055,55,,,0,24,,6040,55,,,0,64,,6050,55,,,0,24,,6049,55,,,0,24,,6052,55,,,0,90,,6065,55,,,0,88,,6061,55,,,0,86,,6051,55,,,0,86,,6043,55,,,0,46,,6067,55,,,0,86,,6062,55,,,0
1000800,'4bf8087f-7a14-48a7-b190-74a0cc4c73da',909,,6440,99,,,0,102,,6439,99,,,0,100,,6426,99,,,0,100,,6441,99,,,0,100,,6418,99,,,0,100,,6444,99,,,0,100,,6437,99,,,0,100,,6428,99,,,0,100,,6438,99,,,0,99,,6435,99,,,0,100,,6423,99,,,0,100,,6445,99,,,0,100,,6425,99,,,0,148,,6432,99,,,0
1000800,'8d01581c-cf93-4a74-9f42-0fb702955d15',909,,6448,99,,,0,102,,6468,99,,,0,100,,6473,99,,,0,100,,6455,99,,,0,100,,6459,99,,,0,100,,6463,99,,,0,100,,6470,99,,,0,100,,6471,99,,,0,100,,6465,99,,,0,99,,6464,99,,,0,100,,6457,99,,,0,100,,6472,99,,,0,100,,6454,99,,,0
1000800,'9881fb63-ca97-484f-b0ca-1bb7e4ca8571',539,,6490,195,,,0,70,,6493,195,,,0,30,,6481,352,,,0,70,,6483,352,,,0,30,,6487,352,,,0,70,,6499,352,,,0,32,,6495,331,,,0,70,,6479,352,,,0,30,,6511,352,,,0,70,,6502,352,,,0,30,,6477,352,,,0,70,,6506,352,,,0,30,,6476,352,,,0,70,,6505,352,,,0,30,,6494,352,,,0,70,,6507,352,,,0,30,,6496,352,,,0,70,,6503,352,,,0,30,,6500,352,,,0,70,,6501,352,,,0,30,,6497,331,,,0,70,,6508,352,,,0,30,,6513,352,,,0,70,,6485,352,,,0,32,,6489,352,,,0,70,,6510,352,,,0,30,,6492,352,,,0,70,,6484,352,,,0,93,,6509,352,,,0,104,,6478,99,,,0,98,,6488,99,,,0,100,,6474,99,,,0,104,,6512,99,,,0
1000800,'a06a7e47-f820-49a2-88af-ccffc941c6bc',709,,6539,78,,,0,30,,6524,78,,,0,70,,6535,195,,,0,32,,6541,352,,,0,70,,6537,352,,,0,30,,6543,352,,,0,70,,6546,352,,,0,30,,6519,352,,,0,70,,6529,352,,,0,30,,6538,352,,,0,70,,6531,352,,,0,30,,6522,352,,,0,70,,6526,352,,,0,30,,6515,352,,,0,70,,6518,352,,,0,30,,6547,352,,,0,70,,6532,352,,,0,30,,6530,352,,,0,70,,6550,352,,,0,30,,6516,352,,,0,70,,6540,352,,,0,31,,6523,352,,,0,70,,6517,352,,,0,30,,6542,352,,,0,70,,6527,352,,,0,98,,6548,352,,,0,96,,6520,99,,,0,99,,6549,99,,,0,100,,6544,99,,,0,100,,6534,99,,,0
1000800,'af2e8e03-0a42-4469-a2b8-e03c803b7d24',909,,6569,99,,,0,102,,6554,99,,,0,100,,6572,99,,,0,100,,6575,99,,,0,100,,6571,99,,,0,100,,6558,99,,,0,100,,6556,99,,,0,100,,6555,99,,,0,100,,6553,99,,,0,99,,6566,99,,,0,100,,6564,99,,,0,100,,6567,99,,,0,100,,6557,99,,,0
1000800,'f29e6a89-2c24-4546-a5bf-65191f526c55',909,,6603,99,,,0,102,,6589,99,,,0,100,,6601,99,,,0,100,,6584,99,,,0,100,,6597,99,,,0,100,,6579,99,,,0,100,,6583,99,,,0,100,,6604,99,,,0,100,,6599,99,,,0,99,,6587,99,,,0,100,,6582,99,,,0,100,,6578,99,,,0,100,,6592,99,,,0
