2000700,'4bf8087f-7a14-48a7-b190-74a0cc4c73da',944,,7070,48,,,0,100,,7076,48,,,0,100,,7067,48,,,0,100,,7074,48,,,0,100,,7075,48,,,0,100,,7078,48,,,0,100,,7073,48,,,0,100,,7069,48,,,0,100,,7068,48,,,0,102,,7065,48,,,0,100,,7066,48,,,0,100,,7077,48,,,0,97,,7071,48,,,0
2000700,'8d01581c-cf93-4a74-9f42-0fb702955d15',944,,7084,48,,,0,100,,7081,48,,,0,100,,7079,48,,,0,100,,7091,48,,,0,100,,7087,48,,,0,100,,7086,48,,,0,100,,7085,48,,,0,100,,7080,48,,,0,100,,7090,48,,,0,102,,7088,48,,,0,100,,7083,48,,,0,100,,7089,48,,,0
2000700,'9881fb63-ca97-484f-b0ca-1bb7e4ca8571',546,,7098,48,,,0,70,,7102,48,,,0,30,,7118,48,,,0,70,,7097,48,,,0,29,,7092,48,,,0,68,,7094,48,,,0,32,,7100,48,,,0,68,,7124,48,,,0,31,,7115,48,,,0,70,,7108,48,,,0,30,,7106,48,,,0,70,,7113,48,,,0,30,,7111,48,,,0,70,,7093,48,,,0,30,,7120,48,,,0,70,,7109,48,,,0,30,,7104,48,,,0,70,,7123,48,,,0,31,,7095,48,,,0,70,,7119,48,,,0,30,,7114,48,,,0,70,,7110,48,,,0,30,,7103,48,,,0,70,,7105,48,,,0,28,,7096,48,,,0,70,,7112,48,,,0,32,,7107,48,,,0,70,,7101,48,,,0,32,,7122,48,,,0,98,,7099,48,,,0,99,,7121,48,,,0,96,,7117,48,,,0
2000700,'a06a7e47-f820-49a2-88af-ccffc941c6bc',646,,7133,48,,,0,70,,7153,48,,,0,29,,7142,48,,,0,70,,7125,48,,,0,30,,7126,48,,,0,70,,7137,48,,,0,29,,7136,48,,,0,70,,7150,48,,,0,30,,7130,48,,,0,70,,7152,48,,,0,30,,7127,48,,,0,70,,7143,48,,,0,30,,7135,48,,,0,70,,7144,48,,,0,30,,7146,48,,,0,70,,7138,48,,,0,30,,7147,48,,,0,70,,7141,48,,,0,30,,7145,48,,,0,70,,7151,48,,,0,30,,7154,48,,,0,70,,7134,48,,,0,30,,7149,48,,,0,70,,7140,48,,,0,32,,7155,48,,,0,70,,7139,48,,,0,30,,7132,48,,,0,100,,7148,48,,,0,97,,7128,48,,,0,100,,7129,48,,,0
2000700,'af2e8e03-0a42-4469-a2b8-e03c803b7d24',944,,7166,48,,,0,100,,7160,48,,,0,100,,7161,48,,,0,100,,7157,48,,,0,100,,7167,48,,,0,100,,7158,48,,,0,100,,7165,48,,,0,100,,7164,48,,,0,100,,7159,48,,,0,102,,7163,48,,,0,100,,7156,48,,,0,100,,7162,48,,,0
2000700,'f29e6a89-2c24-4546-a5bf-65191f526c55',944,,7178,48,,,0,100,,7179,48,,,0,100,,7173,48,,,0,100,,7177,48,,,0,100,,7171,48,,,0,100,,7180,48,,,0,100,,7172,48,,,0,100,,7181,48,,,0,100,,7169,48,,,0,102,,7174,48,,,0,100,,7170,48,,,0,100,,7176,48,,,0
2001200,'4bf8087f-7a14-48a7-b190-74a0cc4c73da',821,,7495,39,,,0,100,,7492,39,,,0,100,,7483,39,,,0,100,,7485,39,,,0,103,,7482,39,,,0,109,,7484,39,,,0,100,,7486,39,,,0,110,,7491,39,,,0,100,,7490,39,,,0,110,,7487,39,,,0,100,,7488,39,,,0,100,,7493,39,,,0,100,,7494,39,,,0,102,,7489,39,,,0
2001200,'8d01581c-cf93-4a74-9f42-0fb702955d15',821,,7497,39,,,0,100,,7503,39,,,0,100,,7502,39,,,0,100,,7498,39,,,0,103,,7506,39,,,0,109,,7509,39,,,0,100,,7501,39,,,0,110,,7504,39,,,0,100,,7500,39,,,0,110,,7508,39,,,0,100,,7505,39,,,0,100,,7496,39,,,0,100,,7507,39,,,0,102,,7499,39,,,0
2001200,'9881fb63-ca97-484f-b0ca-1bb7e4ca8571',526,,7530,39,,,0,75,,7528,39,,,0,23,,7527,39,,,0,29,,7538,39,,,0,73,,7517,39,,,0,74,,7518,39,,,0,33,,7534,39,,,0,70,,7521,39,,,0,35,,7512,39,,,0,75,,7525,39,,,0,30,,7520,39,,,0,70,,7511,39,,,0,35,,7523,39,,,0,74,,7513,39,,,0,30,,7524,39,,,0,70,,7529,39,,,0,35,,7540,39,,,0,75,,7522,39,,,0,78,,7514,39,,,0,35,,7536,39,,,0,75,,7537,39,,,0,35,,7510,39,,,0,75,,7535,39,,,0,75,,7531,39,,,0,35,,7542,39,,,0,64,,7532,39,,,0,35,,7516,39,,,0,75,,7519,39,,,0,35,,7526,39,,,0,70,,7539,39,,,0,30,,7515,39,,,0,100,,7533,39,,,0,100,,7541,39,,,0
2001200,'a06a7e47-f820-49a2-88af-ccffc941c6bc',636,,7548,39,,,0,70,,7565,39,,,0,30,,7552,39,,,0,69,,7559,39,,,0,30,,7561,39,,,0,70,,7554,39,,,0,30,,7553,39,,,0,70,,7545,39,,,0,33,,7574,39,,,0,70,,7571,39,,,0,30,,7564,39,,,0,84,,7543,39,,,0,30,,7557,39,,,0,70,,7544,39,,,0,30,,7566,39,,,0,79,,7550,39,,,0,70,,7569,39,,,0,30,,7546,39,,,0,70,,7570,39,,,0,40,,7567,39,,,0,70,,7558,39,,,0,30,,7573,39,,,0,70,,7555,39,,,0,40,,7547,39,,,0,70,,7562,39,,,0,30,,7560,39,,,0,70,,7568,39,,,0,30,,7556,39,,,0,70,,7563,39,,,0,30,,7572,39,,,0,100,,7549,39,,,0,100,,7551,39,,,0
2001200,'af2e8e03-0a42-4469-a2b8-e03c803b7d24',821,,7576,39,,,0,100,,7586,39,,,0,100,,7588,39,,,0,100,,7575,39,,,0,103,,7584,39,,,0,109,,7578,39,,,0,100,,7587,39,,,0,110,,7582,39,,,0,100,,7579,39,,,0,110,,7581,39,,,0,100,,7583,39,,,0,100,,7577,39,,,0,100,,7585,39,,,0,102,,7580,39,,,0
2001200,'f29e6a89-2c24-4546-a5bf-65191f526c55',821,,7592,39,,,0,100,,7598,39,,,0,100,,7602,39,,,0,100,,7601,39,,,0,103,,7593,39,,,0,109,,7596,39,,,0,100,,7597,39,,,0,110,,7600,39,,,0,100,,7591,39,,,0,110,,7595,39,,,0,100,,7594,39,,,0,100,,7599,39,,,0,100,,7590,39,,,0,102,,7589,39,,,0
