1000200,'4bf8087f-7a14-48a7-b190-74a0cc4c73da',936,,6164,18,,,0,100,,6155,18,,,0,70,,6161,18,,,0,100,,6163,18,,,0,30,,6172,18,,,0,100,,6154,18,,,0,70,,6160,18,,,0,100,,6158,18,,,0,30,,6171,18,,,0,100,,6167,18,,,0,70,,6156,18,,,0,100,,6165,18,,,0,30,,6168,18,,,0,100,,6166,18,,,0,70,,6169,18,,,0,100,,6162,18,,,0,30,,6159,18,,,0
1000200,'8d01581c-cf93-4a74-9f42-0fb702955d15',936,,6190,18,,,0,100,,6179,18,,,0,70,,6183,18,,,0,100,,6189,18,,,0,30,,6191,18,,,0,100,,6180,18,,,0,70,,6186,18,,,0,100,,6175,18,,,0,30,,6182,18,,,0,100,,6177,18,,,0,70,,6174,18,,,0,100,,6185,18,,,0,30,,6173,18,,,0,100,,6184,18,,,0,70,,6181,18,,,0,100,,6178,18,,,0,30,,6176,18,,,0
1000200,'9881fb63-ca97-484f-b0ca-1bb7e4ca8571',606,,6195,18,,,0,30,,6217,18,,,0,70,,6193,18,,,0,30,,6215,18,,,0,70,,6208,18,,,0,30,,6210,18,,,0,70,,6222,18,,,0,30,,6203,18,,,0,70,,6192,18,,,0,30,,6214,18,,,0,70,,6194,18,,,0,30,,6216,18,,,0,70,,6202,18,,,0,30,,6209,18,,,0,70,,6224,18,,,0,30,,6223,18,,,0,71,,6213,18,,,0,30,,6206,18,,,0,70,,6211,18,,,0,30,,6204,18,,,0,70,,6218,18,,,0,30,,6201,18,,,0,70,,6205,18,,,0,29,,6196,18,,,0,70,,6219,18,,,0,30,,6207,18,,,0,70,,6199,18,,,0,100,,6198,18,,,0,30,,6197,18,,,0,100,,6212,18,,,0,70,,6200,18,,,0,100,,6221,18,,,0
1000200,'a06a7e47-f820-49a2-88af-ccffc941c6bc',706,,6241,18,,,0,30,,6253,18,,,0,70,,6249,18,,,0,30,,6232,18,,,0,70,,6239,18,,,0,30,,6228,18,,,0,70,,6251,18,,,0,30,,6231,18,,,0,70,,6229,18,,,0,30,,6252,18,,,0,70,,6235,18,,,0,30,,6238,18,,,0,70,,6234,18,,,0,30,,6250,18,,,0,70,,6254,18,,,0,30,,6257,18,,,0,70,,6240,18,,,0,30,,6255,18,,,0,70,,6227,18,,,0,30,,6242,18,,,0,70,,6236,18,,,0,30,,6237,18,,,0,70,,6245,18,,,0,30,,6226,18,,,0,70,,6244,18,,,0,100,,6256,18,,,0,30,,6243,18,,,0,100,,6233,18,,,0,70,,6246,18,,,0,100,,6230,18,,,0
1000200,'af2e8e03-0a42-4469-a2b8-e03c803b7d24',936,,6275,18,,,0,100,,6276,18,,,0,70,,6264,18,,,0,100,,6273,18,,,0,30,,6269,18,,,0,100,,6263,18,,,0,70,,6262,18,,,0,100,,6271,18,,,0,30,,6265,18,,,0,100,,6259,18,,,0,70,,6272,18,,,0,100,,6270,18,,,0,30,,6261,18,,,0,100,,6268,18,,,0,70,,6267,18,,,0,100,,6260,18,,,0,30,,6266,18,,,0
1000200,'f29e6a89-2c24-4546-a5bf-65191f526c55',936,,6295,18,,,0,100,,6290,18,,,0,70,,6292,18,,,0,100,,6279,18,,,0,30,,6284,18,,,0,100,,6288,18,,,0,70,,6293,18,,,0,100,,6281,18,,,0,30,,6283,18,,,0,100,,6289,18,,,0,70,,6280,18,,,0,100,,6278,18,,,0,30,,6286,18,,,0,100,,6282,18,,,0,70,,6285,18,,,0,100,,6294,18,,,0,30,,6291,18,,,0
1000700,'4bf8087f-7a14-48a7-b190-74a0cc4c73da',933,,6309,16,,,0,100,,6306,16,,,0,100,,6300,16,,,0,100,,6298,16,,,0,100,,6305,16,,,0,100,,6307,16,,,0,100,,6299,16,,,0,100,,6302,16,,,0,100,,6297,16,,,0,100,,6303,16,,,0,100,,6301,16,,,0,100,,6304,16,,,0,100,,6296,16,,,0
1000700,'8d01581c-cf93-4a74-9f42-0fb702955d15',933,,6323,16,,,0,100,,6320,16,,,0,100,,6312,16,,,0,100,,6315,16,,,0,100,,6313,16,,,0,100,,6318,16,,,0,100,,6311,16,,,0,100,,6316,16,,,0,100,,6319,16,,,0,100,,6321,16,,,0,100,,6314,16,,,0,100,,6310,16,,,0,100,,6322,12,,,0
1000700,'9881fb63-ca97-484f-b0ca-1bb7e4ca8571',535,,6324,16,,,0,70,,6335,16,,,0,28,,6339,16,,,0,25,,6353,16,,,0,73,,6328,16,,,0,27,,6346,16,,,0,75,,6347,16,,,0,70,,6344,16,,,0,30,,6336,16,,,0,70,,6352,16,,,0,30,,6349,16,,,0,70,,6354,16,,,0,30,,6356,16,,,0,70,,6357,16,,,0,30,,6340,16,,,0,70,,6331,16,,,0,27,,6338,16,,,0,70,,6329,16,,,0,30,,6333,16,,,0,70,,6343,16,,,0,30,,6337,16,,,0,70,,6341,16,,,0,30,,6345,16,,,0,70,,6326,16,,,0,32,,6350,16,,,0,70,,6330,16,,,0,32,,6351,16,,,0,98,,6348,16,,,0,102,,6325,16,,,0,98,,6332,16,,,0,102,,6355,16,,,0,96,,6334,12,,,0
1000700,'a06a7e47-f820-49a2-88af-ccffc941c6bc',633,,6366,16,,,0,70,,6385,16,,,0,30,,6383,16,,,0,70,,6361,16,,,0,30,,6358,16,,,0,70,,6386,16,,,0,30,,6378,16,,,0,70,,6359,16,,,0,30,,6364,16,,,0,71,,6360,16,,,0,29,,6370,16,,,0,70,,6382,16,,,0,30,,6389,16,,,0,70,,6368,16,,,0,30,,6380,16,,,0,70,,6384,16,,,0,30,,6381,16,,,0,70,,6377,16,,,0,30,,6374,16,,,0,70,,6367,16,,,0,30,,6363,16,,,0,70,,6387,16,,,0,30,,6379,16,,,0,70,,6372,16,,,0,30,,6362,16,,,0,100,,6388,16,,,0,100,,6365,16,,,0,100,,6371,16,,,0,100,,6376,16,,,0,100,,6373,12,,,0
1000700,'af2e8e03-0a42-4469-a2b8-e03c803b7d24',933,,6392,16,,,0,100,,6390,16,,,0,100,,6396,16,,,0,100,,6399,16,,,0,100,,6391,16,,,0,100,,6401,16,,,0,100,,6395,16,,,0,100,,6400,16,,,0,100,,6397,16,,,0,100,,6394,16,,,0,100,,6403,16,,,0,100,,6393,16,,,0,100,,6398,12,,,0
1000700,'f29e6a89-2c24-4546-a5bf-65191f526c55',933,,6409,16,,,0,100,,6411,16,,,0,100,,6413,16,,,0,100,,6406,16,,,0,100,,6407,16,,,0,100,,6415,16,,,0,100,,6414,16,,,0,100,,6410,16,,,0,100,,6416,16,,,0,100,,6408,16,,,0,100,,6404,16,,,0,100,,6412,16,,,0,100,,6405,12,,,0
1000800,'4bf8087f-7a14-48a7-b190-74a0cc4c73da',837,,6420,7,,,0,100,,6419,60,,,0,97,,6433,60,,,0,100,,6434,60,,,0,100,,6427,60,,,0,100,,6422,60,,,0,100,,6421,60,,,0,100,,6431,60,,,0,100,,6430,60,,,0,100,,6443,60,,,0,100,,6424,60,,,0,100,,6446,60,,,0,103,,6429,60,,,0,100,,6442,60,,,0
1000800,'8d01581c-cf93-4a74-9f42-0fb702955d15',837,,6456,7,,,0,100,,6460,60,,,0,97,,6452,60,,,0,100,,6451,60,,,0,100,,6453,60,,,0,100,,6449,60,,,0,100,,6467,60,,,0,100,,6466,60,,,0,100,,6462,60,,,0,100,,6447,60,,,0,100,,6458,60,,,0,100,,6450,60,,,0,103,,6461,60,,,0,100,,6469,60,,,0
1000800,'9881fb63-ca97-484f-b0ca-1bb7e4ca8571',437,,6490,7,,,0,69,,6493,7,,,0,31,,6481,108,,,0,70,,6483,108,,,0,30,,6487,108,,,0,70,,6499,108,,,0,27,,6495,67,,,0,73,,6479,108,,,0,30,,6511,108,,,0,70,,6502,108,,,0,30,,6477,108,,,0,70,,6506,108,,,0,27,,6476,108,,,0,70,,6505,108,,,0,30,,6494,108,,,0,70,,6507,108,,,0,30,,6496,108,,,0,70,,6503,108,,,0,30,,6500,108,,,0,70,,6501,108,,,0,30,,6497,67,,,0,70,,6508,108,,,0,30,,6513,108,,,0,70,,6485,108,,,0,30,,6489,108,,,0,70,,6510,108,,,0,30,,6492,108,,,0,70,,6484,108,,,0,30,,6475,60,,,0,70,,6509,108,,,0,30,,6491,60,,,0,103,,6498,60,,,0,100,,6504,60,,,0,100,,6486,60,,,0,100,,6480,60,,,0
1000800,'a06a7e47-f820-49a2-88af-ccffc941c6bc',707,,6535,7,,,0,30,,6541,108,,,0,70,,6537,108,,,0,30,,6543,108,,,0,70,,6546,108,,,0,30,,6519,108,,,0,70,,6529,108,,,0,27,,6538,108,,,0,70,,6531,108,,,0,30,,6522,108,,,0,70,,6526,108,,,0,30,,6515,108,,,0,70,,6518,108,,,0,30,,6547,108,,,0,70,,6532,108,,,0,30,,6530,108,,,0,70,,6550,108,,,0,30,,6516,108,,,0,70,,6540,108,,,0,30,,6523,108,,,0,70,,6517,108,,,0,30,,6542,108,,,0,70,,6527,108,,,0,30,,6514,60,,,0,70,,6548,108,,,0,30,,6528,60,,,0,103,,6521,60,,,0,100,,6525,60,,,0,100,,6536,60,,,0,100,,6533,60,,,0
1000800,'af2e8e03-0a42-4469-a2b8-e03c803b7d24',837,,6577,7,,,0,100,,6559,60,,,0,97,,6574,60,,,0,100,,6562,60,,,0,100,,6573,60,,,0,100,,6563,60,,,0,100,,6576,60,,,0,100,,6565,60,,,0,100,,6561,60,,,0,100,,6551,60,,,0,100,,6570,60,,,0,100,,6560,60,,,0,103,,6552,60,,,0,100,,6568,60,,,0
1000800,'f29e6a89-2c24-4546-a5bf-65191f526c55',837,,6594,7,,,0,100,,6593,60,,,0,97,,6585,60,,,0,100,,6598,60,,,0,100,,6581,60,,,0,100,,6591,60,,,0,100,,6586,60,,,0,100,,6595,60,,,0,100,,6590,60,,,0,100,,6602,60,,,0,100,,6596,60,,,0,100,,6588,60,,,0,103,,6600,60,,,0,100,,6580,60,,,0
