1000,'4bf8087f-7a14-48a7-b190-74a0cc4c73da',843,,5449,167,,,0,98,,5446,167,,,0,100,,5455,167,,,0,100,,5453,167,,,0,100,,5451,167,,,0,100,,5457,167,,,0,100,,5456,167,,,0,100,,5445,167,,,0,100,,5448,167,,,0,101,,5444,167,,,0,100,,5452,167,,,0,100,,5447,167,,,0,100,,5454,167,,,0,100,,5450,167,,,0,160,,5458,167,,,0
1000,'8d01581c-cf93-4a74-9f42-0fb702955d15',843,,5470,167,,,0,98,,5466,167,,,0,100,,5465,167,,,0,100,,5459,167,,,0,100,,5460,167,,,0,100,,5463,167,,,0,100,,5464,167,,,0,100,,5468,167,,,0,100,,5461,167,,,0,101,,5471,167,,,0,100,,5469,167,,,0,100,,5473,167,,,0,100,,5462,167,,,0,100,,5472,167,,,0,100,,5467,167,,,0
1000,'9881fb63-ca97-484f-b0ca-1bb7e4ca8571',613,,5500,167,,,0,30,,5481,167,,,0,70,,5506,167,,,0,30,,5485,167,,,0,68,,5479,167,,,0,30,,5490,167,,,0,70,,5474,167,,,0,30,,5505,167,,,0,70,,5483,167,,,0,30,,5491,167,,,0,70,,5496,167,,,0,30,,5477,167,,,0,70,,5501,167,,,0,30,,5480,167,,,0,70,,5494,167,,,0,30,,5507,167,,,0,70,,5497,167,,,0,30,,5495,167,,,0,70,,5502,167,,,0,30,,5476,167,,,0,70,,5482,167,,,0,30,,5503,167,,,0,71,,5487,167,,,0,30,,5504,167,,,0,70,,5475,167,,,0,30,,5498,167,,,0,70,,5493,167,,,0,30,,5499,167,,,0,70,,5492,167,,,0,30,,5484,167,,,0,70,,5489,167,,,0,30,,5488,167,,,0,70,,5508,167,,,0,100,,5478,167,,,0,100,,5486,167,,,0
1000,'a06a7e47-f820-49a2-88af-ccffc941c6bc',743,,5533,167,,,0,68,,5512,167,,,0,30,,5520,167,,,0,70,,5518,167,,,0,30,,5537,167,,,0,70,,5514,167,,,0,30,,5527,167,,,0,70,,5523,167,,,0,30,,5528,167,,,0,70,,5516,167,,,0,30,,5517,167,,,0,70,,5524,167,,,0,30,,5515,167,,,0,70,,5510,167,,,0,30,,5540,167,,,0,70,,5525,167,,,0,30,,5538,167,,,0,70,,5535,167,,,0,30,,5509,167,,,0,71,,5513,167,,,0,30,,5521,167,,,0,70,,5511,167,,,0,30,,5526,167,,,0,70,,5529,167,,,0,30,,5522,167,,,0,70,,5536,167,,,0,30,,5531,167,,,0,70,,5530,167,,,0,30,,5534,167,,,0,70,,5539,167,,,0,100,,5519,167,,,0,100,,5532,167,,,0
1000,'af2e8e03-0a42-4469-a2b8-e03c803b7d24',843,,5546,167,,,0,98,,5552,167,,,0,100,,5554,167,,,0,100,,5547,167,,,0,100,,5544,167,,,0,100,,5550,167,,,0,100,,5553,167,,,0,100,,5543,167,,,0,100,,5545,167,,,0,101,,5549,167,,,0,100,,5548,167,,,0,100,,5542,167,,,0,100,,5551,167,,,0,100,,5541,167,,,0,100,,5555,167,,,0
1000,'f29e6a89-2c24-4546-a5bf-65191f526c55',843,,5569,167,,,0,98,,5557,167,,,0,100,,5570,167,,,0,100,,5561,167,,,0,100,,5562,167,,,0,100,,5564,167,,,0,100,,5563,167,,,0,100,,5567,167,,,0,100,,5568,167,,,0,101,,5559,167,,,0,100,,5560,167,,,0,100,,5565,167,,,0,100,,5558,167,,,0,100,,5556,167,,,0,100,,5566,167,,,0
10000,'4bf8087f-7a14-48a7-b190-74a0cc4c73da',757,,5700,33,,,0,89,,5717,33,,,0,89,,5702,33,,,0,89,,5705,33,,,0,89,,5715,33,,,0,24,,5712,33,,,0,65,,5710,33,,,0,24,,5699,33,,,0,25,,5698,33,,,0,64,,5697,33,,,0,25,,5707,33,,,0,64,,5709,33,,,0,25,,5723,33,,,0,24,,5720,33,,,0,65,,5716,33,,,0,24,,5721,33,,,0,65,,5713,33,,,0,25,,5704,33,,,0,26,,5722,33,,,0,65,,5719,33,,,0,25,,5724,33,,,0,65,,5718,33,,,0,87,,5703,33,,,0,47,,5714,33,,,0,87,,5708,33,,,0,87,,5711,33,,,0,86,,5706,33,,,0,46,,5701,33,,,0
10000,'8d01581c-cf93-4a74-9f42-0fb702955d15',757,,5728,33,,,0,89,,5745,33,,,0,89,,5747,33,,,0,89,,5730,33,,,0,89,,5729,33,,,0,24,,5731,33,,,0,65,,5742,33,,,0,24,,5735,33,,,0,25,,5748,33,,,0,64,,5727,33,,,0,25,,5738,33,,,0,64,,5751,33,,,0,25,,5736,33,,,0,24,,5741,33,,,0,65,,5750,33,,,0,24,,5733,33,,,0,65,,5752,33,,,0,25,,5737,33,,,0,26,,5734,33,,,0,65,,5725,33,,,0,25,,5743,33,,,0,65,,5749,33,,,0,87,,5739,33,,,0,47,,5746,33,,,0,87,,5732,33,,,0,87,,5740,33,,,0,86,,5726,33,,,0,46,,5744,33,,,0
10000,'9881fb63-ca97-484f-b0ca-1bb7e4ca8571',721,,5772,33,,,0,19,,5767,33,,,0,69,,5758,33,,,0,22,,5763,33,,,0,27,,5756,33,,,0,64,,5769,33,,,0,25,,5773,33,,,0,64,,5780,33,,,0,25,,5757,33,,,0,64,,5779,33,,,0,25,,5771,33,,,0,24,,5781,33,,,0,65,,5785,33,,,0,24,,5788,33,,,0,66,,5765,33,,,0,25,,5783,33,,,0,26,,5776,33,,,0,65,,5764,33,,,0,26,,5790,33,,,0,64,,5777,33,,,0,26,,5762,33,,,0,64,,5760,33,,,0,25,,5784,33,,,0,24,,5774,33,,,0,64,,5766,33,,,0,24,,5775,33,,,0,63,,5789,33,,,0,24,,5753,33,,,0,23,,5782,33,,,0,64,,5787,33,,,0,23,,5778,33,,,0,24,,5770,33,,,0,63,,5759,33,,,0,23,,5786,33,,,0,63,,5768,33,,,0,23,,5755,33,,,0,23,,5754,33,,,0,86,,5761,33,,,0
10000,'a06a7e47-f820-49a2-88af-ccffc941c6bc',755,,5807,33,,,0,64,,5821,33,,,0,25,,5792,33,,,0,64,,5794,33,,,0,25,,5798,33,,,0,24,,5803,33,,,0,65,,5800,33,,,0,24,,5822,33,,,0,65,,5814,33,,,0,24,,5811,33,,,0,65,,5826,33,,,0,24,,5802,33,,,0,25,,5819,33,,,0,64,,5801,33,,,0,25,,5813,33,,,0,64,,5820,33,,,0,25,,5791,33,,,0,24,,5823,33,,,0,65,,5824,33,,,0,25,,5818,33,,,0,66,,5808,33,,,0,25,,5809,33,,,0,26,,5793,33,,,0,65,,5799,33,,,0,25,,5815,33,,,0,65,,5796,33,,,0,22,,5806,33,,,0,65,,5816,33,,,0,22,,5805,33,,,0,25,,5797,33,,,0,62,,5810,33,,,0,25,,5795,33,,,0,21,,5825,33,,,0,65,,5817,33,,,0,22,,5804,33,,,0,86,,5812,33,,,0
10000,'af2e8e03-0a42-4469-a2b8-e03c803b7d24',757,,5833,33,,,0,89,,5838,33,,,0,89,,5847,33,,,0,89,,5834,33,,,0,89,,5846,33,,,0,24,,5830,33,,,0,65,,5848,33,,,0,24,,5841,33,,,0,25,,5843,33,,,0,64,,5850,33,,,0,25,,5840,33,,,0,64,,5845,33,,,0,25,,5842,33,,,0,24,,5827,33,,,0,65,,5837,33,,,0,24,,5854,33,,,0,65,,5852,33,,,0,25,,5836,33,,,0,26,,5831,33,,,0,65,,5839,33,,,0,25,,5849,33,,,0,65,,5828,33,,,0,87,,5851,33,,,0,47,,5829,33,,,0,87,,5835,33,,,0,87,,5853,33,,,0,86,,5844,33,,,0,46,,5832,33,,,0
10000,'f29e6a89-2c24-4546-a5bf-65191f526c55',757,,5881,33,,,0,89,,5872,33,,,0,89,,5878,33,,,0,89,,5858,33,,,0,89,,5862,33,,,0,24,,5868,33,,,0,65,,5875,33,,,0,24,,5882,33,,,0,25,,5876,33,,,0,64,,5865,33,,,0,25,,5879,33,,,0,64,,5866,33,,,0,25,,5871,33,,,0,24,,5855,33,,,0,65,,5869,33,,,0,24,,5870,33,,,0,65,,5863,33,,,0,25,,5880,33,,,0,26,,5859,33,,,0,65,,5874,33,,,0,25,,5877,33,,,0,65,,5860,33,,,0,87,,5856,33,,,0,47,,5864,33,,,0,87,,5873,33,,,0,87,,5867,33,,,0,86,,5857,33,,,0,46,,5861,33,,,0
