1000700,'4bf8087f-7a14-48a7-b190-74a0cc4c73da',942,,6309,52,,,0,100,,6306,52,,,0,100,,6300,52,,,0,100,,6298,52,,,0,100,,6305,52,,,0,100,,6307,52,,,0,100,,6299,52,,,0,100,,6302,52,,,0,101,,6297,52,,,0,100,,6303,52,,,0,100,,6301,52,,,0,99,,6304,52,,,0,100,,6296,52,,,0
1000700,'8d01581c-cf93-4a74-9f42-0fb702955d15',942,,6323,52,,,0,100,,6320,52,,,0,100,,6312,52,,,0,100,,6315,52,,,0,100,,6313,52,,,0,100,,6318,52,,,0,100,,6311,52,,,0,100,,6316,52,,,0,101,,6319,52,,,0,100,,6321,52,,,0,100,,6314,52,,,0,99,,6310,52,,,0,100,,6322,43,,,0
1000700,'9881fb63-ca97-484f-b0ca-1bb7e4ca8571',543,,6324,52,,,0,70,,6335,52,,,0,29,,6339,52,,,0,65,,6353,52,,,0,33,,6328,52,,,0,67,,6346,52,,,0,35,,6347,52,,,0,70,,6344,52,,,0,30,,6336,52,,,0,70,,6352,52,,,0,30,,6349,52,,,0,70,,6354,52,,,0,30,,6356,52,,,0,70,,6357,52,,,0,30,,6340,52,,,0,70,,6331,52,,,0,28,,6338,52,,,0,70,,6329,52,,,0,30,,6333,52,,,0,70,,6343,52,,,0,30,,6337,52,,,0,70,,6341,52,,,0,30,,6345,52,,,0,70,,6326,52,,,0,32,,6350,52,,,0,70,,6330,52,,,0,32,,6351,52,,,0,98,,6348,52,,,0,101,,6325,52,,,0,98,,6332,52,,,0,102,,6355,52,,,0,96,,6334,43,,,0
1000700,'a06a7e47-f820-49a2-88af-ccffc941c6bc',642,,6366,52,,,0,70,,6385,52,,,0,30,,6383,52,,,0,70,,6361,52,,,0,30,,6358,52,,,0,70,,6386,52,,,0,30,,6378,52,,,0,70,,6359,52,,,0,30,,6364,52,,,0,76,,6360,52,,,0,24,,6370,52,,,0,70,,6382,52,,,0,30,,6389,52,,,0,70,,6368,52,,,0,30,,6380,52,,,0,70,,6384,52,,,0,30,,6381,52,,,0,70,,6377,52,,,0,30,,6374,52,,,0,70,,6367,52,,,0,30,,6363,52,,,0,70,,6387,52,,,0,31,,6379,52,,,0,70,,6372,52,,,0,30,,6362,52,,,0,100,,6388,52,,,0,99,,6365,52,,,0,100,,6371,52,,,0,100,,6376,52,,,0,100,,6373,43,,,0
1000700,'af2e8e03-0a42-4469-a2b8-e03c803b7d24',942,,6392,52,,,0,100,,6390,52,,,0,100,,6396,52,,,0,100,,6399,52,,,0,100,,6391,52,,,0,100,,6401,52,,,0,100,,6395,52,,,0,100,,6400,52,,,0,101,,6397,52,,,0,100,,6394,52,,,0,100,,6403,52,,,0,99,,6393,52,,,0,100,,6398,43,,,0
1000700,'f29e6a89-2c24-4546-a5bf-65191f526c55',942,,6409,52,,,0,100,,6411,52,,,0,100,,6413,52,,,0,100,,6406,52,,,0,100,,6407,52,,,0,100,,6415,52,,,0,100,,6414,52,,,0,100,,6410,52,,,0,101,,6416,52,,,0,100,,6408,52,,,0,100,,6404,52,,,0,99,,6412,52,,,0,100,,6405,43,,,0
1000800,'4bf8087f-7a14-48a7-b190-74a0cc4c73da',841,,6420,19,,,0,100,,6419,67,,,0,98,,6433,67,,,0,100,,6434,67,,,0,100,,6427,67,,,0,100,,6422,67,,,0,100,,6421,67,,,0,100,,6431,67,,,0,101,,6430,67,,,0,100,,6443,67,,,0,100,,6424,67,,,0,100,,6446,67,,,0,101,,6429,67,,,0,100,,6442,67,,,0
1000800,'8d01581c-cf93-4a74-9f42-0fb702955d15',841,,6456,19,,,0,100,,6460,67,,,0,98,,6452,67,,,0,100,,6451,67,,,0,100,,6453,67,,,0,100,,6449,67,,,0,100,,6467,67,,,0,100,,6466,67,,,0,101,,6462,67,,,0,100,,6447,67,,,0,100,,6458,67,,,0,100,,6450,67,,,0,101,,6461,67,,,0,100,,6469,67,,,0
1000800,'9881fb63-ca97-484f-b0ca-1bb7e4ca8571',441,,6490,15,,,0,69,,6493,15,,,0,31,,6481,121,,,0,70,,6483,121,,,0,30,,6487,121,,,0,70,,6499,121,,,0,27,,6495,76,,,0,73,,6479,121,,,0,30,,6511,121,,,0,70,,6502,121,,,0,30,,6477,121,,,0,70,,6506,121,,,0,28,,6476,121,,,0,70,,6505,121,,,0,30,,6494,121,,,0,70,,6507,121,,,0,30,,6496,121,,,0,70,,6503,121,,,0,30,,6500,121,,,0,70,,6501,121,,,0,30,,6497,76,,,0,70,,6508,121,,,0,30,,6513,121,,,0,70,,6485,121,,,0,31,,6489,121,,,0,70,,6510,121,,,0,30,,6492,121,,,0,70,,6484,121,,,0,30,,6475,67,,,0,70,,6509,121,,,0,30,,6491,67,,,0,101,,6498,67,,,0,100,,6504,67,,,0,100,,6486,67,,,0,100,,6480,67,,,0
1000800,'a06a7e47-f820-49a2-88af-ccffc941c6bc',711,,6535,15,,,0,30,,6541,121,,,0,70,,6537,121,,,0,30,,6543,121,,,0,70,,6546,121,,,0,30,,6519,121,,,0,70,,6529,121,,,0,28,,6538,121,,,0,70,,6531,121,,,0,30,,6522,121,,,0,70,,6526,121,,,0,30,,6515,121,,,0,70,,6518,121,,,0,30,,6547,121,,,0,70,,6532,121,,,0,30,,6530,121,,,0,70,,6550,121,,,0,30,,6516,121,,,0,70,,6540,121,,,0,31,,6523,121,,,0,70,,6517,121,,,0,30,,6542,121,,,0,70,,6527,121,,,0,30,,6514,67,,,0,70,,6548,121,,,0,30,,6528,67,,,0,101,,6521,67,,,0,100,,6525,67,,,0,100,,6536,67,,,0,100,,6533,67,,,0
1000800,'af2e8e03-0a42-4469-a2b8-e03c803b7d24',841,,6577,19,,,0,100,,6559,67,,,0,98,,6574,67,,,0,100,,6562,67,,,0,100,,6573,67,,,0,100,,6563,67,,,0,100,,6576,67,,,0,100,,6565,67,,,0,101,,6561,67,,,0,100,,6551,67,,,0,100,,6570,67,,,0,100,,6560,67,,,0,101,,6552,67,,,0,100,,6568,67,,,0
1000800,'f29e6a89-2c24-4546-a5bf-65191f526c55',841,,6594,19,,,0,100,,6593,67,,,0,98,,6585,67,,,0,100,,6598,67,,,0,100,,6581,67,,,0,100,,6591,67,,,0,100,,6586,67,,,0,100,,6595,67,,,0,101,,6590,67,,,0,100,,6602,67,,,0,100,,6596,67,,,0,100,,6588,67,,,0,101,,6600,67,,,0,100,,6580,67,,,0
