1001200,'4bf8087f-7a14-48a7-b190-74a0cc4c73da',818,,6732,27,,,0,100,,6736,27,,,0,100,,6730,27,,,0,103,,6737,27,,,0,100,,6739,27,,,0,100,,6731,27,,,0,110,,6741,27,,,0,100,,6735,27,,,0,110,,6742,27,,,0,100,,6734,27,,,0,107,,6733,27,,,0,100,,6740,27,,,0,100,,6743,27,,,0,100,,6738,27,,,0
1001200,'8d01581c-cf93-4a74-9f42-0fb702955d15',818,,6745,27,,,0,100,,6757,27,,,0,100,,6750,27,,,0,103,,6755,27,,,0,100,,6747,27,,,0,100,,6754,27,,,0,110,,6744,27,,,0,100,,6751,27,,,0,110,,6749,27,,,0,100,,6752,27,,,0,107,,6748,27,,,0,100,,6746,27,,,0,100,,6753,27,,,0,100,,6756,27,,,0
1001200,'9881fb63-ca97-484f-b0ca-1bb7e4ca8571',549,,6788,27,,,0,72,,6776,27,,,0,34,,6785,27,,,0,70,,6769,27,,,0,28,,6781,27,,,0,75,,6762,27,,,0,75,,6783,27,,,0,30,,6770,27,,,0,70,,6789,27,,,0,35,,6780,27,,,0,75,,6764,27,,,0,30,,6778,27,,,0,70,,6784,27,,,0,35,,6761,27,,,0,75,,6782,27,,,0,30,,6786,27,,,0,77,,6767,27,,,0,73,,6773,27,,,0,35,,6768,27,,,0,75,,6777,27,,,0,35,,6787,27,,,0,75,,6771,27,,,0,34,,6775,27,,,0,75,,6766,27,,,0,75,,6760,27,,,0,35,,6779,27,,,0,70,,6772,27,,,0,30,,6763,27,,,0,100,,6774,27,,,0,100,,6758,27,,,0,110,,6765,27,,,0
1001200,'a06a7e47-f820-49a2-88af-ccffc941c6bc',632,,6795,27,,,0,70,,6793,27,,,0,30,,6791,27,,,0,70,,6805,27,,,0,30,,6799,27,,,0,70,,6810,27,,,0,30,,6800,27,,,0,70,,6813,27,,,0,31,,6811,27,,,0,73,,6816,27,,,0,33,,6792,27,,,0,70,,6817,27,,,0,30,,6819,27,,,0,80,,6796,27,,,0,30,,6807,27,,,0,70,,6794,27,,,0,30,,6815,27,,,0,80,,6814,27,,,0,30,,6802,27,,,0,70,,6818,27,,,0,30,,6804,27,,,0,82,,6808,27,,,0,70,,6812,27,,,0,30,,6809,27,,,0,70,,6798,27,,,0,33,,6806,27,,,0,70,,6801,27,,,0,30,,6803,27,,,0,100,,6820,27,,,0,100,,6790,27,,,0,100,,6797,27,,,0
1001200,'af2e8e03-0a42-4469-a2b8-e03c803b7d24',818,,6834,27,,,0,100,,6830,27,,,0,100,,6824,27,,,0,103,,6831,27,,,0,100,,6828,27,,,0,100,,6832,27,,,0,110,,6826,27,,,0,100,,6829,27,,,0,110,,6822,27,,,0,100,,6827,27,,,0,107,,6821,27,,,0,100,,6823,27,,,0,100,,6825,27,,,0,100,,6833,27,,,0
1001200,'f29e6a89-2c24-4546-a5bf-65191f526c55',818,,6848,27,,,0,100,,6842,27,,,0,100,,6840,27,,,0,103,,6841,27,,,0,100,,6844,27,,,0,100,,6837,27,,,0,110,,6839,27,,,0,100,,6838,27,,,0,110,,6847,27,,,0,100,,6836,27,,,0,107,,6843,27,,,0,100,,6845,27,,,0,100,,6835,27,,,0,100,,6846,27,,,0
1001500,'8d01581c-cf93-4a74-9f42-0fb702955d15',746,,6862,17,,,0,76,,6865,17,,,0,36,,6852,17,,,0,76,,6856,17,,,0,78,,6849,17,,,0,38,,6863,17,,,0,76,,6851,17,,,0,76,,6868,17,,,0,36,,6864,17,,,0,76,,6855,17,,,0,38,,6866,17,,,0,76,,6859,17,,,0,76,,6854,17,,,0,36,,6867,17,,,0,76,,6857,17,,,0,36,,6861,17,,,0,78,,6850,17,,,0,76,,6853,17,,,0,36,,6860,17,,,0,76,,6858,17,,,0
1001500,'9881fb63-ca97-484f-b0ca-1bb7e4ca8571',600,,6874,17,,,0,37,,6880,17,,,0,78,,6869,17,,,0,38,,6873,17,,,0,82,,6888,17,,,0,80,,6879,17,,,0,40,,6871,17,,,0,80,,6872,17,,,0,80,,6875,17,,,0,40,,6883,17,,,0,80,,6877,17,,,0,82,,6885,17,,,0,42,,6882,17,,,0,82,,6886,17,,,0,82,,6889,17,,,0,80,,6870,17,,,0,40,,6876,17,,,0,80,,6881,17,,,0,82,,6884,17,,,0,42,,6887,17,,,0,82,,6878,17,,,0
1001500,'a06a7e47-f820-49a2-88af-ccffc941c6bc',746,,6902,17,,,0,76,,6890,17,,,0,36,,6903,17,,,0,76,,6907,17,,,0,78,,6893,17,,,0,38,,6898,17,,,0,76,,6896,17,,,0,76,,6897,17,,,0,36,,6908,17,,,0,76,,6891,17,,,0,38,,6892,17,,,0,76,,6905,17,,,0,76,,6900,17,,,0,36,,6894,17,,,0,76,,6906,17,,,0,36,,6895,17,,,0,78,,6901,17,,,0,76,,6909,17,,,0,36,,6899,17,,,0,76,,6904,17,,,0
1001500,'af2e8e03-0a42-4469-a2b8-e03c803b7d24',746,,6922,17,,,0,76,,6911,17,,,0,36,,6916,17,,,0,76,,6918,17,,,0,78,,6924,17,,,0,38,,6919,17,,,0,76,,6912,17,,,0,76,,6925,17,,,0,36,,6923,17,,,0,76,,6928,17,,,0,38,,6929,17,,,0,76,,6921,17,,,0,76,,6913,17,,,0,36,,6915,17,,,0,76,,6914,17,,,0,36,,6917,17,,,0,78,,6920,17,,,0,76,,6910,17,,,0,36,,6927,17,,,0,76,,6926,17,,,0
