1000700,'4bf8087f-7a14-48a7-b190-74a0cc4c73da',948,,6309,65,,,0,100,,6306,65,,,0,100,,6300,65,,,0,100,,6298,65,,,0,100,,6305,65,,,0,100,,6307,65,,,0,100,,6299,65,,,0,100,,6302,65,,,0,101,,6297,65,,,0,100,,6303,65,,,0,100,,6301,65,,,0,99,,6304,65,,,0,100,,6296,65,,,0
1000700,'8d01581c-cf93-4a74-9f42-0fb702955d15',948,,6323,65,,,0,100,,6320,65,,,0,100,,6312,65,,,0,100,,6315,65,,,0,100,,6313,65,,,0,100,,6318,65,,,0,100,,6311,65,,,0,100,,6316,65,,,0,101,,6319,65,,,0,100,,6321,65,,,0,100,,6314,65,,,0,99,,6310,65,,,0,100,,6322,52,,,0
1000700,'9881fb63-ca97-484f-b0ca-1bb7e4ca8571',548,,6324,65,,,0,70,,6335,65,,,0,30,,6339,65,,,0,65,,6353,65,,,0,33,,6328,65,,,0,67,,6346,65,,,0,35,,6347,65,,,0,70,,6344,65,,,0,30,,6336,65,,,0,70,,6352,65,,,0,30,,6349,65,,,0,70,,6354,65,,,0,30,,6356,65,,,0,70,,6357,65,,,0,30,,6340,65,,,0,70,,6331,65,,,0,29,,6338,65,,,0,70,,6329,65,,,0,30,,6333,65,,,0,70,,6343,65,,,0,30,,6337,65,,,0,70,,6341,65,,,0,29,,6345,65,,,0,70,,6326,65,,,0,32,,6350,65,,,0,70,,6330,65,,,0,32,,6351,65,,,0,98,,6348,65,,,0,101,,6325,65,,,0,98,,6332,65,,,0,102,,6355,65,,,0,96,,6334,54,,,0
1000700,'a06a7e47-f820-49a2-88af-ccffc941c6bc',648,,6366,65,,,0,70,,6385,65,,,0,30,,6383,65,,,0,70,,6361,65,,,0,30,,6358,65,,,0,70,,6386,65,,,0,30,,6378,65,,,0,70,,6359,65,,,0,30,,6364,65,,,0,79,,6360,65,,,0,21,,6370,65,,,0,70,,6382,65,,,0,30,,6389,65,,,0,70,,6368,65,,,0,30,,6380,65,,,0,70,,6384,65,,,0,30,,6381,65,,,0,70,,6377,65,,,0,30,,6374,65,,,0,70,,6367,65,,,0,30,,6363,65,,,0,70,,6387,65,,,0,31,,6379,65,,,0,70,,6372,65,,,0,30,,6362,65,,,0,100,,6388,65,,,0,99,,6365,65,,,0,100,,6371,65,,,0,100,,6376,65,,,0,100,,6373,52,,,0
1000700,'af2e8e03-0a42-4469-a2b8-e03c803b7d24',948,,6392,65,,,0,100,,6390,65,,,0,100,,6396,65,,,0,100,,6399,65,,,0,100,,6391,65,,,0,100,,6401,65,,,0,100,,6395,65,,,0,100,,6400,65,,,0,101,,6397,65,,,0,100,,6394,65,,,0,100,,6403,65,,,0,99,,6393,65,,,0,100,,6398,52,,,0
1000700,'f29e6a89-2c24-4546-a5bf-65191f526c55',948,,6409,65,,,0,100,,6411,65,,,0,100,,6413,65,,,0,100,,6406,65,,,0,100,,6407,65,,,0,100,,6415,65,,,0,100,,6414,65,,,0,100,,6410,65,,,0,101,,6416,65,,,0,100,,6408,65,,,0,100,,6404,65,,,0,99,,6412,65,,,0,100,,6405,52,,,0
2000801,'4bf8087f-7a14-48a7-b190-74a0cc4c73da',933,,7363,71,,,0,100,,7362,188,,,0,100,,7371,188,,,0,100,,7368,188,,,0,100,,7364,188,,,0,100,,7367,188,,,0,100,,7365,188,,,0,100,,7374,188,,,0,97,,7369,188,,,0,100,,7370,188,,,0,100,,7361,188,,,0,99,,7366,188,,,0,100,,7373,188,,,0,112,,7372,188,,,0
2000801,'8d01581c-cf93-4a74-9f42-0fb702955d15',933,,7380,71,,,0,100,,7376,188,,,0,100,,7384,188,,,0,100,,7377,188,,,0,100,,7381,188,,,0,100,,7387,188,,,0,100,,7382,188,,,0,100,,7388,188,,,0,97,,7383,188,,,0,100,,7385,188,,,0,100,,7386,188,,,0,99,,7375,188,,,0,100,,7378,188,,,0
2000801,'9881fb63-ca97-484f-b0ca-1bb7e4ca8571',510,,7389,71,,,0,100,,7392,71,,,0,21,,7401,188,,,0,70,,7405,188,,,0,30,,7391,142,,,0,70,,7399,188,,,0,30,,7404,188,,,0,70,,7396,188,,,0,31,,7393,188,,,0,70,,7418,188,,,0,31,,7402,188,,,0,70,,7400,188,,,0,30,,7411,188,,,0,70,,7406,188,,,0,31,,7416,188,,,0,70,,7414,188,,,0,30,,7398,188,,,0,70,,7417,188,,,0,30,,7390,142,,,0,71,,7397,188,,,0,30,,7422,188,,,0,70,,7403,188,,,0,30,,7409,188,,,0,72,,7408,188,,,0,31,,7419,188,,,0,69,,7415,188,,,0,28,,7421,188,,,0,101,,7410,188,,,0,100,,7394,188,,,0,95,,7407,188,,,0,100,,7413,188,,,0,100,,7412,188,,,0
2000801,'a06a7e47-f820-49a2-88af-ccffc941c6bc',701,,7425,71,,,0,30,,7446,71,,,0,70,,7423,188,,,0,30,,7431,188,,,0,70,,7428,188,,,0,31,,7433,188,,,0,70,,7435,188,,,0,31,,7440,188,,,0,70,,7424,188,,,0,30,,7432,188,,,0,70,,7444,188,,,0,31,,7451,188,,,0,70,,7452,188,,,0,30,,7447,188,,,0,70,,7453,188,,,0,30,,7426,188,,,0,70,,7448,188,,,0,30,,7450,188,,,0,70,,7438,188,,,0,30,,7430,188,,,0,72,,7434,188,,,0,31,,7429,188,,,0,70,,7436,188,,,0,28,,7441,188,,,0,101,,7437,188,,,0,100,,7443,188,,,0,95,,7427,188,,,0,100,,7445,188,,,0,100,,7449,188,,,0
2000801,'af2e8e03-0a42-4469-a2b8-e03c803b7d24',933,,7455,71,,,0,100,,7465,188,,,0,100,,7454,188,,,0,100,,7467,188,,,0,100,,7460,188,,,0,100,,7457,188,,,0,100,,7459,188,,,0,100,,7458,188,,,0,97,,7461,188,,,0,100,,7466,188,,,0,100,,7464,188,,,0,99,,7463,188,,,0,100,,7456,188,,,0
2000801,'f29e6a89-2c24-4546-a5bf-65191f526c55',933,,7472,71,,,0,100,,7477,188,,,0,100,,7473,188,,,0,100,,7478,188,,,0,100,,7476,188,,,0,100,,7481,188,,,0,100,,7468,188,,,0,100,,7469,188,,,0,97,,7479,188,,,0,100,,7480,188,,,0,100,,7471,188,,,0,99,,7475,188,,,0,100,,7470,188,,,0
