2000801,'4bf8087f-7a14-48a7-b190-74a0cc4c73da',923,,7363,36,,,0,100,,7362,151,,,0,100,,7371,151,,,0,100,,7368,151,,,0,100,,7364,151,,,0,100,,7367,151,,,0,100,,7365,151,,,0,100,,7374,151,,,0,97,,7369,151,,,0,100,,7370,151,,,0,100,,7361,151,,,0,99,,7366,151,,,0,100,,7373,151,,,0,112,,7372,151,,,0
2000801,'8d01581c-cf93-4a74-9f42-0fb702955d15',923,,7380,36,,,0,100,,7376,151,,,0,100,,7384,151,,,0,100,,7377,151,,,0,100,,7381,151,,,0,100,,7387,151,,,0,100,,7382,151,,,0,100,,7388,151,,,0,97,,7383,151,,,0,100,,7385,151,,,0,100,,7386,151,,,0,99,,7375,151,,,0,100,,7378,151,,,0
2000801,'9881fb63-ca97-484f-b0ca-1bb7e4ca8571',500,,7389,36,,,0,100,,7392,36,,,0,21,,7401,151,,,0,30,,7405,151,,,0,70,,7391,108,,,0,30,,7399,151,,,0,70,,7404,151,,,0,30,,7396,151,,,0,71,,7393,151,,,0,30,,7418,151,,,0,71,,7402,151,,,0,30,,7400,151,,,0,70,,7411,151,,,0,30,,7406,151,,,0,71,,7416,151,,,0,30,,7414,151,,,0,70,,7398,151,,,0,30,,7417,151,,,0,70,,7390,108,,,0,30,,7397,151,,,0,70,,7422,151,,,0,30,,7403,151,,,0,70,,7409,151,,,0,32,,7408,151,,,0,71,,7419,151,,,0,30,,7415,151,,,0,68,,7421,151,,,0,101,,7410,151,,,0,100,,7394,151,,,0,95,,7407,151,,,0,100,,7413,151,,,0,100,,7412,151,,,0
2000801,'a06a7e47-f820-49a2-88af-ccffc941c6bc',651,,7425,36,,,0,70,,7446,36,,,0,30,,7423,151,,,0,70,,7431,151,,,0,30,,7428,151,,,0,71,,7433,151,,,0,30,,7435,151,,,0,71,,7440,151,,,0,30,,7424,151,,,0,70,,7432,151,,,0,30,,7444,151,,,0,71,,7451,151,,,0,30,,7452,151,,,0,70,,7447,151,,,0,30,,7453,151,,,0,70,,7426,151,,,0,30,,7448,151,,,0,70,,7450,151,,,0,30,,7438,151,,,0,70,,7430,151,,,0,32,,7434,151,,,0,71,,7429,151,,,0,30,,7436,151,,,0,68,,7441,151,,,0,101,,7437,151,,,0,100,,7443,151,,,0,95,,7427,151,,,0,100,,7445,151,,,0,100,,7449,151,,,0
2000801,'af2e8e03-0a42-4469-a2b8-e03c803b7d24',923,,7455,36,,,0,100,,7465,151,,,0,100,,7454,151,,,0,100,,7467,151,,,0,100,,7460,151,,,0,100,,7457,151,,,0,100,,7459,151,,,0,100,,7458,151,,,0,97,,7461,151,,,0,100,,7466,151,,,0,100,,7464,151,,,0,99,,7463,151,,,0,100,,7456,151,,,0
2000801,'f29e6a89-2c24-4546-a5bf-65191f526c55',923,,7472,36,,,0,100,,7477,151,,,0,100,,7473,151,,,0,100,,7478,151,,,0,100,,7476,151,,,0,100,,7481,151,,,0,100,,7468,151,,,0,100,,7469,151,,,0,97,,7479,151,,,0,100,,7480,151,,,0,100,,7471,151,,,0,99,,7475,151,,,0,100,,7470,151,,,0
2001200,'4bf8087f-7a14-48a7-b190-74a0cc4c73da',824,,7495,57,,,0,100,,7492,57,,,0,100,,7483,57,,,0,100,,7485,57,,,0,103,,7482,57,,,0,109,,7484,57,,,0,100,,7486,57,,,0,110,,7491,57,,,0,100,,7490,57,,,0,110,,7487,57,,,0,100,,7488,57,,,0,100,,7493,57,,,0,100,,7494,57,,,0,174,,7489,57,,,0
2001200,'8d01581c-cf93-4a74-9f42-0fb702955d15',824,,7497,57,,,0,100,,7503,57,,,0,100,,7502,57,,,0,100,,7498,57,,,0,103,,7506,57,,,0,109,,7509,57,,,0,100,,7501,57,,,0,110,,7504,57,,,0,100,,7500,57,,,0,110,,7508,57,,,0,100,,7505,57,,,0,100,,7496,57,,,0,100,,7507,57,,,0,102,,7499,57,,,0
2001200,'9881fb63-ca97-484f-b0ca-1bb7e4ca8571',530,,7530,57,,,0,75,,7528,57,,,0,23,,7527,57,,,0,28,,7538,57,,,0,73,,7517,57,,,0,74,,7518,57,,,0,33,,7534,57,,,0,70,,7521,57,,,0,35,,7512,57,,,0,75,,7525,57,,,0,30,,7520,57,,,0,70,,7511,57,,,0,35,,7523,57,,,0,74,,7513,57,,,0,30,,7524,57,,,0,70,,7529,57,,,0,75,,7540,57,,,0,35,,7522,57,,,0,79,,7514,57,,,0,35,,7536,57,,,0,75,,7537,57,,,0,35,,7510,57,,,0,75,,7535,57,,,0,75,,7531,57,,,0,35,,7542,57,,,0,63,,7532,57,,,0,35,,7516,57,,,0,75,,7519,57,,,0,35,,7526,57,,,0,70,,7539,57,,,0,30,,7515,57,,,0,100,,7533,57,,,0,100,,7541,57,,,0
2001200,'a06a7e47-f820-49a2-88af-ccffc941c6bc',640,,7548,57,,,0,70,,7565,57,,,0,30,,7552,57,,,0,68,,7559,57,,,0,30,,7561,57,,,0,70,,7554,57,,,0,30,,7553,57,,,0,70,,7545,57,,,0,33,,7574,57,,,0,70,,7571,57,,,0,30,,7564,57,,,0,84,,7543,57,,,0,30,,7557,57,,,0,70,,7544,57,,,0,30,,7566,57,,,0,79,,7550,57,,,0,70,,7569,57,,,0,30,,7546,57,,,0,70,,7570,57,,,0,40,,7567,57,,,0,70,,7558,57,,,0,30,,7573,57,,,0,70,,7555,57,,,0,40,,7547,57,,,0,70,,7562,57,,,0,30,,7560,57,,,0,70,,7568,57,,,0,30,,7556,57,,,0,70,,7563,57,,,0,30,,7572,57,,,0,100,,7549,57,,,0,100,,7551,57,,,0
2001200,'af2e8e03-0a42-4469-a2b8-e03c803b7d24',824,,7576,57,,,0,100,,7586,57,,,0,100,,7588,57,,,0,100,,7575,57,,,0,103,,7584,57,,,0,109,,7578,57,,,0,100,,7587,57,,,0,110,,7582,57,,,0,100,,7579,57,,,0,110,,7581,57,,,0,100,,7583,57,,,0,100,,7577,57,,,0,100,,7585,57,,,0,102,,7580,57,,,0
2001200,'f29e6a89-2c24-4546-a5bf-65191f526c55',824,,7592,57,,,0,100,,7598,57,,,0,100,,7602,57,,,0,100,,7601,57,,,0,103,,7593,57,,,0,109,,7596,57,,,0,100,,7597,57,,,0,110,,7600,57,,,0,100,,7591,57,,,0,110,,7595,57,,,0,100,,7594,57,,,0,100,,7599,57,,,0,100,,7590,57,,,0,102,,7589,57,,,0
