1100,'8e896df6-2496-4d4f-9079-946c6e56c815',824,,2954,255,,,0,31,,2949,255,,,0,70,,2936,255,,,0,30,,2934,255,,,0,70,,2937,255,,,0,30,,2943,255,,,0,70,,2960,255,,,0,30,,2958,255,,,0,70,,2953,255,,,0,30,,2959,255,,,0,70,,2944,255,,,0,30,,2964,255,,,0,70,,2957,255,,,0,30,,2945,255,,,0,70,,2961,255,,,0,30,,2952,255,,,0,70,,2942,255,,,0,30,,2948,255,,,0,70,,2946,255,,,0,29,,2941,255,,,0,70,,2955,255,,,0,30,,2963,255,,,0,70,,2956,255,,,0,30,,2951,255,,,0,70,,2962,255,,,0,30,,2935,255,,,0,70,,2947,255,,,0,30,,2940,255,,,0,70,,2950,255,,,0,30,,2939,255,,,0,100,,2938,255,,,0
1100,'a1c1be47-a6f9-4187-8396-05fd20f2b819',924,,2974,255,,,0,101,,2969,255,,,0,100,,2966,255,,,0,100,,2967,255,,,0,100,,2971,255,,,0,100,,2965,255,,,0,100,,2976,255,,,0,100,,2968,255,,,0,100,,2979,255,,,0,99,,2978,255,,,0,100,,2972,255,,,0,100,,2973,255,,,0,100,,2970,255,,,0,100,,2975,255,,,0,100,,2977,255,,,0
1100,'fcfc42af-1cc2-48e2-a437-c965c0129a04',554,,2990,255,,,0,100,,3000,255,,,0,71,,3004,255,,,0,30,,3005,255,,,0,70,,2992,255,,,0,30,,2993,255,,,0,70,,3003,255,,,0,30,,2998,255,,,0,70,,3012,255,,,0,30,,2980,255,,,0,70,,3013,255,,,0,30,,3014,255,,,0,70,,2989,255,,,0,30,,2982,255,,,0,70,,3006,255,,,0,30,,2999,255,,,0,70,,3010,255,,,0,31,,2994,255,,,0,70,,2997,255,,,0,30,,2988,255,,,0,70,,3002,255,,,0,29,,3007,255,,,0,70,,2981,255,,,0,29,,3008,255,,,0,70,,2996,255,,,0,30,,2991,255,,,0,70,,2983,255,,,0,30,,3001,255,,,0,70,,2986,255,,,0,30,,2985,255,,,0,70,,2984,255,,,0,30,,2987,255,,,0,70,,3011,255,,,0,30,,3009,255,,,0,100,,2995,255,,,0
10100,'8e896df6-2496-4d4f-9079-946c6e56c815',753,,3130,150,,,0,85,,3122,150,,,0,62,,3128,150,,,0,23,,3147,150,,,0,22,,3120,150,,,0,63,,3134,150,,,0,22,,3149,150,,,0,23,,3137,150,,,0,62,,3136,150,,,0,23,,3133,150,,,0,62,,3138,150,,,0,23,,3144,150,,,0,22,,3146,150,,,0,63,,3125,150,,,0,28,,3140,150,,,0,65,,3121,150,,,0,25,,3135,150,,,0,26,,3123,150,,,0,67,,3150,150,,,0,26,,3139,150,,,0,65,,3119,150,,,0,26,,3151,150,,,0,65,,3131,150,,,0,26,,3126,150,,,0,25,,3142,150,,,0,66,,3118,150,,,0,25,,3143,150,,,0,66,,3127,150,,,0,22,,3141,150,,,0,26,,3117,150,,,0,64,,3148,150,,,0,24,,3152,150,,,0,62,,3132,150,,,0,24,,3129,150,,,0,23,,3124,150,,,0,90,,3145,150,,,0
10100,'a1c1be47-a6f9-4187-8396-05fd20f2b819',758,,3171,150,,,0,85,,3156,150,,,0,85,,3153,150,,,0,85,,3180,150,,,0,45,,3179,150,,,0,85,,3173,150,,,0,62,,3163,150,,,0,23,,3159,150,,,0,28,,3176,150,,,0,63,,3167,150,,,0,28,,3164,150,,,0,65,,3166,150,,,0,26,,3174,150,,,0,65,,3158,150,,,0,26,,3168,150,,,0,25,,3157,150,,,0,66,,3177,150,,,0,24,,3155,150,,,0,64,,3172,150,,,0,24,,3161,150,,,0,24,,3154,150,,,0,64,,3175,150,,,0,90,,3165,150,,,0,48,,3162,150,,,0,86,,3170,150,,,0,86,,3160,150,,,0,86,,3178,150,,,0,86,,3169,150,,,0
10100,'fcfc42af-1cc2-48e2-a437-c965c0129a04',743,,3190,150,,,0,62,,3189,150,,,0,23,,3202,150,,,0,22,,3204,150,,,0,63,,3210,150,,,0,22,,3186,150,,,0,23,,3201,150,,,0,62,,3181,150,,,0,23,,3192,150,,,0,62,,3205,150,,,0,29,,3217,150,,,0,24,,3207,150,,,0,66,,3197,150,,,0,25,,3193,150,,,0,66,,3211,150,,,0,25,,3185,150,,,0,66,,3187,150,,,0,27,,3188,150,,,0,67,,3203,150,,,0,26,,3200,150,,,0,26,,3206,150,,,0,66,,3184,150,,,0,26,,3199,150,,,0,62,,3212,150,,,0,26,,3194,150,,,0,24,,3196,150,,,0,64,,3209,150,,,0,24,,3195,150,,,0,64,,3198,150,,,0,24,,3183,150,,,0,24,,3216,150,,,0,64,,3214,150,,,0,24,,3215,150,,,0,62,,3182,150,,,0,24,,3208,150,,,0,24,,3213,150,,,0,85,,3191,150,,,0
2000700,'8e896df6-2496-4d4f-9079-946c6e56c815',642,,3840,36,,,0,70,,3829,36,,,0,29,,3816,36,,,0,70,,3837,36,,,0,30,,3826,36,,,0,70,,3819,36,,,0,29,,3812,36,,,0,70,,3835,36,,,0,30,,3827,36,,,0,70,,3814,36,,,0,30,,3834,36,,,0,70,,3815,36,,,0,30,,3817,36,,,0,70,,3821,36,,,0,30,,3832,36,,,0,70,,3839,36,,,0,30,,3833,36,,,0,70,,3825,36,,,0,30,,3838,36,,,0,70,,3828,36,,,0,30,,3813,36,,,0,70,,3842,36,,,0,30,,3830,36,,,0,70,,3820,36,,,0,31,,3822,36,,,0,71,,3823,36,,,0,30,,3818,36,,,0,100,,3824,36,,,0,97,,3841,36,,,0,100,,3836,36,,,0,100,,3831,33,,,0
2000700,'a1c1be47-a6f9-4187-8396-05fd20f2b819',940,,3848,36,,,0,100,,3844,36,,,0,100,,3854,36,,,0,100,,3851,36,,,0,100,,3845,36,,,0,100,,3849,36,,,0,100,,3852,36,,,0,100,,3847,36,,,0,100,,3846,36,,,0,102,,3853,36,,,0,100,,3850,36,,,0,100,,3855,36,,,0,97,,3843,33,,,0
2000700,'fcfc42af-1cc2-48e2-a437-c965c0129a04',542,,3856,36,,,0,70,,3886,36,,,0,30,,3876,36,,,0,70,,3887,36,,,0,29,,3877,36,,,0,65,,3866,36,,,0,35,,3865,36,,,0,65,,3879,36,,,0,34,,3885,36,,,0,70,,3880,36,,,0,30,,3883,36,,,0,70,,3884,36,,,0,30,,3871,36,,,0,70,,3875,36,,,0,30,,3872,36,,,0,70,,3864,36,,,0,30,,3878,36,,,0,70,,3874,36,,,0,30,,3881,36,,,0,70,,3868,36,,,0,30,,3857,36,,,0,70,,3862,36,,,0,30,,3861,36,,,0,70,,3867,36,,,0,29,,3863,36,,,0,70,,3869,36,,,0,32,,3860,36,,,0,70,,3888,36,,,0,32,,3882,36,,,0,98,,3870,36,,,0,99,,3873,36,,,0,96,,3859,36,,,0,104,,3858,33,,,0
2000801,'8e896df6-2496-4d4f-9079-946c6e56c815',735,,4018,113,,,0,71,,3995,113,,,0,30,,4002,113,,,0,70,,4016,113,,,0,30,,4000,113,,,0,71,,3994,113,,,0,30,,4010,113,,,0,70,,3992,113,,,0,30,,3993,113,,,0,70,,4017,113,,,0,30,,4009,113,,,0,70,,3991,113,,,0,30,,3999,113,,,0,70,,4007,113,,,0,30,,4006,113,,,0,70,,4003,113,,,0,30,,4015,113,,,0,70,,4011,113,,,0,32,,4013,113,,,0,70,,3990,113,,,0,28,,4020,113,,,0,70,,4008,113,,,0,30,,4012,89,,,0,71,,3998,113,,,0,98,,3996,113,,,0,100,,4014,113,,,0,100,,4004,113,,,0,100,,4005,113,,,0,100,,4019,89,,,0
2000801,'a1c1be47-a6f9-4187-8396-05fd20f2b819',1006,,4021,113,,,0,101,,4031,113,,,0,100,,4024,113,,,0,100,,4029,113,,,0,100,,4028,113,,,0,100,,4022,113,,,0,100,,4026,113,,,0,98,,4034,113,,,0,100,,4027,113,,,0,100,,4033,113,,,0,98,,4023,113,,,0,100,,4025,113,,,0,100,,4032,89,,,0
2000801,'fcfc42af-1cc2-48e2-a437-c965c0129a04',606,,4067,113,,,0,30,,4041,113,,,0,69,,4057,78,,,0,31,,4046,113,,,0,70,,4038,113,,,0,30,,4055,113,,,0,70,,4039,113,,,0,30,,4048,113,,,0,71,,4066,113,,,0,30,,4051,113,,,0,70,,4059,113,,,0,30,,4065,113,,,0,70,,4064,113,,,0,30,,4056,113,,,0,70,,4036,113,,,0,30,,4062,113,,,0,70,,4054,78,,,0,31,,4047,113,,,0,70,,4035,113,,,0,30,,4063,113,,,0,70,,4044,113,,,0,31,,4043,113,,,0,71,,4053,113,,,0,27,,4068,113,,,0,70,,4042,113,,,0,30,,4037,89,,,0,71,,4061,113,,,0,98,,4060,113,,,0,100,,4050,113,,,0,100,,4045,113,,,0,100,,4049,113,,,0,100,,4058,89,,,0
2001200,'8e896df6-2496-4d4f-9079-946c6e56c815',628,,4085,28,,,0,30,,4100,28,,,0,70,,4099,28,,,0,72,,4069,28,,,0,30,,4089,28,,,0,70,,4087,28,,,0,30,,4076,28,,,0,70,,4075,28,,,0,33,,4079,28,,,0,70,,4078,28,,,0,30,,4088,28,,,0,82,,4077,28,,,0,30,,4072,28,,,0,70,,4083,28,,,0,30,,4092,28,,,0,79,,4070,28,,,0,30,,4081,28,,,0,70,,4096,28,,,0,30,,4073,28,,,0,80,,4082,28,,,0,70,,4093,28,,,0,30,,4090,28,,,0,70,,4097,28,,,0,40,,4091,28,,,0,70,,4080,28,,,0,30,,4071,28,,,0,70,,4086,28,,,0,30,,4084,28,,,0,70,,4095,28,,,0,30,,4094,28,,,0,100,,4074,28,,,0,100,,4098,28,,,0
2001200,'a1c1be47-a6f9-4187-8396-05fd20f2b819',816,,4114,28,,,0,100,,4106,28,,,0,100,,4105,28,,,0,100,,4111,28,,,0,103,,4103,28,,,0,107,,4112,28,,,0,100,,4110,28,,,0,110,,4107,28,,,0,100,,4101,28,,,0,110,,4104,28,,,0,100,,4109,28,,,0,100,,4108,28,,,0,100,,4113,28,,,0,102,,4102,28,,,0
2001200,'fcfc42af-1cc2-48e2-a437-c965c0129a04',521,,4131,28,,,0,35,,4144,28,,,0,60,,4122,28,,,0,30,,4147,28,,,0,72,,4138,28,,,0,34,,4121,28,,,0,73,,4136,28,,,0,30,,4129,28,,,0,75,,4132,28,,,0,75,,4133,28,,,0,30,,4145,28,,,0,70,,4118,28,,,0,35,,4127,28,,,0,76,,4140,28,,,0,30,,4119,28,,,0,70,,4115,28,,,0,35,,4120,28,,,0,75,,4139,28,,,0,76,,4135,28,,,0,35,,4125,28,,,0,75,,4128,28,,,0,35,,4137,28,,,0,75,,4141,28,,,0,35,,4117,28,,,0,75,,4124,28,,,0,24,,4134,28,,,0,75,,4146,28,,,0,75,,4116,28,,,0,35,,4143,28,,,0,70,,4126,28,,,0,30,,4123,28,,,0,100,,4130,28,,,0,100,,4142,28,,,0
