10000,'4bf8087f-7a14-48a7-b190-74a0cc4c73da',819,,5700,122,,,0,89,,5717,122,,,0,49,,5702,122,,,0,89,,5705,122,,,0,89,,5715,122,,,0,24,,5712,122,,,0,65,,5710,122,,,0,24,,5699,122,,,0,65,,5698,122,,,0,24,,5697,122,,,0,65,,5707,122,,,0,24,,5709,122,,,0,25,,5723,122,,,0,64,,5720,122,,,0,25,,5716,122,,,0,64,,5721,122,,,0,25,,5713,122,,,0,25,,5704,122,,,0,66,,5722,122,,,0,25,,5719,122,,,0,64,,5724,122,,,0,25,,5718,122,,,0,87,,5703,122,,,0,87,,5714,122,,,0,47,,5708,122,,,0,86,,5711,122,,,0,86,,5706,122,,,0,86,,5701,122,,,0
10000,'8d01581c-cf93-4a74-9f42-0fb702955d15',819,,5728,122,,,0,89,,5745,122,,,0,49,,5747,122,,,0,89,,5730,122,,,0,89,,5729,122,,,0,24,,5731,122,,,0,65,,5742,122,,,0,24,,5735,122,,,0,65,,5748,122,,,0,24,,5727,122,,,0,65,,5738,122,,,0,24,,5751,122,,,0,25,,5736,122,,,0,64,,5741,122,,,0,25,,5750,122,,,0,64,,5733,122,,,0,25,,5752,122,,,0,25,,5737,122,,,0,66,,5734,122,,,0,25,,5725,122,,,0,64,,5743,122,,,0,25,,5749,122,,,0,87,,5739,122,,,0,87,,5746,122,,,0,47,,5732,122,,,0,86,,5740,122,,,0,86,,5726,122,,,0,86,,5744,122,,,0
10000,'9881fb63-ca97-484f-b0ca-1bb7e4ca8571',741,,5772,122,,,0,61,,5767,122,,,0,29,,5758,122,,,0,22,,5763,122,,,0,67,,5756,122,,,0,24,,5769,122,,,0,65,,5773,122,,,0,24,,5780,122,,,0,25,,5757,122,,,0,64,,5779,122,,,0,25,,5771,122,,,0,64,,5781,122,,,0,25,,5785,122,,,0,64,,5788,122,,,0,27,,5765,122,,,0,25,,5783,122,,,0,66,,5776,122,,,0,25,,5764,122,,,0,66,,5790,122,,,0,23,,5777,122,,,0,26,,5762,122,,,0,64,,5760,122,,,0,25,,5784,122,,,0,64,,5774,122,,,0,23,,5766,122,,,0,24,,5775,122,,,0,63,,5789,122,,,0,24,,5753,122,,,0,63,,5782,122,,,0,24,,5787,122,,,0,23,,5778,122,,,0,63,,5770,122,,,0,23,,5759,122,,,0,63,,5786,122,,,0,23,,5768,122,,,0,23,,5755,122,,,0,63,,5754,122,,,0,46,,5761,122,,,0
10000,'a06a7e47-f820-49a2-88af-ccffc941c6bc',817,,5807,122,,,0,24,,5821,122,,,0,65,,5792,122,,,0,24,,5794,122,,,0,25,,5798,122,,,0,64,,5803,122,,,0,25,,5800,122,,,0,64,,5822,122,,,0,25,,5814,122,,,0,24,,5811,122,,,0,65,,5826,122,,,0,24,,5802,122,,,0,65,,5819,122,,,0,24,,5801,122,,,0,65,,5813,122,,,0,24,,5820,122,,,0,25,,5791,122,,,0,64,,5823,122,,,0,25,,5824,122,,,0,65,,5818,122,,,0,26,,5808,122,,,0,25,,5809,122,,,0,66,,5793,122,,,0,25,,5799,122,,,0,64,,5815,122,,,0,25,,5796,122,,,0,22,,5806,122,,,0,65,,5816,122,,,0,22,,5805,122,,,0,65,,5797,122,,,0,21,,5810,122,,,0,25,,5795,122,,,0,61,,5825,122,,,0,25,,5817,122,,,0,62,,5804,122,,,0,46,,5812,122,,,0
10000,'af2e8e03-0a42-4469-a2b8-e03c803b7d24',819,,5833,122,,,0,89,,5838,122,,,0,49,,5847,122,,,0,89,,5834,122,,,0,89,,5846,122,,,0,24,,5830,122,,,0,65,,5848,122,,,0,24,,5841,122,,,0,65,,5843,122,,,0,24,,5850,122,,,0,65,,5840,122,,,0,24,,5845,122,,,0,25,,5842,122,,,0,64,,5827,122,,,0,25,,5837,122,,,0,64,,5854,122,,,0,25,,5852,122,,,0,25,,5836,122,,,0,66,,5831,122,,,0,25,,5839,122,,,0,64,,5849,122,,,0,25,,5828,122,,,0,87,,5851,122,,,0,87,,5829,122,,,0,47,,5835,122,,,0,86,,5853,122,,,0,86,,5844,122,,,0,86,,5832,122,,,0
10000,'f29e6a89-2c24-4546-a5bf-65191f526c55',819,,5881,122,,,0,89,,5872,122,,,0,49,,5878,122,,,0,89,,5858,122,,,0,89,,5862,122,,,0,24,,5868,122,,,0,65,,5875,122,,,0,24,,5882,122,,,0,65,,5876,122,,,0,24,,5865,122,,,0,65,,5879,122,,,0,24,,5866,122,,,0,25,,5871,122,,,0,64,,5855,122,,,0,25,,5869,122,,,0,64,,5870,122,,,0,25,,5863,122,,,0,25,,5880,122,,,0,66,,5859,122,,,0,25,,5874,122,,,0,64,,5877,122,,,0,25,,5860,122,,,0,87,,5856,122,,,0,87,,5864,122,,,0,47,,5873,122,,,0,86,,5867,122,,,0,86,,5857,122,,,0,86,,5861,122,,,0
2000801,'4bf8087f-7a14-48a7-b190-74a0cc4c73da',959,,7362,83,,,0,141,,7371,83,,,0,100,,7368,83,,,0,100,,7364,83,,,0,100,,7367,83,,,0,100,,7365,83,,,0,100,,7374,83,,,0,59,,7369,83,,,0,100,,7370,83,,,0,100,,7361,83,,,0,98,,7366,83,,,0,100,,7373,83,,,0,100,,7372,83,,,0
2000801,'8d01581c-cf93-4a74-9f42-0fb702955d15',959,,7376,83,,,0,141,,7384,83,,,0,100,,7377,83,,,0,100,,7381,83,,,0,100,,7387,83,,,0,100,,7382,83,,,0,100,,7388,83,,,0,59,,7383,83,,,0,100,,7385,83,,,0,100,,7386,83,,,0,98,,7375,83,,,0,100,,7378,83,,,0,100,,7379,65,,,0
2000801,'9881fb63-ca97-484f-b0ca-1bb7e4ca8571',600,,7401,83,,,0,30,,7405,83,,,0,70,,7391,56,,,0,30,,7399,83,,,0,29,,7404,83,,,0,70,,7396,83,,,0,30,,7393,83,,,0,70,,7418,83,,,0,71,,7402,83,,,0,30,,7400,83,,,0,70,,7411,83,,,0,30,,7406,83,,,0,70,,7416,83,,,0,30,,7414,83,,,0,70,,7398,83,,,0,30,,7417,83,,,0,70,,7390,56,,,0,31,,7397,83,,,0,70,,7422,83,,,0,30,,7403,83,,,0,70,,7409,83,,,0,31,,7408,83,,,0,71,,7419,83,,,0,28,,7415,83,,,0,70,,7421,83,,,0,30,,7395,65,,,0,71,,7410,83,,,0,98,,7394,83,,,0,100,,7407,83,,,0,100,,7413,83,,,0,100,,7412,83,,,0,100,,7420,65,,,0
2000801,'a06a7e47-f820-49a2-88af-ccffc941c6bc',729,,7423,83,,,0,30,,7431,83,,,0,70,,7428,83,,,0,30,,7433,83,,,0,70,,7435,83,,,0,71,,7440,83,,,0,30,,7424,83,,,0,70,,7432,83,,,0,30,,7444,83,,,0,70,,7451,83,,,0,30,,7452,83,,,0,70,,7447,83,,,0,30,,7453,83,,,0,70,,7426,83,,,0,30,,7448,83,,,0,70,,7450,83,,,0,30,,7438,83,,,0,70,,7430,83,,,0,32,,7434,83,,,0,70,,7429,83,,,0,29,,7436,83,,,0,70,,7441,83,,,0,30,,7442,65,,,0,71,,7437,83,,,0,98,,7443,83,,,0,100,,7427,83,,,0,100,,7445,83,,,0,100,,7449,83,,,0,100,,7439,65,,,0
2000801,'af2e8e03-0a42-4469-a2b8-e03c803b7d24',959,,7465,83,,,0,141,,7454,83,,,0,100,,7467,83,,,0,100,,7460,83,,,0,100,,7457,83,,,0,100,,7459,83,,,0,100,,7458,83,,,0,59,,7461,83,,,0,100,,7466,83,,,0,100,,7464,83,,,0,98,,7463,83,,,0,100,,7456,83,,,0,100,,7462,65,,,0
2000801,'f29e6a89-2c24-4546-a5bf-65191f526c55',959,,7477,83,,,0,141,,7473,83,,,0,100,,7478,83,,,0,100,,7476,83,,,0,100,,7481,83,,,0,100,,7468,83,,,0,100,,7469,83,,,0,59,,7479,83,,,0,100,,7480,83,,,0,100,,7471,83,,,0,98,,7475,83,,,0,100,,7470,83,,,0,100,,7474,65,,,0
