1100,'4bf8087f-7a14-48a7-b190-74a0cc4c73da',856,3,5575,96,,,0,100,2,5584,96,,,0,100,2,5578,96,,,0,100,2,5574,96,,,0,100,2,5580,96,,,0,100,2,5576,96,,,0,100,2,5581,96,,,0,100,2,5585,96,,,0,100,2,5577,96,,,0,100,2,5573,96,,,0,100,2,5571,96,,,0,100,2,5579,96,,,0,100,2,5582,96,,,0,100,3,5572,96,,,0,100,3,5583,96,,,0
1100,'8d01581c-cf93-4a74-9f42-0fb702955d15',856,3,5594,96,,,0,100,2,5600,96,,,0,100,2,5598,96,,,0,100,2,5586,96,,,0,100,2,5587,96,,,0,100,2,5590,96,,,0,100,2,5596,96,,,0,100,2,5592,96,,,0,100,2,5597,96,,,0,100,2,5599,96,,,0,100,2,5588,96,,,0,100,2,5591,96,,,0,100,2,5595,96,,,0,100,3,5593,96,,,0,100,3,5589,96,,,0
1100,'9881fb63-ca97-484f-b0ca-1bb7e4ca8571',526,3,5622,96,,,0,100,3,5630,96,,,0,30,2,5626,96,,,0,70,2,5615,96,,,0,30,2,5602,96,,,0,70,2,5632,96,,,0,30,2,5635,96,,,0,70,2,5634,96,,,0,30,2,5629,96,,,0,70,2,5625,96,,,0,30,2,5616,96,,,0,70,2,5606,96,,,0,30,2,5614,96,,,0,70,2,5621,96,,,0,30,2,5605,96,,,0,70,2,5620,96,,,0,30,2,5623,96,,,0,72,2,5618,96,,,0,30,2,5611,96,,,0,70,2,5628,96,,,0,30,2,5613,96,,,0,68,2,5631,96,,,0,30,2,5612,96,,,0,70,2,5603,96,,,0,30,2,5619,96,,,0,70,2,5617,96,,,0,30,2,5633,96,,,0,70,2,5610,96,,,0,30,2,5604,96,,,0,70,3,5627,96,,,0,30,3,5601,96,,,0,70,3,5607,96,,,0,30,3,5624,96,,,0,70,3,5609,96,,,0,100,3,5608,96,,,0
1100,'a06a7e47-f820-49a2-88af-ccffc941c6bc',756,3,5654,96,,,0,70,2,5653,96,,,0,30,2,5658,96,,,0,70,2,5665,96,,,0,30,2,5637,96,,,0,70,2,5639,96,,,0,30,2,5652,96,,,0,70,2,5642,96,,,0,30,2,5650,96,,,0,70,2,5661,96,,,0,30,2,5656,96,,,0,70,2,5666,96,,,0,30,2,5649,96,,,0,70,2,5648,96,,,0,30,2,5655,96,,,0,70,2,5638,96,,,0,30,2,5647,96,,,0,70,2,5636,96,,,0,30,2,5644,96,,,0,70,2,5640,96,,,0,30,2,5659,96,,,0,70,2,5646,96,,,0,30,2,5662,96,,,0,70,2,5660,96,,,0,30,2,5651,96,,,0,70,3,5643,96,,,0,30,3,5641,96,,,0,70,3,5657,96,,,0,30,3,5663,96,,,0,70,3,5645,96,,,0,100,3,5664,96,,,0
1100,'af2e8e03-0a42-4469-a2b8-e03c803b7d24',856,3,5671,96,,,0,100,2,5670,96,,,0,100,2,5680,96,,,0,100,2,5667,96,,,0,100,2,5676,96,,,0,100,2,5677,96,,,0,100,2,5681,96,,,0,100,2,5675,96,,,0,100,2,5674,96,,,0,100,2,5679,96,,,0,100,2,5673,96,,,0,100,2,5669,96,,,0,100,2,5668,96,,,0,100,3,5672,96,,,0,100,3,5678,96,,,0
1100,'f29e6a89-2c24-4546-a5bf-65191f526c55',856,3,5693,96,,,0,100,2,5683,96,,,0,100,2,5687,96,,,0,100,2,5682,96,,,0,100,2,5684,96,,,0,100,2,5692,96,,,0,100,2,5695,96,,,0,100,2,5694,96,,,0,100,2,5688,96,,,0,100,2,5685,96,,,0,100,2,5691,96,,,0,100,2,5690,96,,,0,100,2,5686,96,,,0,100,3,5689,96,,,0,100,3,5696,96,,,0
10100,'4bf8087f-7a14-48a7-b190-74a0cc4c73da',748,,5896,131,,,0,85,,5890,131,,,0,85,,5884,131,,,0,85,,5892,131,,,0,45,,5888,131,,,0,85,,5899,131,,,0,22,,5900,131,,,0,63,,5898,131,,,0,26,,5909,131,,,0,63,,5901,131,,,0,28,,5891,131,,,0,65,,5886,131,,,0,26,,5904,131,,,0,25,,5906,131,,,0,66,,5907,131,,,0,25,,5902,131,,,0,66,,5887,131,,,0,26,,5885,131,,,0,24,,5908,131,,,0,64,,5910,131,,,0,24,,5903,131,,,0,64,,5894,131,,,0,90,,5883,131,,,0,48,,5895,131,,,0,86,,5893,131,,,0,86,,5897,131,,,0,86,,5889,131,,,0,53,,5905,131,,,0
10100,'8d01581c-cf93-4a74-9f42-0fb702955d15',748,,5911,131,,,0,85,,5915,131,,,0,85,,5929,131,,,0,85,,5927,131,,,0,45,,5917,131,,,0,85,,5931,131,,,0,22,,5913,131,,,0,63,,5923,131,,,0,26,,5924,131,,,0,63,,5936,131,,,0,28,,5919,131,,,0,65,,5932,131,,,0,26,,5918,131,,,0,25,,5912,131,,,0,66,,5937,131,,,0,25,,5934,131,,,0,66,,5920,131,,,0,26,,5938,131,,,0,24,,5933,131,,,0,64,,5914,131,,,0,24,,5922,131,,,0,64,,5926,131,,,0,90,,5916,131,,,0,48,,5928,131,,,0,86,,5921,131,,,0,86,,5930,131,,,0,86,,5925,131,,,0,46,,5935,131,,,0
10100,'9881fb63-ca97-484f-b0ca-1bb7e4ca8571',733,,5949,131,,,0,22,,5952,131,,,0,63,,5945,131,,,0,22,,5960,131,,,0,63,,5958,131,,,0,22,,5940,131,,,0,23,,5950,131,,,0,62,,5966,131,,,0,23,,5947,131,,,0,22,,5954,131,,,0,67,,5959,131,,,0,24,,5963,131,,,0,66,,5975,131,,,0,25,,5972,131,,,0,66,,5968,131,,,0,25,,5967,131,,,0,26,,5943,131,,,0,67,,5969,131,,,0,27,,5962,131,,,0,66,,5942,131,,,0,26,,5964,131,,,0,66,,5971,131,,,0,26,,5956,131,,,0,24,,5941,131,,,0,66,,5944,131,,,0,24,,5974,131,,,0,64,,5951,131,,,0,24,,5957,131,,,0,24,,5970,131,,,0,64,,5953,131,,,0,24,,5961,131,,,0,64,,5939,131,,,0,24,,5973,131,,,0,22,,5948,131,,,0,64,,5965,131,,,0,24,,5946,131,,,0,85,,5955,131,,,0
10100,'a06a7e47-f820-49a2-88af-ccffc941c6bc',743,,5981,131,,,0,85,,5982,131,,,0,22,,5993,131,,,0,63,,5998,131,,,0,22,,6010,131,,,0,23,,6003,131,,,0,62,,5992,131,,,0,23,,6004,131,,,0,62,,5995,131,,,0,23,,5984,131,,,0,22,,5989,131,,,0,63,,6011,131,,,0,22,,5994,131,,,0,23,,6008,131,,,0,66,,6005,131,,,0,25,,5985,131,,,0,65,,5978,131,,,0,26,,5983,131,,,0,67,,5977,131,,,0,26,,5987,131,,,0,25,,5986,131,,,0,66,,5997,131,,,0,25,,6002,131,,,0,66,,5999,131,,,0,25,,5996,131,,,0,66,,5991,131,,,0,25,,5979,131,,,0,26,,6007,131,,,0,64,,5988,131,,,0,26,,6000,131,,,0,64,,6006,131,,,0,24,,5990,131,,,0,22,,5980,131,,,0,64,,6009,131,,,0,23,,6001,131,,,0,90,,5976,131,,,0
10100,'af2e8e03-0a42-4469-a2b8-e03c803b7d24',748,,6039,131,,,0,85,,6033,131,,,0,85,,6034,131,,,0,85,,6035,131,,,0,45,,6028,131,,,0,85,,6019,131,,,0,22,,6030,131,,,0,63,,6024,131,,,0,26,,6025,131,,,0,63,,6026,131,,,0,28,,6020,131,,,0,65,,6031,131,,,0,26,,6014,131,,,0,25,,6023,131,,,0,66,,6015,131,,,0,25,,6021,131,,,0,66,,6022,131,,,0,26,,6017,131,,,0,24,,6027,131,,,0,64,,6018,131,,,0,24,,6032,131,,,0,64,,6037,131,,,0,90,,6038,131,,,0,48,,6029,131,,,0,86,,6016,131,,,0,86,,6013,131,,,0,86,,6012,131,,,0,46,,6036,131,,,0
10100,'f29e6a89-2c24-4546-a5bf-65191f526c55',748,,6042,131,,,0,85,,6058,131,,,0,85,,6041,131,,,0,85,,6045,131,,,0,45,,6046,131,,,0,85,,6053,131,,,0,22,,6060,131,,,0,63,,6063,131,,,0,26,,6066,131,,,0,63,,6064,131,,,0,28,,6048,131,,,0,65,,6047,131,,,0,26,,6057,131,,,0,25,,6056,131,,,0,66,,6059,131,,,0,25,,6044,131,,,0,66,,6054,131,,,0,26,,6055,131,,,0,24,,6040,131,,,0,64,,6050,131,,,0,24,,6049,131,,,0,64,,6052,131,,,0,90,,6065,131,,,0,48,,6061,131,,,0,86,,6051,131,,,0,86,,6043,131,,,0,86,,6067,131,,,0,46,,6062,131,,,0
