1000700,'4bf8087f-7a14-48a7-b190-74a0cc4c73da',1012,,6309,155,,,0,100,,6306,155,,,0,100,,6300,155,,,0,100,,6298,155,,,0,100,,6305,155,,,0,100,,6307,155,,,0,100,,6299,155,,,0,100,,6302,155,,,0,100,,6297,155,,,0,100,,6303,155,,,0,100,,6301,155,,,0,99,,6304,155,,,0,121,,6296,155,,,0
1000700,'8d01581c-cf93-4a74-9f42-0fb702955d15',1011,,6323,155,,,0,100,,6320,155,,,0,100,,6312,155,,,0,100,,6315,155,,,0,100,,6313,155,,,0,100,,6318,155,,,0,100,,6311,155,,,0,100,,6316,155,,,0,100,,6319,155,,,0,100,,6321,155,,,0,100,,6314,155,,,0,99,,6310,155,,,0,100,,6322,106,,,0
1000700,'9881fb63-ca97-484f-b0ca-1bb7e4ca8571',612,,6324,155,,,0,30,,6335,155,,,0,69,,6339,155,,,0,24,,6353,155,,,0,76,,6328,155,,,0,24,,6346,155,,,0,76,,6347,155,,,0,30,,6344,155,,,0,70,,6336,155,,,0,30,,6352,155,,,0,70,,6349,155,,,0,30,,6354,155,,,0,70,,6356,155,,,0,30,,6357,155,,,0,70,,6340,155,,,0,30,,6331,155,,,0,69,,6338,155,,,0,30,,6329,155,,,0,70,,6333,155,,,0,30,,6343,155,,,0,70,,6337,155,,,0,30,,6341,155,,,0,68,,6345,155,,,0,30,,6326,155,,,0,72,,6350,155,,,0,30,,6330,155,,,0,72,,6351,155,,,0,98,,6348,155,,,0,101,,6325,155,,,0,98,,6332,155,,,0,102,,6355,155,,,0,96,,6334,115,,,0
1000700,'a06a7e47-f820-49a2-88af-ccffc941c6bc',712,,6366,155,,,0,30,,6385,155,,,0,70,,6383,155,,,0,30,,6361,155,,,0,69,,6358,155,,,0,30,,6386,155,,,0,70,,6378,155,,,0,30,,6359,155,,,0,70,,6364,155,,,0,30,,6360,155,,,0,70,,6370,155,,,0,30,,6382,155,,,0,70,,6389,155,,,0,30,,6368,155,,,0,70,,6380,155,,,0,30,,6384,155,,,0,70,,6381,155,,,0,30,,6377,155,,,0,70,,6374,155,,,0,30,,6367,155,,,0,70,,6363,155,,,0,30,,6387,155,,,0,70,,6379,155,,,0,30,,6372,155,,,0,70,,6362,155,,,0,100,,6388,155,,,0,99,,6365,155,,,0,100,,6371,155,,,0,100,,6376,155,,,0,100,,6373,106,,,0
1000700,'af2e8e03-0a42-4469-a2b8-e03c803b7d24',1011,,6392,155,,,0,100,,6390,155,,,0,100,,6396,155,,,0,100,,6399,155,,,0,100,,6391,155,,,0,100,,6401,155,,,0,100,,6395,155,,,0,100,,6400,155,,,0,100,,6397,155,,,0,100,,6394,155,,,0,100,,6403,155,,,0,99,,6393,155,,,0,100,,6398,106,,,0
1000700,'f29e6a89-2c24-4546-a5bf-65191f526c55',1011,,6409,155,,,0,100,,6411,155,,,0,100,,6413,155,,,0,100,,6406,155,,,0,100,,6407,155,,,0,100,,6415,155,,,0,100,,6414,155,,,0,100,,6410,155,,,0,100,,6416,155,,,0,100,,6408,155,,,0,100,,6404,155,,,0,99,,6412,155,,,0,100,,6405,106,,,0
1001200,'4bf8087f-7a14-48a7-b190-74a0cc4c73da',846,,6732,105,,,0,100,,6736,105,,,0,100,,6730,105,,,0,103,,6737,105,,,0,102,,6739,105,,,0,100,,6731,105,,,0,150,,6741,105,,,0,100,,6735,105,,,0,110,,6742,105,,,0,100,,6734,105,,,0,105,,6733,105,,,0,100,,6740,105,,,0,100,,6743,105,,,0,115,,6738,105,,,0
1001200,'8d01581c-cf93-4a74-9f42-0fb702955d15',846,,6745,105,,,0,100,,6757,105,,,0,100,,6750,105,,,0,103,,6755,105,,,0,102,,6747,105,,,0,100,,6754,105,,,0,150,,6744,105,,,0,100,,6751,105,,,0,110,,6749,105,,,0,100,,6752,105,,,0,105,,6748,105,,,0,100,,6746,105,,,0,100,,6753,105,,,0,100,,6756,105,,,0
1001200,'9881fb63-ca97-484f-b0ca-1bb7e4ca8571',616,,6788,105,,,0,32,,6776,105,,,0,74,,6785,105,,,0,31,,6769,105,,,0,70,,6781,105,,,0,35,,6762,105,,,0,75,,6783,105,,,0,70,,6770,105,,,0,30,,6789,105,,,0,75,,6780,105,,,0,35,,6764,105,,,0,70,,6778,105,,,0,30,,6784,105,,,0,75,,6761,105,,,0,35,,6782,105,,,0,72,,6786,105,,,0,75,,6767,105,,,0,35,,6773,105,,,0,75,,6768,105,,,0,35,,6777,105,,,0,75,,6787,105,,,0,35,,6771,105,,,0,69,,6775,105,,,0,35,,6766,105,,,0,75,,6760,105,,,0,75,,6779,105,,,0,30,,6772,105,,,0,70,,6763,105,,,0,100,,6774,105,,,0,100,,6758,105,,,0,109,,6765,105,,,0
1001200,'a06a7e47-f820-49a2-88af-ccffc941c6bc',658,,6795,105,,,0,72,,6793,105,,,0,70,,6791,105,,,0,30,,6805,105,,,0,70,,6799,105,,,0,30,,6810,105,,,0,73,,6800,105,,,0,30,,6813,105,,,0,70,,6811,105,,,0,36,,6816,105,,,0,70,,6792,105,,,0,30,,6817,105,,,0,70,,6819,105,,,0,40,,6796,105,,,0,70,,6807,105,,,0,30,,6794,105,,,0,70,,6815,105,,,0,40,,6814,105,,,0,70,,6802,105,,,0,30,,6818,105,,,0,70,,6804,105,,,0,80,,6808,105,,,0,30,,6812,105,,,0,70,,6809,105,,,0,30,,6798,105,,,0,73,,6806,105,,,0,30,,6801,105,,,0,70,,6803,105,,,0,100,,6820,105,,,0,100,,6790,105,,,0,100,,6797,105,,,0
1001200,'af2e8e03-0a42-4469-a2b8-e03c803b7d24',846,,6834,105,,,0,100,,6830,105,,,0,100,,6824,105,,,0,103,,6831,105,,,0,102,,6828,105,,,0,100,,6832,105,,,0,150,,6826,105,,,0,100,,6829,105,,,0,110,,6822,105,,,0,100,,6827,105,,,0,105,,6821,105,,,0,100,,6823,105,,,0,100,,6825,105,,,0,100,,6833,105,,,0
1001200,'f29e6a89-2c24-4546-a5bf-65191f526c55',846,,6848,105,,,0,100,,6842,105,,,0,100,,6840,105,,,0,103,,6841,105,,,0,102,,6844,105,,,0,100,,6837,105,,,0,150,,6839,105,,,0,100,,6838,105,,,0,110,,6847,105,,,0,100,,6836,105,,,0,105,,6843,105,,,0,100,,6845,105,,,0,100,,6835,105,,,0,100,,6846,105,,,0
