1100,'4bf8087f-7a14-48a7-b190-74a0cc4c73da',857,,5575,103,,,0,100,,5584,103,,,0,100,,5578,103,,,0,100,,5574,103,,,0,100,,5580,103,,,0,100,,5576,103,,,0,100,,5581,103,,,0,100,,5585,103,,,0,100,,5577,103,,,0,100,,5573,103,,,0,100,,5571,103,,,0,100,,5579,103,,,0,100,,5582,103,,,0,100,,5572,103,,,0,100,,5583,103,,,0
1100,'8d01581c-cf93-4a74-9f42-0fb702955d15',857,,5594,103,,,0,100,,5600,103,,,0,100,,5598,103,,,0,100,,5586,103,,,0,100,,5587,103,,,0,100,,5590,103,,,0,100,,5596,103,,,0,100,,5592,103,,,0,100,,5597,103,,,0,100,,5599,103,,,0,100,,5588,103,,,0,100,,5591,103,,,0,100,,5595,103,,,0,100,,5593,103,,,0,100,,5589,103,,,0
1100,'9881fb63-ca97-484f-b0ca-1bb7e4ca8571',527,,5622,103,,,0,100,,5630,103,,,0,30,,5626,103,,,0,70,,5615,103,,,0,30,,5602,103,,,0,70,,5632,103,,,0,30,,5635,103,,,0,70,,5634,103,,,0,30,,5629,103,,,0,70,,5625,103,,,0,30,,5616,103,,,0,70,,5606,103,,,0,30,,5614,103,,,0,70,,5621,103,,,0,30,,5605,103,,,0,70,,5620,103,,,0,30,,5623,103,,,0,72,,5618,103,,,0,30,,5611,103,,,0,70,,5628,103,,,0,30,,5613,103,,,0,68,,5631,103,,,0,30,,5612,103,,,0,70,,5603,103,,,0,30,,5619,103,,,0,70,,5617,103,,,0,30,,5633,103,,,0,70,,5610,103,,,0,30,,5604,103,,,0,70,,5627,103,,,0,30,,5601,103,,,0,70,,5607,103,,,0,30,,5624,103,,,0,70,,5609,103,,,0,100,,5608,103,,,0
1100,'a06a7e47-f820-49a2-88af-ccffc941c6bc',757,,5654,103,,,0,70,,5653,103,,,0,30,,5658,103,,,0,70,,5665,103,,,0,30,,5637,103,,,0,70,,5639,103,,,0,30,,5652,103,,,0,70,,5642,103,,,0,30,,5650,103,,,0,70,,5661,103,,,0,30,,5656,103,,,0,70,,5666,103,,,0,30,,5649,103,,,0,70,,5648,103,,,0,30,,5655,103,,,0,70,,5638,103,,,0,30,,5647,103,,,0,70,,5636,103,,,0,30,,5644,103,,,0,70,,5640,103,,,0,30,,5659,103,,,0,70,,5646,103,,,0,30,,5662,103,,,0,70,,5660,103,,,0,30,,5651,103,,,0,70,,5643,103,,,0,30,,5641,103,,,0,70,,5657,103,,,0,30,,5663,103,,,0,70,,5645,103,,,0,100,,5664,103,,,0
1100,'af2e8e03-0a42-4469-a2b8-e03c803b7d24',857,,5671,103,,,0,100,,5670,103,,,0,100,,5680,103,,,0,100,,5667,103,,,0,100,,5676,103,,,0,100,,5677,103,,,0,100,,5681,103,,,0,100,,5675,103,,,0,100,,5674,103,,,0,100,,5679,103,,,0,100,,5673,103,,,0,100,,5669,103,,,0,100,,5668,103,,,0,100,,5672,103,,,0,100,,5678,103,,,0
1100,'f29e6a89-2c24-4546-a5bf-65191f526c55',857,,5693,103,,,0,100,,5683,103,,,0,100,,5687,103,,,0,100,,5682,103,,,0,100,,5684,103,,,0,100,,5692,103,,,0,100,,5695,103,,,0,100,,5694,103,,,0,100,,5688,103,,,0,100,,5685,103,,,0,100,,5691,103,,,0,100,,5690,103,,,0,100,,5686,103,,,0,100,,5689,103,,,0,100,,5696,103,,,0
10100,'4bf8087f-7a14-48a7-b190-74a0cc4c73da',749,,5896,135,,,0,85,,5890,135,,,0,85,,5884,135,,,0,85,,5892,135,,,0,45,,5888,135,,,0,85,,5899,135,,,0,22,,5900,135,,,0,63,,5898,135,,,0,27,,5909,135,,,0,63,,5901,135,,,0,28,,5891,135,,,0,65,,5886,135,,,0,26,,5904,135,,,0,25,,5906,135,,,0,66,,5907,135,,,0,25,,5902,135,,,0,66,,5887,135,,,0,25,,5885,135,,,0,24,,5908,135,,,0,64,,5910,135,,,0,24,,5903,135,,,0,64,,5894,135,,,0,90,,5883,135,,,0,48,,5895,135,,,0,86,,5893,135,,,0,86,,5897,135,,,0,86,,5889,135,,,0,93,,5905,135,,,0
10100,'8d01581c-cf93-4a74-9f42-0fb702955d15',749,,5911,135,,,0,85,,5915,135,,,0,85,,5929,135,,,0,85,,5927,135,,,0,45,,5917,135,,,0,85,,5931,135,,,0,22,,5913,135,,,0,63,,5923,135,,,0,27,,5924,135,,,0,63,,5936,135,,,0,28,,5919,135,,,0,65,,5932,135,,,0,26,,5918,135,,,0,25,,5912,135,,,0,66,,5937,135,,,0,25,,5934,135,,,0,66,,5920,135,,,0,25,,5938,135,,,0,24,,5933,135,,,0,64,,5914,135,,,0,24,,5922,135,,,0,64,,5926,135,,,0,90,,5916,135,,,0,48,,5928,135,,,0,86,,5921,135,,,0,86,,5930,135,,,0,86,,5925,135,,,0,46,,5935,135,,,0
10100,'9881fb63-ca97-484f-b0ca-1bb7e4ca8571',734,,5949,135,,,0,22,,5952,135,,,0,63,,5945,135,,,0,22,,5960,135,,,0,63,,5958,135,,,0,22,,5940,135,,,0,23,,5950,135,,,0,62,,5966,135,,,0,23,,5947,135,,,0,22,,5954,135,,,0,68,,5959,135,,,0,24,,5963,135,,,0,66,,5975,135,,,0,25,,5972,135,,,0,66,,5968,135,,,0,25,,5967,135,,,0,26,,5943,135,,,0,67,,5969,135,,,0,27,,5962,135,,,0,66,,5942,135,,,0,26,,5964,135,,,0,66,,5971,135,,,0,26,,5956,135,,,0,23,,5941,135,,,0,66,,5944,135,,,0,24,,5974,135,,,0,64,,5951,135,,,0,24,,5957,135,,,0,24,,5970,135,,,0,64,,5953,135,,,0,24,,5961,135,,,0,64,,5939,135,,,0,24,,5973,135,,,0,22,,5948,135,,,0,64,,5965,135,,,0,24,,5946,135,,,0,85,,5955,135,,,0
10100,'a06a7e47-f820-49a2-88af-ccffc941c6bc',744,,5981,135,,,0,85,,5982,135,,,0,22,,5993,135,,,0,63,,5998,135,,,0,22,,6010,135,,,0,23,,6003,135,,,0,62,,5992,135,,,0,23,,6004,135,,,0,62,,5995,135,,,0,23,,5984,135,,,0,22,,5989,135,,,0,63,,6011,135,,,0,22,,5994,135,,,0,23,,6008,135,,,0,67,,6005,135,,,0,25,,5985,135,,,0,65,,5978,135,,,0,26,,5983,135,,,0,67,,5977,135,,,0,26,,5987,135,,,0,65,,5986,135,,,0,26,,5997,135,,,0,25,,6002,135,,,0,66,,5999,135,,,0,25,,5996,135,,,0,66,,5991,135,,,0,25,,5979,135,,,0,26,,6007,135,,,0,63,,5988,135,,,0,26,,6000,135,,,0,64,,6006,135,,,0,24,,5990,135,,,0,22,,5980,135,,,0,64,,6009,135,,,0,23,,6001,135,,,0,90,,5976,135,,,0
10100,'af2e8e03-0a42-4469-a2b8-e03c803b7d24',749,,6039,135,,,0,85,,6033,135,,,0,85,,6034,135,,,0,85,,6035,135,,,0,45,,6028,135,,,0,85,,6019,135,,,0,22,,6030,135,,,0,63,,6024,135,,,0,27,,6025,135,,,0,63,,6026,135,,,0,28,,6020,135,,,0,65,,6031,135,,,0,26,,6014,135,,,0,25,,6023,135,,,0,66,,6015,135,,,0,25,,6021,135,,,0,66,,6022,135,,,0,25,,6017,135,,,0,24,,6027,135,,,0,64,,6018,135,,,0,24,,6032,135,,,0,64,,6037,135,,,0,90,,6038,135,,,0,48,,6029,135,,,0,86,,6016,135,,,0,86,,6013,135,,,0,86,,6012,135,,,0,46,,6036,135,,,0
10100,'f29e6a89-2c24-4546-a5bf-65191f526c55',749,,6042,135,,,0,85,,6058,135,,,0,85,,6041,135,,,0,85,,6045,135,,,0,45,,6046,135,,,0,85,,6053,135,,,0,22,,6060,135,,,0,63,,6063,135,,,0,27,,6066,135,,,0,63,,6064,135,,,0,28,,6048,135,,,0,65,,6047,135,,,0,26,,6057,135,,,0,25,,6056,135,,,0,66,,6059,135,,,0,25,,6044,135,,,0,66,,6054,135,,,0,25,,6055,135,,,0,24,,6040,135,,,0,64,,6050,135,,,0,24,,6049,135,,,0,64,,6052,135,,,0,90,,6065,135,,,0,48,,6061,135,,,0,86,,6051,135,,,0,86,,6043,135,,,0,86,,6067,135,,,0,46,,6062,135,,,0
1000801,'4bf8087f-7a14-48a7-b190-74a0cc4c73da',924,,6610,84,,,0,102,,6607,84,,,0,100,,6611,84,,,0,100,,6605,84,,,0,100,,6618,84,,,0,100,,6615,84,,,0,100,,6606,84,,,0,100,,6609,84,,,0,101,,6617,84,,,0,98,,6614,84,,,0,100,,6616,84,,,0,100,,6613,84,,,0,100,,6612,84,,,0,188,,6619,66,,,0
1000801,'8d01581c-cf93-4a74-9f42-0fb702955d15',924,,6621,84,,,0,102,,6624,84,,,0,100,,6633,84,,,0,100,,6628,84,,,0,100,,6626,84,,,0,100,,6631,84,,,0,100,,6623,84,,,0,100,,6629,84,,,0,101,,6625,84,,,0,98,,6620,84,,,0,100,,6622,84,,,0,100,,6630,84,,,0,100,,6632,66,,,0
1000801,'9881fb63-ca97-484f-b0ca-1bb7e4ca8571',553,,6637,84,,,0,70,,6649,84,,,0,30,,6642,84,,,0,70,,6640,84,,,0,30,,6639,84,,,0,70,,6644,84,,,0,32,,6668,84,,,0,70,,6665,84,,,0,30,,6663,84,,,0,70,,6648,84,,,0,30,,6641,84,,,0,70,,6659,84,,,0,31,,6653,84,,,0,70,,6660,84,,,0,30,,6647,84,,,0,70,,6664,84,,,0,30,,6650,84,,,0,70,,6652,84,,,0,30,,6636,84,,,0,70,,6635,84,,,0,30,,6667,84,,,0,71,,6656,84,,,0,30,,6634,84,,,0,70,,6657,84,,,0,30,,6666,84,,,0,70,,6655,84,,,0,30,,6638,66,,,0,70,,6669,84,,,0,98,,6645,84,,,0,100,,6654,84,,,0,98,,6643,84,,,0,100,,6646,66,,,0,103,,6651,66,,,0
1000801,'a06a7e47-f820-49a2-88af-ccffc941c6bc',723,,6691,84,,,0,30,,6671,84,,,0,70,,6677,84,,,0,32,,6689,84,,,0,70,,6701,84,,,0,30,,6673,84,,,0,70,,6686,84,,,0,30,,6695,84,,,0,70,,6697,84,,,0,31,,6692,84,,,0,70,,6681,84,,,0,30,,6685,84,,,0,70,,6675,84,,,0,30,,6694,84,,,0,70,,6693,84,,,0,30,,6672,84,,,0,70,,6683,84,,,0,30,,6688,84,,,0,70,,6676,84,,,0,31,,6699,84,,,0,70,,6678,84,,,0,30,,6690,84,,,0,70,,6670,84,,,0,30,,6684,66,,,0,70,,6698,84,,,0,98,,6687,84,,,0,100,,6679,84,,,0,98,,6674,84,,,0,100,,6682,66,,,0,100,,6700,66,,,0
1000801,'af2e8e03-0a42-4469-a2b8-e03c803b7d24',924,,6709,84,,,0,102,,6706,84,,,0,100,,6711,84,,,0,100,,6708,84,,,0,100,,6703,84,,,0,100,,6712,84,,,0,100,,6713,84,,,0,100,,6707,84,,,0,101,,6715,84,,,0,98,,6714,84,,,0,100,,6704,84,,,0,100,,6705,84,,,0,100,,6702,66,,,0
1000801,'f29e6a89-2c24-4546-a5bf-65191f526c55',924,,6717,84,,,0,102,,6727,84,,,0,100,,6718,84,,,0,100,,6722,84,,,0,100,,6726,84,,,0,100,,6719,84,,,0,100,,6720,84,,,0,100,,6729,84,,,0,101,,6728,84,,,0,98,,6723,84,,,0,100,,6721,84,,,0,100,,6724,84,,,0,100,,6716,66,,,0
