2000700,'4bf8087f-7a14-48a7-b190-74a0cc4c73da',946,,7070,51,,,0,100,,7076,51,,,0,100,,7067,51,,,0,100,,7074,51,,,0,100,,7075,51,,,0,100,,7078,51,,,0,100,,7073,51,,,0,100,,7069,51,,,0,100,,7068,51,,,0,102,,7065,51,,,0,100,,7066,51,,,0,100,,7077,51,,,0,97,,7071,51,,,0
2000700,'8d01581c-cf93-4a74-9f42-0fb702955d15',946,,7084,51,,,0,100,,7081,51,,,0,100,,7079,51,,,0,100,,7091,51,,,0,100,,7087,51,,,0,100,,7086,51,,,0,100,,7085,51,,,0,100,,7080,51,,,0,100,,7090,51,,,0,102,,7088,51,,,0,100,,7083,51,,,0,100,,7089,51,,,0
2000700,'9881fb63-ca97-484f-b0ca-1bb7e4ca8571',547,,7098,51,,,0,70,,7102,51,,,0,30,,7118,51,,,0,70,,7097,51,,,0,30,,7092,51,,,0,68,,7094,51,,,0,32,,7100,51,,,0,68,,7124,51,,,0,31,,7115,51,,,0,70,,7108,51,,,0,30,,7106,51,,,0,70,,7113,51,,,0,30,,7111,51,,,0,70,,7093,51,,,0,30,,7120,51,,,0,70,,7109,51,,,0,30,,7104,51,,,0,70,,7123,51,,,0,31,,7095,51,,,0,70,,7119,51,,,0,30,,7114,51,,,0,70,,7110,51,,,0,30,,7103,51,,,0,70,,7105,51,,,0,28,,7096,51,,,0,70,,7112,51,,,0,32,,7107,51,,,0,70,,7101,51,,,0,32,,7122,51,,,0,98,,7099,51,,,0,98,,7121,51,,,0,96,,7117,51,,,0
2000700,'a06a7e47-f820-49a2-88af-ccffc941c6bc',647,,7133,51,,,0,70,,7153,51,,,0,30,,7142,51,,,0,70,,7125,51,,,0,30,,7126,51,,,0,70,,7137,51,,,0,29,,7136,51,,,0,70,,7150,51,,,0,30,,7130,51,,,0,70,,7152,51,,,0,30,,7127,51,,,0,70,,7143,51,,,0,30,,7135,51,,,0,70,,7144,51,,,0,30,,7146,51,,,0,70,,7138,51,,,0,30,,7147,51,,,0,70,,7141,51,,,0,30,,7145,51,,,0,70,,7151,51,,,0,30,,7154,51,,,0,70,,7134,51,,,0,30,,7149,51,,,0,70,,7140,51,,,0,32,,7155,51,,,0,70,,7139,51,,,0,30,,7132,51,,,0,100,,7148,51,,,0,96,,7128,51,,,0,100,,7129,51,,,0
2000700,'af2e8e03-0a42-4469-a2b8-e03c803b7d24',946,,7166,51,,,0,100,,7160,51,,,0,100,,7161,51,,,0,100,,7157,51,,,0,100,,7167,51,,,0,100,,7158,51,,,0,100,,7165,51,,,0,100,,7164,51,,,0,100,,7159,51,,,0,102,,7163,51,,,0,100,,7156,51,,,0,100,,7162,51,,,0
2000700,'f29e6a89-2c24-4546-a5bf-65191f526c55',946,,7178,51,,,0,100,,7179,51,,,0,100,,7173,51,,,0,100,,7177,51,,,0,100,,7171,51,,,0,100,,7180,51,,,0,100,,7172,51,,,0,100,,7181,51,,,0,100,,7169,51,,,0,102,,7174,51,,,0,100,,7170,51,,,0,100,,7176,51,,,0
2001200,'4bf8087f-7a14-48a7-b190-74a0cc4c73da',822,,7495,41,,,0,100,,7492,41,,,0,100,,7483,41,,,0,100,,7485,41,,,0,103,,7482,41,,,0,109,,7484,41,,,0,100,,7486,41,,,0,110,,7491,41,,,0,100,,7490,41,,,0,110,,7487,41,,,0,100,,7488,41,,,0,100,,7493,41,,,0,100,,7494,41,,,0,102,,7489,41,,,0
2001200,'8d01581c-cf93-4a74-9f42-0fb702955d15',822,,7497,41,,,0,100,,7503,41,,,0,100,,7502,41,,,0,100,,7498,41,,,0,103,,7506,41,,,0,109,,7509,41,,,0,100,,7501,41,,,0,110,,7504,41,,,0,100,,7500,41,,,0,110,,7508,41,,,0,100,,7505,41,,,0,100,,7496,41,,,0,100,,7507,41,,,0,102,,7499,41,,,0
2001200,'9881fb63-ca97-484f-b0ca-1bb7e4ca8571',527,,7530,41,,,0,75,,7528,41,,,0,23,,7527,41,,,0,29,,7538,41,,,0,73,,7517,41,,,0,74,,7518,41,,,0,33,,7534,41,,,0,70,,7521,41,,,0,35,,7512,41,,,0,75,,7525,41,,,0,30,,7520,41,,,0,70,,7511,41,,,0,35,,7523,41,,,0,74,,7513,41,,,0,30,,7524,41,,,0,70,,7529,41,,,0,35,,7540,41,,,0,75,,7522,41,,,0,78,,7514,41,,,0,35,,7536,41,,,0,75,,7537,41,,,0,35,,7510,41,,,0,75,,7535,41,,,0,75,,7531,41,,,0,35,,7542,41,,,0,64,,7532,41,,,0,35,,7516,41,,,0,75,,7519,41,,,0,35,,7526,41,,,0,70,,7539,41,,,0,30,,7515,41,,,0,100,,7533,41,,,0,100,,7541,41,,,0
2001200,'a06a7e47-f820-49a2-88af-ccffc941c6bc',637,,7548,41,,,0,70,,7565,41,,,0,30,,7552,41,,,0,69,,7559,41,,,0,30,,7561,41,,,0,70,,7554,41,,,0,30,,7553,41,,,0,70,,7545,41,,,0,33,,7574,41,,,0,70,,7571,41,,,0,30,,7564,41,,,0,84,,7543,41,,,0,30,,7557,41,,,0,70,,7544,41,,,0,30,,7566,41,,,0,79,,7550,41,,,0,70,,7569,41,,,0,30,,7546,41,,,0,70,,7570,41,,,0,40,,7567,41,,,0,70,,7558,41,,,0,30,,7573,41,,,0,70,,7555,41,,,0,40,,7547,41,,,0,70,,7562,41,,,0,30,,7560,41,,,0,70,,7568,41,,,0,30,,7556,41,,,0,70,,7563,41,,,0,30,,7572,41,,,0,100,,7549,41,,,0,100,,7551,41,,,0
2001200,'af2e8e03-0a42-4469-a2b8-e03c803b7d24',822,,7576,41,,,0,100,,7586,41,,,0,100,,7588,41,,,0,100,,7575,41,,,0,103,,7584,41,,,0,109,,7578,41,,,0,100,,7587,41,,,0,110,,7582,41,,,0,100,,7579,41,,,0,110,,7581,41,,,0,100,,7583,41,,,0,100,,7577,41,,,0,100,,7585,41,,,0,102,,7580,41,,,0
2001200,'f29e6a89-2c24-4546-a5bf-65191f526c55',822,,7592,41,,,0,100,,7598,41,,,0,100,,7602,41,,,0,100,,7601,41,,,0,103,,7593,41,,,0,109,,7596,41,,,0,100,,7597,41,,,0,110,,7600,41,,,0,100,,7591,41,,,0,110,,7595,41,,,0,100,,7594,41,,,0,100,,7599,41,,,0,100,,7590,41,,,0,102,,7589,41,,,0
