2000801,'4bf8087f-7a14-48a7-b190-74a0cc4c73da',1003,,7363,166,,,0,100,,7362,290,,,0,99,,7371,290,,,0,100,,7368,290,,,0,100,,7364,290,,,0,100,,7367,290,,,0,100,,7365,290,,,0,100,,7374,290,,,0,55,,7369,290,,,0,100,,7370,290,,,0,100,,7361,290,,,0,99,,7366,290,,,0,100,,7373,290,,,0
2000801,'8d01581c-cf93-4a74-9f42-0fb702955d15',1003,,7380,166,,,0,100,,7376,290,,,0,99,,7384,290,,,0,100,,7377,290,,,0,100,,7381,290,,,0,100,,7387,290,,,0,100,,7382,290,,,0,100,,7388,290,,,0,55,,7383,290,,,0,100,,7385,290,,,0,100,,7386,290,,,0,99,,7375,290,,,0,100,,7378,290,,,0
2000801,'9881fb63-ca97-484f-b0ca-1bb7e4ca8571',537,,7389,166,,,0,100,,7392,166,,,0,21,,7401,290,,,0,70,,7405,290,,,0,30,,7391,239,,,0,70,,7399,290,,,0,73,,7404,290,,,0,30,,7396,290,,,0,69,,7393,290,,,0,30,,7418,290,,,0,70,,7402,290,,,0,32,,7400,290,,,0,70,,7411,290,,,0,30,,7406,290,,,0,71,,7416,290,,,0,30,,7414,290,,,0,70,,7398,290,,,0,28,,7417,290,,,0,71,,7390,239,,,0,32,,7397,290,,,0,72,,7422,290,,,0,30,,7403,290,,,0,70,,7409,290,,,0,31,,7408,290,,,0,71,,7419,290,,,0,26,,7415,290,,,0,68,,7421,290,,,0,101,,7410,290,,,0,100,,7394,290,,,0,55,,7407,290,,,0,100,,7413,290,,,0,100,,7412,290,,,0
2000801,'a06a7e47-f820-49a2-88af-ccffc941c6bc',728,,7425,166,,,0,30,,7446,166,,,0,70,,7423,290,,,0,73,,7431,290,,,0,30,,7428,290,,,0,69,,7433,290,,,0,30,,7435,290,,,0,72,,7440,290,,,0,30,,7424,290,,,0,70,,7432,290,,,0,30,,7444,290,,,0,71,,7451,290,,,0,30,,7452,290,,,0,70,,7447,290,,,0,30,,7453,290,,,0,70,,7426,290,,,0,30,,7448,290,,,0,70,,7450,290,,,0,30,,7438,290,,,0,70,,7430,290,,,0,32,,7434,290,,,0,71,,7429,290,,,0,28,,7436,290,,,0,68,,7441,290,,,0,101,,7437,290,,,0,100,,7443,290,,,0,55,,7427,290,,,0,100,,7445,290,,,0,100,,7449,290,,,0
2000801,'af2e8e03-0a42-4469-a2b8-e03c803b7d24',1003,,7455,166,,,0,100,,7465,290,,,0,99,,7454,290,,,0,100,,7467,290,,,0,100,,7460,290,,,0,100,,7457,290,,,0,100,,7459,290,,,0,100,,7458,290,,,0,55,,7461,290,,,0,100,,7466,290,,,0,100,,7464,290,,,0,99,,7463,290,,,0,100,,7456,290,,,0
2000801,'f29e6a89-2c24-4546-a5bf-65191f526c55',1003,,7472,166,,,0,100,,7477,290,,,0,99,,7473,290,,,0,100,,7478,290,,,0,100,,7476,290,,,0,100,,7481,290,,,0,100,,7468,290,,,0,100,,7469,290,,,0,55,,7479,290,,,0,100,,7480,290,,,0,100,,7471,290,,,0,99,,7475,290,,,0,100,,7470,290,,,0
2001200,'4bf8087f-7a14-48a7-b190-74a0cc4c73da',847,,7495,141,,,0,100,,7492,141,,,0,100,,7483,141,,,0,100,,7485,141,,,0,103,,7482,141,,,0,108,,7484,141,,,0,100,,7486,141,,,0,150,,7491,141,,,0,100,,7490,141,,,0,110,,7487,141,,,0,100,,7488,141,,,0,98,,7493,141,,,0,100,,7494,141,,,0,134,,7489,141,,,0
2001200,'8d01581c-cf93-4a74-9f42-0fb702955d15',847,,7497,141,,,0,100,,7503,141,,,0,100,,7502,141,,,0,100,,7498,141,,,0,103,,7506,141,,,0,108,,7509,141,,,0,100,,7501,141,,,0,150,,7504,141,,,0,100,,7500,141,,,0,110,,7508,141,,,0,100,,7505,141,,,0,98,,7496,141,,,0,100,,7507,141,,,0,102,,7499,141,,,0
2001200,'9881fb63-ca97-484f-b0ca-1bb7e4ca8571',548,,7530,141,,,0,75,,7528,141,,,0,25,,7527,141,,,0,71,,7538,141,,,0,33,,7517,141,,,0,74,,7518,141,,,0,33,,7534,141,,,0,70,,7521,141,,,0,75,,7512,141,,,0,35,,7525,141,,,0,70,,7520,141,,,0,30,,7511,141,,,0,75,,7523,141,,,0,33,,7513,141,,,0,70,,7524,141,,,0,30,,7529,141,,,0,76,,7540,141,,,0,35,,7522,141,,,0,79,,7514,141,,,0,75,,7536,141,,,0,35,,7537,141,,,0,75,,7510,141,,,0,35,,7535,141,,,0,75,,7531,141,,,0,75,,7542,141,,,0,19,,7532,141,,,0,75,,7516,141,,,0,35,,7519,141,,,0,75,,7526,141,,,0,30,,7539,141,,,0,70,,7515,141,,,0,100,,7533,141,,,0,100,,7541,141,,,0
2001200,'a06a7e47-f820-49a2-88af-ccffc941c6bc',659,,7548,141,,,0,70,,7565,141,,,0,30,,7552,141,,,0,72,,7559,141,,,0,70,,7561,141,,,0,30,,7554,141,,,0,70,,7553,141,,,0,30,,7545,141,,,0,73,,7574,141,,,0,30,,7571,141,,,0,70,,7564,141,,,0,43,,7543,141,,,0,70,,7557,141,,,0,30,,7544,141,,,0,70,,7566,141,,,0,39,,7550,141,,,0,70,,7569,141,,,0,30,,7546,141,,,0,70,,7570,141,,,0,80,,7567,141,,,0,30,,7558,141,,,0,70,,7573,141,,,0,30,,7555,141,,,0,78,,7547,141,,,0,28,,7562,141,,,0,72,,7560,141,,,0,30,,7568,141,,,0,70,,7556,141,,,0,30,,7563,141,,,0,70,,7572,141,,,0,100,,7549,141,,,0,100,,7551,141,,,0
2001200,'af2e8e03-0a42-4469-a2b8-e03c803b7d24',847,,7576,141,,,0,100,,7586,141,,,0,100,,7588,141,,,0,100,,7575,141,,,0,103,,7584,141,,,0,108,,7578,141,,,0,100,,7587,141,,,0,150,,7582,141,,,0,100,,7579,141,,,0,110,,7581,141,,,0,100,,7583,141,,,0,98,,7577,141,,,0,100,,7585,141,,,0,102,,7580,141,,,0
2001200,'f29e6a89-2c24-4546-a5bf-65191f526c55',847,,7592,141,,,0,100,,7598,141,,,0,100,,7602,141,,,0,100,,7601,141,,,0,103,,7593,141,,,0,108,,7596,141,,,0,100,,7597,141,,,0,150,,7600,141,,,0,100,,7591,141,,,0,110,,7595,141,,,0,100,,7594,141,,,0,98,,7599,141,,,0,100,,7590,141,,,0,102,,7589,141,,,0
