1000800,'4bf8087f-7a14-48a7-b190-74a0cc4c73da',855,2,6420,52,,,0,100,2,6419,100,,,0,98,2,6433,100,,,0,100,2,6434,100,,,0,100,2,6427,100,,,0,100,2,6422,100,,,0,100,2,6421,100,,,0,100,2,6431,100,,,0,101,2,6430,100,,,0,100,2,6443,100,,,0,100,2,6424,100,,,0,100,2,6446,100,,,0,101,2,6429,100,,,0,100,2,6442,100,,,0
1000800,'8d01581c-cf93-4a74-9f42-0fb702955d15',855,2,6456,52,,,0,100,2,6460,100,,,0,98,2,6452,100,,,0,100,2,6451,100,,,0,100,2,6453,100,,,0,100,2,6449,100,,,0,100,2,6467,100,,,0,100,2,6466,100,,,0,101,2,6462,100,,,0,100,2,6447,100,,,0,100,2,6458,100,,,0,100,2,6450,100,,,0,101,2,6461,100,,,0,100,2,6469,100,,,0
1000800,'9881fb63-ca97-484f-b0ca-1bb7e4ca8571',456,2,6490,48,,,0,69,2,6493,48,,,0,31,2,6481,178,,,0,70,2,6483,178,,,0,30,2,6487,178,,,0,70,2,6499,178,,,0,29,5,6495,130,,,0,70,2,6479,178,,,0,30,2,6511,178,,,0,70,2,6502,178,,,0,30,2,6477,178,,,0,70,2,6506,178,,,0,28,2,6476,178,,,0,70,2,6505,178,,,0,30,2,6494,178,,,0,70,2,6507,178,,,0,30,2,6496,178,,,0,70,2,6503,178,,,0,30,2,6500,178,,,0,70,2,6501,178,,,0,30,2,6497,130,,,0,70,,6508,178,,,0,30,,6513,178,,,0,70,,6485,178,,,0,31,2,6489,178,,,0,70,2,6510,178,,,0,30,2,6492,178,,,0,70,2,6484,178,,,0,30,2,6475,102,,,0,70,2,6509,178,,,0,30,2,6491,100,,,0,101,2,6498,100,,,0,100,2,6504,100,,,0,100,2,6486,100,,,0,100,2,6480,100,,,0
1000800,'a06a7e47-f820-49a2-88af-ccffc941c6bc',726,2,6535,48,,,0,29,2,6541,178,,,0,70,2,6537,178,,,0,30,2,6543,178,,,0,70,2,6546,178,,,0,30,2,6519,178,,,0,70,2,6529,178,,,0,28,2,6538,178,,,0,70,2,6531,178,,,0,30,2,6522,178,,,0,70,2,6526,178,,,0,30,2,6515,178,,,0,70,2,6518,178,,,0,30,2,6547,178,,,0,70,2,6532,178,,,0,30,2,6530,178,,,0,70,2,6550,178,,,0,30,2,6516,178,,,0,70,2,6540,178,,,0,31,2,6523,178,,,0,70,2,6517,178,,,0,30,2,6542,178,,,0,70,2,6527,178,,,0,30,2,6514,102,,,0,70,2,6548,178,,,0,30,2,6528,100,,,0,101,2,6521,100,,,0,100,2,6525,100,,,0,100,2,6536,100,,,0,100,2,6533,100,,,0
1000800,'af2e8e03-0a42-4469-a2b8-e03c803b7d24',855,2,6577,52,,,0,100,2,6559,100,,,0,98,2,6574,100,,,0,100,2,6562,100,,,0,100,2,6573,100,,,0,100,2,6563,100,,,0,100,2,6576,100,,,0,100,2,6565,100,,,0,101,2,6561,100,,,0,100,2,6551,100,,,0,100,2,6570,100,,,0,100,2,6560,100,,,0,101,2,6552,100,,,0,100,2,6568,100,,,0
1000800,'f29e6a89-2c24-4546-a5bf-65191f526c55',855,2,6594,52,,,0,100,2,6593,100,,,0,98,2,6585,100,,,0,100,2,6598,100,,,0,100,2,6581,100,,,0,100,2,6591,100,,,0,100,2,6586,100,,,0,100,2,6595,100,,,0,101,2,6590,100,,,0,100,2,6602,100,,,0,100,2,6596,100,,,0,100,2,6588,100,,,0,101,2,6600,100,,,0,100,2,6580,100,,,0
2000700,'4bf8087f-7a14-48a7-b190-74a0cc4c73da',1010,,7070,131,,,0,100,,7076,131,,,0,100,,7067,131,,,0,100,,7074,131,,,0,100,,7075,131,,,0,100,,7078,131,,,0,100,,7073,131,,,0,100,,7069,131,,,0,100,,7068,131,,,0,102,,7065,131,,,0,100,,7066,131,,,0,100,,7077,131,,,0,135,,7071,131,,,0
2000700,'8d01581c-cf93-4a74-9f42-0fb702955d15',1010,,7084,131,,,0,100,,7081,131,,,0,100,,7079,131,,,0,100,,7091,131,,,0,100,,7087,131,,,0,100,,7086,131,,,0,100,,7085,131,,,0,100,,7080,131,,,0,100,,7090,131,,,0,102,,7088,131,,,0,100,,7083,131,,,0,100,,7089,131,,,0
2000700,'9881fb63-ca97-484f-b0ca-1bb7e4ca8571',611,,7098,131,,,0,30,,7102,131,,,0,70,,7118,131,,,0,30,,7097,131,,,0,70,,7092,131,,,0,28,,7094,131,,,0,72,,7100,131,,,0,28,,7124,131,,,0,71,,7115,131,,,0,30,,7108,131,,,0,70,,7106,131,,,0,30,,7113,131,,,0,70,,7111,131,,,0,30,,7093,131,,,0,70,,7120,131,,,0,30,,7109,131,,,0,72,,7104,131,,,0,28,,7123,131,,,0,70,,7095,131,,,0,30,,7119,131,,,0,70,,7114,131,,,0,30,,7110,131,,,0,70,,7103,131,,,0,30,,7105,131,,,0,69,,7096,131,,,0,30,,7112,131,,,0,72,,7107,131,,,0,30,,7101,131,,,0,72,,7122,131,,,0,98,,7099,131,,,0,99,,7121,131,,,0,96,,7117,131,,,0
2000700,'a06a7e47-f820-49a2-88af-ccffc941c6bc',711,,7133,131,,,0,30,,7153,131,,,0,70,,7142,131,,,0,30,,7125,131,,,0,70,,7126,131,,,0,30,,7137,131,,,0,69,,7136,131,,,0,30,,7150,131,,,0,70,,7130,131,,,0,30,,7152,131,,,0,70,,7127,131,,,0,30,,7143,131,,,0,70,,7135,131,,,0,30,,7144,131,,,0,70,,7146,131,,,0,30,,7138,131,,,0,70,,7147,131,,,0,30,,7141,131,,,0,70,,7145,131,,,0,30,,7151,131,,,0,70,,7154,131,,,0,30,,7134,131,,,0,70,,7149,131,,,0,30,,7140,131,,,0,72,,7155,131,,,0,30,,7139,131,,,0,70,,7132,131,,,0,100,,7148,131,,,0,47,,7128,131,,,0,150,,7129,131,,,0
2000700,'af2e8e03-0a42-4469-a2b8-e03c803b7d24',1010,,7166,131,,,0,100,,7160,131,,,0,100,,7161,131,,,0,100,,7157,131,,,0,100,,7167,131,,,0,100,,7158,131,,,0,100,,7165,131,,,0,100,,7164,131,,,0,100,,7159,131,,,0,102,,7163,131,,,0,100,,7156,131,,,0,100,,7162,131,,,0
2000700,'f29e6a89-2c24-4546-a5bf-65191f526c55',1010,,7178,131,,,0,100,,7179,131,,,0,100,,7173,131,,,0,100,,7177,131,,,0,100,,7171,131,,,0,100,,7180,131,,,0,100,,7172,131,,,0,100,,7181,131,,,0,100,,7169,131,,,0,102,,7174,131,,,0,100,,7170,131,,,0,100,,7176,131,,,0
