2001200,'4bf8087f-7a14-48a7-b190-74a0cc4c73da',853,,7495,154,4,,0,100,,7492,154,4,,0,100,,7483,154,4,,0,100,,7485,154,4,,0,103,,7482,154,4,,0,149,,7484,154,4,,0,100,,7486,154,4,,0,110,,7491,154,4,,0,100,,7490,154,4,,0,110,,7487,154,4,,0,100,,7488,154,4,,0,97,,7493,154,4,,0,100,,7494,154,4,,0,134,,7489,154,4,,0
2001200,'8d01581c-cf93-4a74-9f42-0fb702955d15',853,,7497,154,,,0,100,,7503,154,,,0,100,,7502,154,,,0,100,,7498,154,,,0,103,,7506,154,,,0,149,,7509,154,,,0,100,,7501,154,,,0,110,,7504,154,,,0,100,,7500,154,,,0,110,,7508,154,,,0,100,,7505,154,,,0,97,,7496,154,,,0,100,,7507,154,,,0,102,,7499,154,,,0
2001200,'9881fb63-ca97-484f-b0ca-1bb7e4ca8571',554,,7530,154,,,0,75,,7528,154,,,0,25,,7527,154,,,0,72,,7538,154,,,0,33,,7517,154,,,0,74,,7518,154,,,0,72,,7534,154,,,0,30,,7521,154,,,0,75,,7512,154,,,0,35,,7525,154,,,0,70,,7520,154,,,0,30,,7511,154,,,0,75,,7523,154,,,0,34,,7513,154,,,0,70,,7524,154,,,0,30,,7529,154,,,0,76,,7540,154,,,0,75,,7522,154,,,0,39,,7514,154,,,0,75,,7536,154,,,0,35,,7537,154,,,0,75,,7510,154,,,0,75,,7535,154,,,0,35,,7531,154,,,0,75,,7542,154,,,0,18,,7532,154,,,0,75,,7516,154,,,0,35,,7519,154,,,0,75,,7526,154,,,0,30,,7539,154,,,0,70,,7515,154,,,0,100,,7533,154,,,0,100,,7541,154,,,0
2001200,'a06a7e47-f820-49a2-88af-ccffc941c6bc',705,,7548,154,,,0,30,,7565,154,,,0,70,,7552,154,,,0,32,,7559,154,,,0,70,,7561,154,,,0,30,,7554,154,,,0,70,,7553,154,,,0,30,,7545,154,,,0,73,,7574,154,,,0,30,,7571,154,,,0,70,,7564,154,,,0,44,,7543,154,,,0,70,,7557,154,,,0,30,,7544,154,,,0,70,,7566,154,,,0,79,,7550,154,,,0,30,,7569,154,,,0,70,,7546,154,,,0,30,,7570,154,,,0,80,,7567,154,,,0,30,,7558,154,,,0,70,,7573,154,,,0,30,,7555,154,,,0,77,,7547,154,,,0,28,,7562,154,,,0,72,,7560,154,,,0,30,,7568,154,,,0,70,,7556,154,,,0,30,,7563,154,,,0,70,,7572,154,,,0,100,,7549,154,,,0,100,,7551,154,,,0
2001200,'af2e8e03-0a42-4469-a2b8-e03c803b7d24',853,,7576,154,,,0,100,,7586,154,,,0,100,,7588,154,,,0,100,,7575,154,,,0,103,,7584,154,,,0,149,,7578,154,,,0,100,,7587,154,,,0,110,,7582,154,,,0,100,,7579,154,,,0,110,,7581,154,,,0,100,,7583,154,,,0,97,,7577,154,,,0,100,,7585,154,,,0,102,,7580,154,,,0
2001200,'f29e6a89-2c24-4546-a5bf-65191f526c55',853,,7592,154,,,0,100,,7598,154,,,0,100,,7602,154,,,0,100,,7601,154,,,0,103,,7593,154,,,0,149,,7596,154,,,0,100,,7597,154,,,0,110,,7600,154,,,0,100,,7591,154,,,0,110,,7595,154,,,0,100,,7594,154,,,0,97,,7599,154,,,0,100,,7590,154,,,0,102,,7589,154,,,0
2001500,'8d01581c-cf93-4a74-9f42-0fb702955d15',807,,7607,10,,,0,36,,7614,10,,,0,76,,7619,10,,,0,38,,7610,10,,,0,78,,7603,10,,,0,76,,7613,10,,,0,36,,7605,10,,,0,76,,7621,10,,,0,36,,7609,10,,,0,78,,7612,10,,,0,76,,7608,10,,,0,36,,7618,10,,,0,76,,7617,10,,,0,76,,7620,10,,,0,36,,7622,10,,,0,78,,7606,10,,,0,36,,7604,10,,,0,76,,7616,10,,,0,76,,7611,10,,,0,36,,7615,10,,,0
2001500,'9881fb63-ca97-484f-b0ca-1bb7e4ca8571',621,,7633,10,,,0,37,,7641,10,,,0,78,,7635,10,,,0,82,,7624,10,,,0,40,,7638,10,,,0,80,,7639,10,,,0,80,,7627,10,,,0,40,,7634,10,,,0,80,,7631,10,,,0,80,,7626,10,,,0,82,,7637,10,,,0,42,,7625,10,,,0,82,,7623,10,,,0,82,,7630,10,,,0,40,,7628,10,,,0,80,,7629,10,,,0,80,,7643,10,,,0,42,,7642,10,,,0,82,,7632,10,,,0,82,,7636,10,,,0,40,,7640,10,,,0
2001500,'a06a7e47-f820-49a2-88af-ccffc941c6bc',807,,7654,10,,,0,36,,7657,10,,,0,76,,7662,10,,,0,38,,7655,10,,,0,78,,7659,10,,,0,76,,7650,10,,,0,36,,7648,10,,,0,76,,7660,10,,,0,36,,7647,10,,,0,78,,7656,10,,,0,76,,7652,10,,,0,36,,7653,10,,,0,76,,7644,10,,,0,76,,7661,10,,,0,36,,7663,10,,,0,78,,7645,10,,,0,36,,7658,10,,,0,76,,7649,10,,,0,76,,7651,10,,,0,36,,7646,10,,,0
2001500,'af2e8e03-0a42-4469-a2b8-e03c803b7d24',807,,7674,10,,,0,36,,7666,10,,,0,76,,7677,10,,,0,38,,7682,10,,,0,78,,7670,10,,,0,76,,7669,10,,,0,36,,7675,10,,,0,76,,7683,10,,,0,36,,7667,10,,,0,78,,7676,10,,,0,76,,7664,10,,,0,36,,7673,10,,,0,76,,7680,10,,,0,76,,7668,10,,,0,36,,7665,10,,,0,78,,7672,10,,,0,36,,7679,10,,,0,76,,7671,10,,,0,76,,7681,10,,,0,36,,7678,10,,,0
