10000,'cb4b0736-ae06-4068-8975-684c5aa9c4dd',807,,1721,70,,,0,49,,1734,70,,,0,89,,1731,70,,,0,89,,1745,70,,,0,89,,1728,70,,,0,24,,1746,70,,,0,65,,1735,70,,,0,24,,1723,70,,,0,65,,1741,70,,,0,24,,1727,70,,,0,25,,1743,70,,,0,64,,1744,70,,,0,25,,1719,70,,,0,64,,1739,70,,,0,25,,1729,70,,,0,24,,1732,70,,,0,65,,1730,70,,,0,25,,1720,70,,,0,66,,1722,70,,,0,25,,1733,70,,,0,25,,1738,70,,,0,65,,1737,70,,,0,87,,1724,70,,,0,47,,1736,70,,,0,87,,1726,70,,,0,86,,1742,70,,,0,86,,1740,70,,,0,86,,1725,70,,,0
10000,'da04b5a9-c8c9-4ce7-b04e-b0fea920ad3d',805,,1754,70,,,0,24,,1779,70,,,0,25,,1765,70,,,0,64,,1775,70,,,0,25,,1756,70,,,0,64,,1774,70,,,0,25,,1759,70,,,0,24,,1768,70,,,0,65,,1769,70,,,0,24,,1747,70,,,0,65,,1781,70,,,0,24,,1778,70,,,0,25,,1782,70,,,0,64,,1758,70,,,0,25,,1772,70,,,0,64,,1751,70,,,0,25,,1750,70,,,0,64,,1766,70,,,0,25,,1749,70,,,0,25,,1764,70,,,0,66,,1748,70,,,0,25,,1757,70,,,0,66,,1771,70,,,0,25,,1776,70,,,0,25,,1760,70,,,0,65,,1762,70,,,0,22,,1752,70,,,0,65,,1753,70,,,0,22,,1755,70,,,0,25,,1770,70,,,0,61,,1761,70,,,0,25,,1780,70,,,0,61,,1773,70,,,0,25,,1767,70,,,0,22,,1777,70,,,0,86,,1763,70,,,0
10000,'e6a739fe-d612-4f2f-91d4-8c3f4a04ded0',730,,1802,70,,,0,20,,1787,70,,,0,69,,1789,70,,,0,22,,1814,70,,,0,67,,1794,70,,,0,24,,1818,70,,,0,25,,1784,70,,,0,64,,1798,70,,,0,25,,1793,70,,,0,64,,1811,70,,,0,25,,1815,70,,,0,24,,1788,70,,,0,65,,1805,70,,,0,24,,1792,70,,,0,66,,1801,70,,,0,25,,1810,70,,,0,66,,1813,70,,,0,25,,1812,70,,,0,26,,1783,70,,,0,64,,1820,70,,,0,26,,1819,70,,,0,64,,1817,70,,,0,25,,1803,70,,,0,24,,1807,70,,,0,64,,1786,70,,,0,24,,1797,70,,,0,63,,1808,70,,,0,24,,1796,70,,,0,23,,1799,70,,,0,64,,1790,70,,,0,23,,1806,70,,,0,63,,1785,70,,,0,23,,1800,70,,,0,23,,1791,70,,,0,63,,1804,70,,,0,23,,1809,70,,,0,63,,1816,70,,,0,46,,1795,70,,,0
10100,'cb4b0736-ae06-4068-8975-684c5aa9c4dd',739,,1822,80,,,0,85,,1832,80,,,0,85,,1843,80,,,0,45,,1846,80,,,0,85,,1831,80,,,0,85,,1821,80,,,0,22,,1833,80,,,0,63,,1825,80,,,0,25,,1827,80,,,0,23,,1823,80,,,0,68,,1830,80,,,0,25,,1845,80,,,0,66,,1844,80,,,0,25,,1839,80,,,0,66,,1828,80,,,0,25,,1826,80,,,0,26,,1842,80,,,0,67,,1835,80,,,0,24,,1840,80,,,0,64,,1824,80,,,0,24,,1841,80,,,0,64,,1836,80,,,0,50,,1834,80,,,0,88,,1847,80,,,0,86,,1829,80,,,0,86,,1838,80,,,0,46,,1848,80,,,0,86,,1837,80,,,0
10100,'da04b5a9-c8c9-4ce7-b04e-b0fea920ad3d',734,,1858,80,,,0,85,,1871,80,,,0,22,,1865,80,,,0,63,,1860,80,,,0,22,,1875,80,,,0,23,,1851,80,,,0,62,,1861,80,,,0,23,,1883,80,,,0,22,,1859,80,,,0,63,,1876,80,,,0,22,,1881,80,,,0,63,,1852,80,,,0,22,,1855,80,,,0,23,,1870,80,,,0,65,,1878,80,,,0,25,,1856,80,,,0,65,,1862,80,,,0,26,,1872,80,,,0,27,,1868,80,,,0,66,,1864,80,,,0,25,,1867,80,,,0,66,,1873,80,,,0,25,,1853,80,,,0,66,,1849,80,,,0,25,,1877,80,,,0,26,,1857,80,,,0,65,,1879,80,,,0,26,,1874,80,,,0,65,,1869,80,,,0,26,,1866,80,,,0,64,,1880,80,,,0,24,,1884,80,,,0,22,,1850,80,,,0,64,,1882,80,,,0,23,,1863,80,,,0,90,,1854,80,,,0
10100,'e6a739fe-d612-4f2f-91d4-8c3f4a04ded0',724,,1917,80,,,0,22,,1914,80,,,0,63,,1901,80,,,0,22,,1892,80,,,0,23,,1889,80,,,0,62,,1912,80,,,0,23,,1888,80,,,0,62,,1897,80,,,0,23,,1904,80,,,0,22,,1898,80,,,0,66,,1894,80,,,0,24,,1905,80,,,0,66,,1903,80,,,0,25,,1895,80,,,0,26,,1911,80,,,0,65,,1896,80,,,0,26,,1918,80,,,0,67,,1899,80,,,0,27,,1885,80,,,0,66,,1900,80,,,0,26,,1909,80,,,0,26,,1891,80,,,0,66,,1887,80,,,0,25,,1890,80,,,0,66,,1893,80,,,0,24,,1907,80,,,0,64,,1915,80,,,0,24,,1886,80,,,0,24,,1919,80,,,0,64,,1910,80,,,0,24,,1908,80,,,0,64,,1902,80,,,0,24,,1916,80,,,0,22,,1906,80,,,0,64,,1921,80,,,0,24,,1913,80,,,0,85,,1920,80,,,0
40001,'da04b5a9-c8c9-4ce7-b04e-b0fea920ad3d',854,,1974,21,,,0,71,,1979,21,,,0,30,,1970,21,,,0,70,,1983,21,,,0,30,,1966,21,,,0,69,,1969,21,,,0,30,,1968,21,,,0,70,,1973,21,,,0,30,,1967,21,,,0,70,,1972,21,,,0,30,,1975,21,,,0,70,,1977,21,,,0,30,,1965,21,,,0,70,,1980,21,,,0,30,,1971,21,,,0,70,,1981,21,,,0,30,,1964,21,,,0,70,,1982,21,,,0,30,,1976,21,,,0,70,,1978,21,,,0
40001,'e6a739fe-d612-4f2f-91d4-8c3f4a04ded0',654,,1985,21,,,0,68,,1994,21,,,0,30,,1993,21,,,0,73,,2001,21,,,0,30,,1997,21,,,0,70,,1999,21,,,0,30,,1996,21,,,0,70,,1992,21,,,0,30,,1987,21,,,0,69,,1998,21,,,0,30,,1995,21,,,0,70,,2000,21,,,0,30,,2007,21,,,0,70,,1990,21,,,0,30,,2004,21,,,0,70,,2005,21,,,0,31,,2002,21,,,0,70,,2003,21,,,0,29,,2006,21,,,0,70,,1988,21,,,0,30,,1986,21,,,0,70,,1991,21,,,0,30,,1984,21,,,0,70,,1989,21,,,0
1000800,'cb4b0736-ae06-4068-8975-684c5aa9c4dd',912,,2196,113,4,,0,102,,2180,113,4,,0,100,,2176,113,4,,0,100,,2181,113,4,,0,100,,2194,113,4,,0,100,,2186,113,4,,0,100,,2198,113,4,,0,100,,2193,113,4,,0,100,,2183,113,4,,0,99,,2189,113,4,,0,100,,2195,113,4,,0,100,,2182,113,4,,0,100,,2174,113,4,,0
1000800,'da04b5a9-c8c9-4ce7-b04e-b0fea920ad3d',712,,2201,95,4,,0,30,,2208,95,4,,0,70,,2227,213,4,,0,32,,2217,386,4,,0,70,,2225,386,4,,0,30,,2226,386,4,,0,70,,2214,386,4,,0,30,,2209,386,4,,0,70,,2232,386,4,,0,30,,2206,386,4,,0,70,,2219,386,4,,0,30,,2231,386,4,,0,70,,2202,386,4,,0,30,,2223,386,4,,0,70,,2207,386,4,,0,30,,2228,386,4,,0,70,,2222,386,4,,0,30,,2221,386,4,,0,70,,2205,386,4,,0,30,,2224,386,4,,0,70,,2230,386,4,,0,31,,2204,386,4,,0,70,,2236,386,4,,0,30,,2215,386,4,,0,70,,2218,386,4,,0,98,,2233,386,4,,0,95,,2235,113,4,,0,98,,2216,113,4,,0,100,,2210,113,4,,0,100,,2234,113,4,,0
1000800,'e6a739fe-d612-4f2f-91d4-8c3f4a04ded0',542,,2241,213,4,,0,70,,2251,213,4,,0,30,,2253,386,4,,0,70,,2272,386,4,,0,30,,2262,386,4,,0,70,,2257,386,4,,0,32,,2250,345,4,,0,70,,2252,386,4,,0,30,,2242,386,4,,0,70,,2258,386,4,,0,30,,2237,386,4,,0,70,,2273,386,4,,0,30,,2255,386,4,,0,70,,2244,386,4,,0,30,,2270,386,4,,0,70,,2246,386,4,,0,30,,2247,386,4,,0,70,,2256,386,4,,0,30,,2276,386,4,,0,70,,2259,386,4,,0,30,,2249,345,4,,0,70,,2239,386,4,,0,30,,2261,386,4,,0,70,,2245,386,4,,0,32,,2260,386,4,,0,70,,2271,386,4,,0,30,,2265,386,4,,0,70,,2254,386,4,,0,92,,2268,386,4,,0,105,,2238,113,4,,0,98,,2240,113,4,,0,100,,2263,113,4,,0,104,,2248,113,4,,0
1000801,'cb4b0736-ae06-4068-8975-684c5aa9c4dd',914,,2284,0,,,0,102,,2288,0,,,0,100,,2286,0,,,0,99,,2282,0,,,0,100,,2280,0,,,0,100,,2283,0,,,0,100,,2285,0,,,0,100,,2281,0,,,0,101,,2290,0,,,0,99,,2287,0,,,0,100,,2277,0,,,0,100,,2279,0,,,0,100,,2289,0,,,0
1000801,'da04b5a9-c8c9-4ce7-b04e-b0fea920ad3d',713,,2306,0,,,0,30,,2314,0,,,0,70,,2294,0,,,0,32,,2293,0,,,0,70,,2305,0,,,0,30,,2319,0,,,0,70,,2318,0,,,0,30,,2322,0,,,0,70,,2292,0,,,0,30,,2310,0,,,0,70,,2311,0,,,0,30,,2313,0,,,0,70,,2315,0,,,0,30,,2295,0,,,0,70,,2320,0,,,0,30,,2297,0,,,0,70,,2301,0,,,0,30,,2312,0,,,0,70,,2302,0,,,0,31,,2317,0,,,0,70,,2303,0,,,0,31,,2316,0,,,0,70,,2300,0,,,0,30,,2296,0,,,0,70,,2321,0,,,0,98,,2307,0,,,0,100,,2298,0,,,0,98,,2304,0,,,0,100,,2299,0,,,0,100,,2309,0,,,0
1000801,'e6a739fe-d612-4f2f-91d4-8c3f4a04ded0',543,,2333,0,,,0,70,,2343,0,,,0,30,,2331,0,,,0,70,,2323,0,,,0,30,,2345,0,,,0,70,,2328,0,,,0,32,,2340,0,,,0,70,,2329,0,,,0,30,,2350,0,,,0,70,,2344,0,,,0,30,,2346,0,,,0,70,,2325,0,,,0,30,,2324,0,,,0,70,,2342,0,,,0,30,,2358,0,,,0,70,,2355,0,,,0,30,,2351,0,,,0,70,,2353,0,,,0,30,,2334,0,,,0,70,,2338,0,,,0,30,,2327,0,,,0,70,,2339,0,,,0,30,,2337,0,,,0,70,,2347,0,,,0,32,,2352,0,,,0,70,,2354,0,,,0,30,,2335,0,,,0,70,,2332,0,,,0,98,,2357,0,,,0,100,,2356,0,,,0,98,,2349,0,,,0,100,,2348,0,,,0,103,,2330,0,,,0
2000800,'cb4b0736-ae06-4068-8975-684c5aa9c4dd',943,,2595,161,4,,0,100,,2598,157,4,,0,100,,2611,157,4,,0,100,,2596,157,4,,0,100,,2618,157,4,,0,100,,2615,157,4,,0,100,,2601,157,4,,0,100,,2594,157,4,,0,100,,2600,157,4,,0,100,,2602,157,4,,0,99,,2606,157,4,,0,100,,2605,157,4,,0,100,,2593,157,4,,0
2000800,'da04b5a9-c8c9-4ce7-b04e-b0fea920ad3d',713,,2630,157,4,,0,30,,2648,157,4,,0,70,,2635,157,4,,0,30,,2639,223,4,,0,70,,2653,223,4,,0,30,,2643,223,4,,0,70,,2634,223,4,,0,30,,2642,223,4,,0,70,,2622,223,4,,0,30,,2650,223,4,,0,70,,2626,223,4,,0,30,,2636,223,4,,0,70,,2628,223,4,,0,30,,2619,223,4,,0,70,,2647,223,4,,0,30,,2638,223,4,,0,70,,2633,223,4,,0,30,,2640,223,4,,0,71,,2624,223,4,,0,30,,2649,223,4,,0,70,,2644,223,4,,0,30,,2654,223,4,,0,70,,2625,223,4,,0,30,,2621,223,4,,0,99,,2652,223,4,,0,100,,2631,157,4,,0,100,,2641,157,4,,0,100,,2637,157,4,,0,100,,2632,157,4,,0
2000800,'e6a739fe-d612-4f2f-91d4-8c3f4a04ded0',543,,2693,161,4,,0,70,,2665,161,4,,0,30,,2678,223,4,,0,70,,2673,161,4,,0,30,,2687,223,4,,0,70,,2675,223,4,,0,30,,2666,223,4,,0,70,,2663,223,4,,0,30,,2686,223,4,,0,70,,2692,223,4,,0,30,,2680,223,4,,0,70,,2679,223,4,,0,30,,2657,223,4,,0,70,,2667,223,4,,0,30,,2684,223,4,,0,70,,2659,223,4,,0,30,,2683,223,4,,0,71,,2669,223,4,,0,30,,2682,223,4,,0,70,,2681,223,4,,0,30,,2672,223,4,,0,71,,2670,223,4,,0,31,,2691,223,4,,0,68,,2688,223,4,,0,30,,2660,223,4,,0,70,,2655,223,4,,0,30,,2671,223,4,,0,101,,2661,223,4,,0,98,,2668,157,4,,0,100,,2658,157,4,,0,100,,2674,157,4,,0,100,,2690,157,4,,0
2000801,'cb4b0736-ae06-4068-8975-684c5aa9c4dd',944,,2704,0,,,0,100,,2698,0,,,0,100,,2702,0,,,0,100,,2703,0,,,0,100,,2705,0,,,0,100,,2701,0,,,0,100,,2695,0,,,0,100,,2697,0,,,0,100,,2700,0,,,0,100,,2694,0,,,0,99,,2707,0,,,0,100,,2706,0,,,0,100,,2696,0,,,0
2000801,'da04b5a9-c8c9-4ce7-b04e-b0fea920ad3d',714,,2720,0,,,0,30,,2735,0,,,0,70,,2712,0,,,0,30,,2722,0,,,0,70,,2715,0,,,0,30,,2711,0,,,0,70,,2726,0,,,0,30,,2721,0,,,0,70,,2710,0,,,0,30,,2716,0,,,0,70,,2738,0,,,0,30,,2737,0,,,0,70,,2727,0,,,0,30,,2724,0,,,0,70,,2719,0,,,0,30,,2728,0,,,0,70,,2713,0,,,0,30,,2708,0,,,0,72,,2717,0,,,0,30,,2714,0,,,0,70,,2723,0,,,0,30,,2732,0,,,0,70,,2736,0,,,0,31,,2731,0,,,0,99,,2734,0,,,0,100,,2729,0,,,0,100,,2718,0,,,0,100,,2733,0,,,0,100,,2725,0,,,0
2000801,'e6a739fe-d612-4f2f-91d4-8c3f4a04ded0',545,,2762,0,,,0,70,,2740,0,,,0,30,,2754,0,,,0,70,,2741,0,,,0,29,,2753,0,,,0,70,,2765,0,,,0,30,,2744,0,,,0,70,,2746,0,,,0,30,,2760,0,,,0,70,,2739,0,,,0,30,,2748,0,,,0,70,,2756,0,,,0,30,,2764,0,,,0,70,,2763,0,,,0,30,,2767,0,,,0,70,,2758,0,,,0,30,,2755,0,,,0,71,,2769,0,,,0,30,,2743,0,,,0,70,,2759,0,,,0,30,,2772,0,,,0,71,,2750,0,,,0,31,,2757,0,,,0,69,,2770,0,,,0,30,,2761,0,,,0,70,,2766,0,,,0,31,,2768,0,,,0,99,,2742,0,,,0,100,,2752,0,,,0,100,,2771,0,,,0,100,,2749,0,,,0,100,,2747,0,,,0
