2000200,'4bf8087f-7a14-48a7-b190-74a0cc4c73da',919,,6935,137,,,0,100,,6931,137,,,0,30,,6932,137,,,0,100,,6936,137,,,0,71,,6937,137,,,0,100,,6942,137,,,0,30,,6933,137,,,0,100,,6946,137,,,0,70,,6930,137,,,0,100,,6945,137,,,0,30,,6934,137,,,0,100,,6944,137,,,0,70,,6941,137,,,0,99,,6948,137,,,0,30,,6940,137,,,0,100,,6938,137,,,0,68,,6947,137,,,0,100,,6939,137,,,0,42,,6943,137,,,0
2000200,'8d01581c-cf93-4a74-9f42-0fb702955d15',919,,6957,137,,,0,100,,6963,137,,,0,30,,6952,137,,,0,100,,6951,137,,,0,71,,6962,137,,,0,100,,6964,137,,,0,30,,6954,137,,,0,100,,6955,137,,,0,70,,6949,137,,,0,100,,6961,137,,,0,30,,6959,137,,,0,100,,6960,137,,,0,70,,6953,137,,,0,99,,6956,137,,,0,30,,6950,137,,,0,100,,6966,137,,,0,68,,6958,137,,,0,100,,6965,137,,,0
2000200,'9881fb63-ca97-484f-b0ca-1bb7e4ca8571',621,,6977,137,,,0,30,,6992,137,,,0,70,,6967,137,,,0,30,,6970,137,,,0,70,,6997,137,,,0,30,,6981,137,,,0,70,,6974,137,,,0,30,,6976,137,,,0,70,,6986,137,,,0,30,,6972,137,,,0,70,,6985,137,,,0,31,,6984,137,,,0,70,,6983,137,,,0,30,,6979,137,,,0,70,,6996,137,,,0,30,,6994,137,,,0,70,,6975,137,,,0,30,,6991,137,,,0,69,,6971,137,,,0,30,,6993,137,,,0,70,,6988,137,,,0,30,,6978,137,,,0,70,,6987,137,,,0,30,,6973,137,,,0,70,,6998,137,,,0,27,,6989,137,,,0,70,,6982,137,,,0,30,,6969,137,,,0,70,,6995,137,,,0,100,,6990,137,,,0,30,,6968,137,,,0,100,,6980,137,,,0
2000200,'a06a7e47-f820-49a2-88af-ccffc941c6bc',719,,7003,137,,,0,30,,7008,137,,,0,70,,7014,137,,,0,30,,7022,137,,,0,70,,7026,137,,,0,30,,7000,137,,,0,70,,7018,137,,,0,30,,7028,137,,,0,70,,7023,137,,,0,30,,7001,137,,,0,70,,7013,137,,,0,31,,7010,137,,,0,70,,7007,137,,,0,30,,7020,137,,,0,70,,7011,137,,,0,30,,7012,137,,,0,70,,7006,137,,,0,30,,7019,137,,,0,70,,7009,137,,,0,30,,7016,137,,,0,70,,7024,137,,,0,30,,7027,137,,,0,70,,7015,137,,,0,30,,7017,137,,,0,70,,6999,137,,,0,29,,7021,137,,,0,70,,7002,137,,,0,100,,7025,137,,,0,28,,7004,137,,,0,100,,7005,137,,,0
2000200,'af2e8e03-0a42-4469-a2b8-e03c803b7d24',919,,7029,137,,,0,100,,7032,137,,,0,30,,7031,137,,,0,100,,7045,137,,,0,71,,7037,137,,,0,100,,7040,137,,,0,30,,7046,137,,,0,100,,7038,137,,,0,70,,7043,137,,,0,100,,7034,137,,,0,30,,7030,137,,,0,100,,7033,137,,,0,70,,7036,137,,,0,99,,7039,137,,,0,30,,7042,137,,,0,100,,7041,137,,,0,68,,7044,137,,,0,100,,7035,137,,,0
2000200,'f29e6a89-2c24-4546-a5bf-65191f526c55',919,,7063,137,,,0,100,,7059,137,,,0,30,,7049,137,,,0,100,,7058,137,,,0,71,,7062,137,,,0,100,,7061,137,,,0,30,,7047,137,,,0,100,,7055,137,,,0,70,,7052,137,,,0,100,,7048,137,,,0,30,,7050,137,,,0,100,,7054,137,,,0,70,,7060,137,,,0,99,,7056,137,,,0,30,,7057,137,,,0,100,,7053,137,,,0,68,,7051,137,,,0,100,,7064,137,,,0
2000801,'4bf8087f-7a14-48a7-b190-74a0cc4c73da',949,,7363,123,,,0,100,,7362,244,,,0,100,,7371,244,,,0,100,,7368,244,,,0,100,,7364,244,,,0,100,,7367,244,,,0,100,,7365,244,,,0,100,,7374,244,,,0,96,,7369,244,,,0,100,,7370,244,,,0,100,,7361,244,,,0,99,,7366,244,,,0,100,,7373,244,,,0,112,,7372,244,,,0
2000801,'8d01581c-cf93-4a74-9f42-0fb702955d15',949,,7380,123,,,0,100,,7376,244,,,0,100,,7384,244,,,0,100,,7377,244,,,0,100,,7381,244,,,0,100,,7387,244,,,0,100,,7382,244,,,0,100,,7388,244,,,0,96,,7383,244,,,0,100,,7385,244,,,0,100,,7386,244,,,0,99,,7375,244,,,0,100,,7378,244,,,0
2000801,'9881fb63-ca97-484f-b0ca-1bb7e4ca8571',525,,7389,123,,,0,100,,7392,123,,,0,21,,7401,244,,,0,70,,7405,244,,,0,30,,7391,198,,,0,70,,7399,244,,,0,31,,7404,244,,,0,70,,7396,244,,,0,29,,7393,244,,,0,70,,7418,244,,,0,31,,7402,244,,,0,72,,7400,244,,,0,30,,7411,244,,,0,70,,7406,244,,,0,31,,7416,244,,,0,70,,7414,244,,,0,30,,7398,244,,,0,70,,7417,244,,,0,30,,7390,198,,,0,73,,7397,244,,,0,30,,7422,244,,,0,70,,7403,244,,,0,30,,7409,244,,,0,71,,7408,244,,,0,31,,7419,244,,,0,67,,7415,244,,,0,28,,7421,244,,,0,101,,7410,244,,,0,100,,7394,244,,,0,95,,7407,244,,,0,100,,7413,244,,,0,100,,7412,244,,,0
2000801,'a06a7e47-f820-49a2-88af-ccffc941c6bc',716,,7425,123,,,0,30,,7446,123,,,0,70,,7423,244,,,0,31,,7431,244,,,0,70,,7428,244,,,0,29,,7433,244,,,0,70,,7435,244,,,0,33,,7440,244,,,0,70,,7424,244,,,0,30,,7432,244,,,0,70,,7444,244,,,0,31,,7451,244,,,0,70,,7452,244,,,0,30,,7447,244,,,0,70,,7453,244,,,0,30,,7426,244,,,0,70,,7448,244,,,0,30,,7450,244,,,0,70,,7438,244,,,0,30,,7430,244,,,0,72,,7434,244,,,0,31,,7429,244,,,0,69,,7436,244,,,0,28,,7441,244,,,0,101,,7437,244,,,0,100,,7443,244,,,0,95,,7427,244,,,0,100,,7445,244,,,0,100,,7449,244,,,0
2000801,'af2e8e03-0a42-4469-a2b8-e03c803b7d24',949,,7455,123,,,0,100,,7465,244,,,0,100,,7454,244,,,0,100,,7467,244,,,0,100,,7460,244,,,0,100,,7457,244,,,0,100,,7459,244,,,0,100,,7458,244,,,0,96,,7461,244,,,0,100,,7466,244,,,0,100,,7464,244,,,0,99,,7463,244,,,0,100,,7456,244,,,0
2000801,'f29e6a89-2c24-4546-a5bf-65191f526c55',949,,7472,123,,,0,100,,7477,244,,,0,100,,7473,244,,,0,100,,7478,244,,,0,100,,7476,244,,,0,100,,7481,244,,,0,100,,7468,244,,,0,100,,7469,244,,,0,96,,7479,244,,,0,100,,7480,244,,,0,100,,7471,244,,,0,99,,7475,244,,,0,100,,7470,244,,,0
