10100,'4bf8087f-7a14-48a7-b190-74a0cc4c73da',721,,5896,12,,,0,85,,5890,12,,,0,45,,5884,12,,,0,85,,5892,12,,,0,85,,5888,12,,,0,85,,5899,12,,,0,22,,5900,12,,,0,23,,5898,12,,,0,63,,5909,12,,,0,23,,5901,12,,,0,68,,5891,12,,,0,25,,5886,12,,,0,26,,5904,12,,,0,65,,5906,12,,,0,26,,5907,12,,,0,65,,5902,12,,,0,26,,5887,12,,,0,67,,5885,12,,,0,24,,5908,12,,,0,24,,5910,12,,,0,64,,5903,12,,,0,24,,5894,12,,,0,90,,5883,12,,,0,88,,5895,12,,,0,87,,5893,12,,,0,46,,5897,12,,,0,86,,5889,12,,,0,93,,5905,12,,,0
10100,'8d01581c-cf93-4a74-9f42-0fb702955d15',721,,5911,12,,,0,85,,5915,12,,,0,45,,5929,12,,,0,85,,5927,12,,,0,85,,5917,12,,,0,85,,5931,12,,,0,22,,5913,12,,,0,23,,5923,12,,,0,63,,5924,12,,,0,23,,5936,12,,,0,68,,5919,12,,,0,25,,5932,12,,,0,26,,5918,12,,,0,65,,5912,12,,,0,26,,5937,12,,,0,65,,5934,12,,,0,26,,5920,12,,,0,67,,5938,12,,,0,24,,5933,12,,,0,24,,5914,12,,,0,64,,5922,12,,,0,24,,5926,12,,,0,90,,5916,12,,,0,88,,5928,12,,,0,87,,5921,12,,,0,46,,5930,12,,,0,86,,5925,12,,,0,86,,5935,12,,,0
10100,'9881fb63-ca97-484f-b0ca-1bb7e4ca8571',706,,5949,12,,,0,22,,5952,12,,,0,23,,5945,12,,,0,62,,5960,12,,,0,23,,5958,12,,,0,22,,5940,12,,,0,63,,5950,12,,,0,22,,5966,12,,,0,63,,5947,12,,,0,22,,5954,12,,,0,24,,5959,12,,,0,64,,5963,12,,,0,26,,5975,12,,,0,65,,5972,12,,,0,26,,5968,12,,,0,25,,5967,12,,,0,66,,5943,12,,,0,27,,5969,12,,,0,66,,5962,12,,,0,26,,5942,12,,,0,66,,5964,12,,,0,26,,5971,12,,,0,66,,5956,12,,,0,26,,5941,12,,,0,26,,5944,12,,,0,64,,5974,12,,,0,24,,5951,12,,,0,64,,5957,12,,,0,24,,5970,12,,,0,24,,5953,12,,,0,64,,5961,12,,,0,24,,5939,12,,,0,64,,5973,12,,,0,23,,5948,12,,,0,24,,5965,12,,,0,64,,5946,12,,,0,85,,5955,12,,,0
10100,'a06a7e47-f820-49a2-88af-ccffc941c6bc',716,,5981,12,,,0,85,,5982,12,,,0,22,,5993,12,,,0,23,,5998,12,,,0,62,,6010,12,,,0,23,,6003,12,,,0,22,,5992,12,,,0,63,,6004,12,,,0,22,,5995,12,,,0,63,,5984,12,,,0,22,,5989,12,,,0,23,,6011,12,,,0,62,,5994,12,,,0,23,,6008,12,,,0,23,,6005,12,,,0,65,,5985,12,,,0,25,,5978,12,,,0,66,,5983,12,,,0,27,,5977,12,,,0,66,,5987,12,,,0,25,,5986,12,,,0,26,,5997,12,,,0,65,,6002,12,,,0,26,,5999,12,,,0,65,,5996,12,,,0,26,,5991,12,,,0,65,,5979,12,,,0,26,,6007,12,,,0,25,,5988,12,,,0,66,,6000,12,,,0,24,,6006,12,,,0,64,,5990,12,,,0,23,,5980,12,,,0,24,,6009,12,,,0,63,,6001,12,,,0,90,,5976,12,,,0
10100,'af2e8e03-0a42-4469-a2b8-e03c803b7d24',721,,6039,12,,,0,85,,6033,12,,,0,45,,6034,12,,,0,85,,6035,12,,,0,85,,6028,12,,,0,85,,6019,12,,,0,22,,6030,12,,,0,23,,6024,12,,,0,63,,6025,12,,,0,23,,6026,12,,,0,68,,6020,12,,,0,25,,6031,12,,,0,26,,6014,12,,,0,65,,6023,12,,,0,26,,6015,12,,,0,65,,6021,12,,,0,26,,6022,12,,,0,67,,6017,12,,,0,24,,6027,12,,,0,24,,6018,12,,,0,64,,6032,12,,,0,24,,6037,12,,,0,90,,6038,12,,,0,88,,6029,12,,,0,87,,6016,12,,,0,46,,6013,12,,,0,86,,6012,12,,,0,86,,6036,12,,,0
10100,'f29e6a89-2c24-4546-a5bf-65191f526c55',721,,6042,12,,,0,85,,6058,12,,,0,45,,6041,12,,,0,85,,6045,12,,,0,85,,6046,12,,,0,85,,6053,12,,,0,22,,6060,12,,,0,23,,6063,12,,,0,63,,6066,12,,,0,23,,6064,12,,,0,68,,6048,12,,,0,25,,6047,12,,,0,26,,6057,12,,,0,65,,6056,12,,,0,26,,6059,12,,,0,65,,6044,12,,,0,26,,6054,12,,,0,67,,6055,12,,,0,24,,6040,12,,,0,24,,6050,12,,,0,64,,6049,12,,,0,24,,6052,12,,,0,90,,6065,12,,,0,88,,6061,12,,,0,87,,6051,12,,,0,46,,6043,12,,,0,86,,6067,12,,,0,86,,6062,12,,,0
1000800,'4bf8087f-7a14-48a7-b190-74a0cc4c73da',852,,6440,39,,,0,101,,6439,39,,,0,100,,6426,39,,,0,100,,6441,39,,,0,100,,6418,39,,,0,100,,6444,39,,,0,100,,6437,39,,,0,100,,6428,39,,,0,100,,6438,39,,,0,100,,6435,39,,,0,100,,6423,39,,,0,100,,6445,39,,,0,100,,6425,39,,,0,188,,6432,39,,,0
1000800,'8d01581c-cf93-4a74-9f42-0fb702955d15',852,,6448,39,,,0,101,,6468,39,,,0,100,,6473,39,,,0,100,,6455,39,,,0,100,,6459,39,,,0,100,,6463,39,,,0,100,,6470,39,,,0,100,,6471,39,,,0,100,,6465,39,,,0,100,,6464,39,,,0,100,,6457,39,,,0,100,,6472,39,,,0,100,,6454,39,,,0
1000800,'9881fb63-ca97-484f-b0ca-1bb7e4ca8571',522,,6490,133,,,0,30,,6493,133,,,0,70,,6481,284,,,0,30,,6483,284,,,0,70,,6487,284,,,0,30,,6499,284,,,0,71,,6495,244,,,0,30,,6479,284,,,0,70,,6511,284,,,0,30,,6502,284,,,0,70,,6477,284,,,0,30,,6506,284,,,0,70,,6476,284,,,0,30,,6505,284,,,0,70,,6494,284,,,0,30,,6507,284,,,0,70,,6496,284,,,0,30,,6503,284,,,0,70,,6500,284,,,0,30,,6501,284,,,0,70,,6497,244,,,0,30,,6508,284,,,0,70,,6513,284,,,0,30,,6485,284,,,0,72,,6489,284,,,0,30,,6510,284,,,0,70,,6492,284,,,0,30,,6484,284,,,0,98,,6509,284,,,0,100,,6478,39,,,0,99,,6488,39,,,0,100,,6474,39,,,0,104,,6512,39,,,0
1000800,'a06a7e47-f820-49a2-88af-ccffc941c6bc',652,,6539,15,,,0,70,,6524,15,,,0,30,,6535,133,,,0,71,,6541,284,,,0,30,,6537,284,,,0,70,,6543,284,,,0,30,,6546,284,,,0,70,,6519,284,,,0,30,,6529,284,,,0,70,,6538,284,,,0,30,,6531,284,,,0,70,,6522,284,,,0,30,,6526,284,,,0,70,,6515,284,,,0,30,,6518,284,,,0,70,,6547,284,,,0,30,,6532,284,,,0,70,,6530,284,,,0,30,,6550,284,,,0,70,,6516,284,,,0,30,,6540,284,,,0,72,,6523,284,,,0,30,,6517,284,,,0,70,,6542,284,,,0,30,,6527,284,,,0,98,,6548,284,,,0,100,,6520,39,,,0,99,,6549,39,,,0,100,,6544,39,,,0,100,,6534,39,,,0
1000800,'af2e8e03-0a42-4469-a2b8-e03c803b7d24',852,,6569,39,,,0,101,,6554,39,,,0,100,,6572,39,,,0,100,,6575,39,,,0,100,,6571,39,,,0,100,,6558,39,,,0,100,,6556,39,,,0,100,,6555,39,,,0,100,,6553,39,,,0,100,,6566,39,,,0,100,,6564,39,,,0,100,,6567,39,,,0,100,,6557,39,,,0
1000800,'f29e6a89-2c24-4546-a5bf-65191f526c55',852,,6603,39,,,0,101,,6589,39,,,0,100,,6601,39,,,0,100,,6584,39,,,0,100,,6597,39,,,0,100,,6579,39,,,0,100,,6583,39,,,0,100,,6604,39,,,0,100,,6599,39,,,0,100,,6587,39,,,0,100,,6582,39,,,0,100,,6578,39,,,0,100,,6592,39,,,0
