1000200,'4bf8087f-7a14-48a7-b190-74a0cc4c73da',935,,6164,11,,,0,100,,6155,11,,,0,70,,6161,11,,,0,100,,6163,11,,,0,30,,6172,11,,,0,100,,6154,11,,,0,70,,6160,11,,,0,100,,6158,11,,,0,30,,6171,11,,,0,100,,6167,11,,,0,70,,6156,11,,,0,100,,6165,11,,,0,30,,6168,11,,,0,100,,6166,11,,,0,70,,6169,11,,,0,100,,6162,11,,,0,30,,6159,11,,,0
1000200,'8d01581c-cf93-4a74-9f42-0fb702955d15',935,,6190,11,,,0,100,,6179,11,,,0,70,,6183,11,,,0,100,,6189,11,,,0,30,,6191,11,,,0,100,,6180,11,,,0,70,,6186,11,,,0,100,,6175,11,,,0,30,,6182,11,,,0,100,,6177,11,,,0,70,,6174,11,,,0,100,,6185,11,,,0,30,,6173,11,,,0,100,,6184,11,,,0,70,,6181,11,,,0,100,,6178,11,,,0,30,,6176,11,,,0
1000200,'9881fb63-ca97-484f-b0ca-1bb7e4ca8571',605,,6195,11,,,0,30,,6217,11,,,0,70,,6193,11,,,0,30,,6215,11,,,0,70,,6208,11,,,0,30,,6210,11,,,0,70,,6222,11,,,0,30,,6203,11,,,0,70,,6192,11,,,0,30,,6214,11,,,0,70,,6194,11,,,0,30,,6216,11,,,0,70,,6202,11,,,0,30,,6209,11,,,0,70,,6224,11,,,0,30,,6223,11,,,0,71,,6213,11,,,0,30,,6206,11,,,0,70,,6211,11,,,0,30,,6204,11,,,0,70,,6218,11,,,0,30,,6201,11,,,0,70,,6205,11,,,0,29,,6196,11,,,0,70,,6219,11,,,0,30,,6207,11,,,0,70,,6199,11,,,0,100,,6198,11,,,0,30,,6197,11,,,0,100,,6212,11,,,0,70,,6200,11,,,0,100,,6221,11,,,0
1000200,'a06a7e47-f820-49a2-88af-ccffc941c6bc',705,,6241,11,,,0,30,,6253,11,,,0,70,,6249,11,,,0,30,,6232,11,,,0,70,,6239,11,,,0,30,,6228,11,,,0,70,,6251,11,,,0,30,,6231,11,,,0,70,,6229,11,,,0,30,,6252,11,,,0,70,,6235,11,,,0,30,,6238,11,,,0,70,,6234,11,,,0,30,,6250,11,,,0,70,,6254,11,,,0,30,,6257,11,,,0,70,,6240,11,,,0,30,,6255,11,,,0,70,,6227,11,,,0,30,,6242,11,,,0,70,,6236,11,,,0,30,,6237,11,,,0,70,,6245,11,,,0,30,,6226,11,,,0,70,,6244,11,,,0,100,,6256,11,,,0,30,,6243,11,,,0,100,,6233,11,,,0,70,,6246,11,,,0,100,,6230,11,,,0
1000200,'af2e8e03-0a42-4469-a2b8-e03c803b7d24',935,,6275,11,,,0,100,,6276,11,,,0,70,,6264,11,,,0,100,,6273,11,,,0,30,,6269,11,,,0,100,,6263,11,,,0,70,,6262,11,,,0,100,,6271,11,,,0,30,,6265,11,,,0,100,,6259,11,,,0,70,,6272,11,,,0,100,,6270,11,,,0,30,,6261,11,,,0,100,,6268,11,,,0,70,,6267,11,,,0,100,,6260,11,,,0,30,,6266,11,,,0
1000200,'f29e6a89-2c24-4546-a5bf-65191f526c55',935,,6295,11,,,0,100,,6290,11,,,0,70,,6292,11,,,0,100,,6279,11,,,0,30,,6284,11,,,0,100,,6288,11,,,0,70,,6293,11,,,0,100,,6281,11,,,0,30,,6283,11,,,0,100,,6289,11,,,0,70,,6280,11,,,0,100,,6278,11,,,0,30,,6286,11,,,0,100,,6282,11,,,0,70,,6285,11,,,0,100,,6294,11,,,0,30,,6291,11,,,0
1000700,'4bf8087f-7a14-48a7-b190-74a0cc4c73da',932,,6309,11,,,0,100,,6306,11,,,0,100,,6300,11,,,0,100,,6298,11,,,0,100,,6305,11,,,0,100,,6307,11,,,0,100,,6299,11,,,0,100,,6302,11,,,0,100,,6297,11,,,0,100,,6303,11,,,0,100,,6301,11,,,0,100,,6304,11,,,0,100,,6296,11,,,0
1000700,'8d01581c-cf93-4a74-9f42-0fb702955d15',932,,6323,11,,,0,100,,6320,11,,,0,100,,6312,11,,,0,100,,6315,11,,,0,100,,6313,11,,,0,100,,6318,11,,,0,100,,6311,11,,,0,100,,6316,11,,,0,100,,6319,11,,,0,100,,6321,11,,,0,100,,6314,11,,,0,100,,6310,11,,,0,100,,6322,9,,,0
1000700,'9881fb63-ca97-484f-b0ca-1bb7e4ca8571',534,,6324,11,,,0,70,,6335,11,,,0,28,,6339,11,,,0,25,,6353,11,,,0,73,,6328,11,,,0,27,,6346,11,,,0,75,,6347,11,,,0,70,,6344,11,,,0,30,,6336,11,,,0,70,,6352,11,,,0,30,,6349,11,,,0,70,,6354,11,,,0,30,,6356,11,,,0,70,,6357,11,,,0,30,,6340,11,,,0,70,,6331,11,,,0,27,,6338,11,,,0,30,,6329,11,,,0,70,,6333,11,,,0,30,,6343,11,,,0,70,,6337,11,,,0,30,,6341,11,,,0,70,,6345,11,,,0,30,,6326,11,,,0,72,,6350,11,,,0,70,,6330,11,,,0,32,,6351,11,,,0,98,,6348,11,,,0,102,,6325,11,,,0,98,,6332,11,,,0,102,,6355,11,,,0,96,,6334,9,,,0
1000700,'a06a7e47-f820-49a2-88af-ccffc941c6bc',632,,6366,11,,,0,70,,6385,11,,,0,30,,6383,11,,,0,70,,6361,11,,,0,30,,6358,11,,,0,70,,6386,11,,,0,30,,6378,11,,,0,70,,6359,11,,,0,30,,6364,11,,,0,71,,6360,11,,,0,29,,6370,11,,,0,70,,6382,11,,,0,30,,6389,11,,,0,70,,6368,11,,,0,30,,6380,11,,,0,70,,6384,11,,,0,30,,6381,11,,,0,70,,6377,11,,,0,30,,6374,11,,,0,70,,6367,11,,,0,30,,6363,11,,,0,70,,6387,11,,,0,30,,6379,11,,,0,70,,6372,11,,,0,30,,6362,11,,,0,100,,6388,11,,,0,100,,6365,11,,,0,100,,6371,11,,,0,100,,6376,11,,,0,100,,6373,9,,,0
1000700,'af2e8e03-0a42-4469-a2b8-e03c803b7d24',932,,6392,11,,,0,100,,6390,11,,,0,100,,6396,11,,,0,100,,6399,11,,,0,100,,6391,11,,,0,100,,6401,11,,,0,100,,6395,11,,,0,100,,6400,11,,,0,100,,6397,11,,,0,100,,6394,11,,,0,100,,6403,11,,,0,100,,6393,11,,,0,100,,6398,9,,,0
1000700,'f29e6a89-2c24-4546-a5bf-65191f526c55',932,,6409,11,,,0,100,,6411,11,,,0,100,,6413,11,,,0,100,,6406,11,,,0,100,,6407,11,,,0,100,,6415,11,,,0,100,,6414,11,,,0,100,,6410,11,,,0,100,,6416,11,,,0,100,,6408,11,,,0,100,,6404,11,,,0,100,,6412,11,,,0,100,,6405,9,,,0
111600101,'f29e6a89-2c24-4546-a5bf-65191f526c55',944,,7733,40,0,5 6 7,0,60,,7714,40,0,5 6 7,0,20,,7715,40,0,5 6 7,0,20,,7713,40,0,5 6 7,0,60,,7724,40,0,5 6 7,0,21,,7730,40,0,5 6 7,0,21,,7720,40,0,5 6 7,0,60,,7719,40,0,5 6 7,0,20,,7722,40,0,5 6 7,0,20,,7725,40,0,5 6 7,0,60,,7736,40,0,5 6 7,0,20,,7716,40,0,5 6 7,0,20,,7723,40,0,5 6 7,0,60,,7734,40,0,5 6 7,0,20,,7717,40,0,5 6 7,0,20,,7711,40,0,5 6 7,0,60,,7732,40,0,5 6 7,0,20,,7728,40,0,5 6 7,0,20,,7727,40,0,5 6 7,0,60,,7721,40,0,5 6 7,0,19,,7726,40,0,5 6 7,0,19,,7737,40,0,5 6 7,0,60,,7729,40,0,5 6 7,0,20,,7735,40,0,5 6 7,0,20,,7731,40,0,5 6 7,0,60,,7718,40,0,5 6 7,0,20,,7738,40,0,5 6 7,0,20,,7712,40,0,5 6 7,0
