1000200,'4bf8087f-7a14-48a7-b190-74a0cc4c73da',938,,6164,23,,,0,100,,6155,23,,,0,71,,6161,23,,,0,100,,6163,23,,,0,30,,6172,23,,,0,100,,6154,23,,,0,70,,6160,23,,,0,100,,6158,23,,,0,30,,6171,23,,,0,100,,6167,23,,,0,70,,6156,23,,,0,100,,6165,23,,,0,30,,6168,23,,,0,100,,6166,23,,,0,69,,6169,23,,,0,100,,6162,23,,,0,30,,6159,23,,,0
1000200,'8d01581c-cf93-4a74-9f42-0fb702955d15',938,,6190,23,,,0,100,,6179,23,,,0,71,,6183,23,,,0,100,,6189,23,,,0,30,,6191,23,,,0,100,,6180,23,,,0,70,,6186,23,,,0,100,,6175,23,,,0,30,,6182,23,,,0,100,,6177,23,,,0,70,,6174,23,,,0,100,,6185,23,,,0,30,,6173,23,,,0,100,,6184,23,,,0,69,,6181,23,,,0,100,,6178,23,,,0,30,,6176,23,,,0
1000200,'9881fb63-ca97-484f-b0ca-1bb7e4ca8571',608,,6195,23,,,0,30,,6217,23,,,0,70,,6193,23,,,0,30,,6215,23,,,0,70,,6208,23,,,0,30,,6210,23,,,0,70,,6222,23,,,0,30,,6203,23,,,0,70,,6192,23,,,0,31,,6214,23,,,0,70,,6194,23,,,0,30,,6216,23,,,0,70,,6202,23,,,0,30,,6209,23,,,0,70,,6224,23,,,0,30,,6223,23,,,0,70,,6213,23,,,0,30,,6206,23,,,0,70,,6211,23,,,0,30,,6204,23,,,0,70,,6218,23,,,0,30,,6201,23,,,0,70,,6205,23,,,0,30,,6196,23,,,0,70,,6219,23,,,0,30,,6207,23,,,0,70,,6199,23,,,0,100,,6198,23,,,0,29,,6197,23,,,0,100,,6212,23,,,0,70,,6200,23,,,0,100,,6221,23,,,0
1000200,'a06a7e47-f820-49a2-88af-ccffc941c6bc',708,,6241,23,,,0,30,,6253,23,,,0,70,,6249,23,,,0,30,,6232,23,,,0,70,,6239,23,,,0,30,,6228,23,,,0,70,,6251,23,,,0,30,,6231,23,,,0,70,,6229,23,,,0,31,,6252,23,,,0,70,,6235,23,,,0,30,,6238,23,,,0,70,,6234,23,,,0,30,,6250,23,,,0,70,,6254,23,,,0,30,,6257,23,,,0,70,,6240,23,,,0,30,,6255,23,,,0,70,,6227,23,,,0,30,,6242,23,,,0,70,,6236,23,,,0,30,,6237,23,,,0,70,,6245,23,,,0,30,,6226,23,,,0,70,,6244,23,,,0,100,,6256,23,,,0,29,,6243,23,,,0,100,,6233,23,,,0,70,,6246,23,,,0,100,,6230,23,,,0
1000200,'af2e8e03-0a42-4469-a2b8-e03c803b7d24',938,,6275,23,,,0,100,,6276,23,,,0,71,,6264,23,,,0,100,,6273,23,,,0,30,,6269,23,,,0,100,,6263,23,,,0,70,,6262,23,,,0,100,,6271,23,,,0,30,,6265,23,,,0,100,,6259,23,,,0,70,,6272,23,,,0,100,,6270,23,,,0,30,,6261,23,,,0,100,,6268,23,,,0,69,,6267,23,,,0,100,,6260,23,,,0,30,,6266,23,,,0
1000200,'f29e6a89-2c24-4546-a5bf-65191f526c55',938,,6295,23,,,0,100,,6290,23,,,0,71,,6292,23,,,0,100,,6279,23,,,0,30,,6284,23,,,0,100,,6288,23,,,0,70,,6293,23,,,0,100,,6281,23,,,0,30,,6283,23,,,0,100,,6289,23,,,0,70,,6280,23,,,0,100,,6278,23,,,0,30,,6286,23,,,0,100,,6282,23,,,0,69,,6285,23,,,0,100,,6294,23,,,0,30,,6291,23,,,0
1000800,'4bf8087f-7a14-48a7-b190-74a0cc4c73da',839,,6420,13,,,0,100,,6419,64,,,0,97,,6433,64,,,0,100,,6434,64,,,0,100,,6427,64,,,0,100,,6422,64,,,0,100,,6421,64,,,0,100,,6431,64,,,0,101,,6430,64,,,0,100,,6443,64,,,0,100,,6424,64,,,0,100,,6446,64,,,0,102,,6429,64,,,0,100,,6442,64,,,0
1000800,'8d01581c-cf93-4a74-9f42-0fb702955d15',839,,6456,13,,,0,100,,6460,64,,,0,97,,6452,64,,,0,100,,6451,64,,,0,100,,6453,64,,,0,100,,6449,64,,,0,100,,6467,64,,,0,100,,6466,64,,,0,101,,6462,64,,,0,100,,6447,64,,,0,100,,6458,64,,,0,100,,6450,64,,,0,102,,6461,64,,,0,100,,6469,64,,,0
1000800,'9881fb63-ca97-484f-b0ca-1bb7e4ca8571',439,,6490,11,,,0,69,,6493,11,,,0,31,,6481,115,,,0,70,,6483,115,,,0,30,,6487,115,,,0,70,,6499,115,,,0,27,,6495,73,,,0,73,,6479,115,,,0,30,,6511,115,,,0,70,,6502,115,,,0,30,,6477,115,,,0,70,,6506,115,,,0,27,,6476,115,,,0,70,,6505,115,,,0,30,,6494,115,,,0,70,,6507,115,,,0,30,,6496,115,,,0,70,,6503,115,,,0,30,,6500,115,,,0,70,,6501,115,,,0,30,,6497,73,,,0,70,,6508,115,,,0,30,,6513,115,,,0,70,,6485,115,,,0,31,,6489,115,,,0,70,,6510,115,,,0,30,,6492,115,,,0,70,,6484,115,,,0,30,,6475,64,,,0,70,,6509,115,,,0,30,,6491,64,,,0,102,,6498,64,,,0,100,,6504,64,,,0,100,,6486,64,,,0,100,,6480,64,,,0
1000800,'a06a7e47-f820-49a2-88af-ccffc941c6bc',709,,6535,11,,,0,30,,6541,115,,,0,70,,6537,115,,,0,30,,6543,115,,,0,70,,6546,115,,,0,30,,6519,115,,,0,70,,6529,115,,,0,27,,6538,115,,,0,70,,6531,115,,,0,30,,6522,115,,,0,70,,6526,115,,,0,30,,6515,115,,,0,70,,6518,115,,,0,30,,6547,115,,,0,70,,6532,115,,,0,30,,6530,115,,,0,70,,6550,115,,,0,30,,6516,115,,,0,70,,6540,115,,,0,31,,6523,115,,,0,70,,6517,115,,,0,30,,6542,115,,,0,70,,6527,115,,,0,30,,6514,64,,,0,70,,6548,115,,,0,30,,6528,64,,,0,102,,6521,64,,,0,100,,6525,64,,,0,100,,6536,64,,,0,100,,6533,64,,,0
1000800,'af2e8e03-0a42-4469-a2b8-e03c803b7d24',839,,6577,13,,,0,100,,6559,64,,,0,97,,6574,64,,,0,100,,6562,64,,,0,100,,6573,64,,,0,100,,6563,64,,,0,100,,6576,64,,,0,100,,6565,64,,,0,101,,6561,64,,,0,100,,6551,64,,,0,100,,6570,64,,,0,100,,6560,64,,,0,102,,6552,64,,,0,100,,6568,64,,,0
1000800,'f29e6a89-2c24-4546-a5bf-65191f526c55',839,,6594,13,,,0,100,,6593,64,,,0,97,,6585,64,,,0,100,,6598,64,,,0,100,,6581,64,,,0,100,,6591,64,,,0,100,,6586,64,,,0,100,,6595,64,,,0,101,,6590,64,,,0,100,,6602,64,,,0,100,,6596,64,,,0,100,,6588,64,,,0,102,,6600,64,,,0,100,,6580,64,,,0
