40000,'da04b5a9-c8c9-4ce7-b04e-b0fea920ad3d',850,,1932,0,,,0,70,,1938,0,,,0,30,,1924,0,,,0,70,,1923,0,,,0,30,,1929,0,,,0,70,,1935,0,,,0,30,,1930,0,,,0,70,,1933,0,,,0,30,,1931,0,,,0,70,,1927,0,,,0,30,,1925,0,,,0,70,,1926,0,,,0,30,,1940,0,,,0,70,,1922,0,,,0,30,,1934,0,,,0,70,,1939,0,,,0,30,,1928,0,,,0,70,,1936,0,,,0,30,,1937,0,,,0
40000,'e6a739fe-d612-4f2f-91d4-8c3f4a04ded0',650,,1957,0,,,0,70,,1953,0,,,0,30,,1949,0,,,0,70,,1941,0,,,0,30,,1951,0,,,0,70,,1950,0,,,0,30,,1954,0,,,0,70,,1948,0,,,0,30,,1960,0,,,0,70,,1959,0,,,0,30,,1955,0,,,0,70,,1958,0,,,0,30,,1952,0,,,0,70,,1943,0,,,0,30,,1962,0,,,0,70,,1963,0,,,0,30,,1944,0,,,0,70,,1947,0,,,0,30,,1961,0,,,0,70,,1956,0,,,0,30,,1946,0,,,0,70,,1942,0,,,0,30,,1945,0,,,0
40001,'da04b5a9-c8c9-4ce7-b04e-b0fea920ad3d',915,,1974,120,4,,0,31,,1979,120,4,,0,70,,1970,120,4,,0,30,,1983,120,4,,0,70,,1966,120,4,,0,29,,1969,120,4,,0,71,,1968,120,4,,0,30,,1973,120,4,,0,70,,1967,120,4,,0,30,,1972,120,4,,0,70,,1975,120,4,,0,30,,1977,120,4,,0,70,,1965,120,4,,0,30,,1980,120,4,,0,70,,1971,120,4,,0,30,,1981,120,4,,0,70,,1964,120,4,,0,30,,1982,120,4,,0,70,,1976,120,4,,0,30,,1978,120,4,,0
40001,'e6a739fe-d612-4f2f-91d4-8c3f4a04ded0',715,,1985,120,4,,0,28,,1994,120,4,,0,70,,1993,120,4,,0,33,,2001,120,4,,0,70,,1997,120,4,,0,30,,1999,120,4,,0,70,,1996,120,4,,0,30,,1992,120,4,,0,70,,1987,120,4,,0,29,,1998,120,4,,0,71,,1995,120,4,,0,30,,2000,120,4,,0,70,,2007,120,4,,0,30,,1990,120,4,,0,70,,2004,120,4,,0,30,,2005,120,4,,0,71,,2002,120,4,,0,30,,2003,120,4,,0,69,,2006,120,4,,0,30,,1988,120,4,,0,70,,1986,120,4,,0,30,,1991,120,4,,0,70,,1984,120,4,,0,30,,1989,120,4,,0
1000200,'cb4b0736-ae06-4068-8975-684c5aa9c4dd',935,,2009,0,,,0,100,,2024,0,,,0,70,,2026,0,,,0,100,,2021,0,,,0,30,,2008,0,,,0,100,,2014,0,,,0,70,,2017,0,,,0,100,,2019,0,,,0,30,,2011,0,,,0,100,,2020,0,,,0,70,,2018,0,,,0,100,,2023,0,,,0,30,,2012,0,,,0,100,,2015,0,,,0,70,,2016,0,,,0,100,,2022,0,,,0,30,,2010,0,,,0
1000200,'da04b5a9-c8c9-4ce7-b04e-b0fea920ad3d',705,,2041,0,,,0,30,,2036,0,,,0,70,,2027,0,,,0,30,,2039,0,,,0,70,,2032,0,,,0,30,,2038,0,,,0,70,,2044,0,,,0,30,,2045,0,,,0,70,,2053,0,,,0,30,,2029,0,,,0,70,,2054,0,,,0,30,,2050,0,,,0,70,,2055,0,,,0,30,,2037,0,,,0,70,,2058,0,,,0,30,,2043,0,,,0,70,,2049,0,,,0,30,,2051,0,,,0,70,,2040,0,,,0,30,,2052,0,,,0,70,,2056,0,,,0,30,,2042,0,,,0,70,,2046,0,,,0,30,,2033,0,,,0,70,,2047,0,,,0,100,,2057,0,,,0,30,,2030,0,,,0,100,,2034,0,,,0,70,,2048,0,,,0,100,,2035,0,,,0
1000200,'e6a739fe-d612-4f2f-91d4-8c3f4a04ded0',605,,2071,0,,,0,30,,2062,0,,,0,70,,2087,0,,,0,30,,2072,0,,,0,70,,2060,0,,,0,30,,2076,0,,,0,70,,2059,0,,,0,30,,2069,0,,,0,70,,2092,0,,,0,30,,2080,0,,,0,70,,2081,0,,,0,30,,2086,0,,,0,70,,2077,0,,,0,30,,2074,0,,,0,70,,2063,0,,,0,30,,2083,0,,,0,70,,2067,0,,,0,30,,2078,0,,,0,70,,2073,0,,,0,30,,2082,0,,,0,70,,2088,0,,,0,30,,2066,0,,,0,70,,2070,0,,,0,30,,2084,0,,,0,70,,2079,0,,,0,30,,2075,0,,,0,70,,2090,0,,,0,100,,2089,0,,,0,30,,2091,0,,,0,100,,2065,0,,,0,70,,2061,0,,,0,100,,2064,0,,,0
1000700,'cb4b0736-ae06-4068-8975-684c5aa9c4dd',932,,2095,0,,,0,100,,2097,0,,,0,100,,2093,0,,,0,100,,2103,0,,,0,100,,2094,0,,,0,100,,2099,0,,,0,100,,2098,0,,,0,100,,2106,0,,,0,100,,2100,0,,,0,100,,2102,0,,,0,100,,2096,0,,,0,100,,2101,0,,,0,100,,2104,0,,,0
1000700,'da04b5a9-c8c9-4ce7-b04e-b0fea920ad3d',632,,2138,0,,,0,70,,2116,0,,,0,30,,2128,0,,,0,70,,2118,0,,,0,30,,2135,0,,,0,70,,2132,0,,,0,30,,2108,0,,,0,70,,2136,0,,,0,30,,2107,0,,,0,70,,2109,0,,,0,30,,2129,0,,,0,70,,2127,0,,,0,30,,2134,0,,,0,70,,2120,0,,,0,30,,2114,0,,,0,70,,2130,0,,,0,30,,2121,0,,,0,70,,2137,0,,,0,30,,2115,0,,,0,70,,2123,0,,,0,30,,2119,0,,,0,70,,2133,0,,,0,30,,2111,0,,,0,70,,2113,0,,,0,30,,2126,0,,,0,100,,2124,0,,,0,100,,2131,0,,,0,100,,2122,0,,,0,100,,2112,0,,,0,100,,2110,0,,,0
1000700,'e6a739fe-d612-4f2f-91d4-8c3f4a04ded0',534,,2169,0,,,0,70,,2164,0,,,0,28,,2147,0,,,0,25,,2143,0,,,0,73,,2165,0,,,0,27,,2151,0,,,0,75,,2140,0,,,0,70,,2142,0,,,0,30,,2154,0,,,0,70,,2160,0,,,0,30,,2155,0,,,0,70,,2145,0,,,0,30,,2159,0,,,0,70,,2171,0,,,0,30,,2152,0,,,0,70,,2139,0,,,0,27,,2158,0,,,0,30,,2170,0,,,0,70,,2150,0,,,0,30,,2161,0,,,0,70,,2157,0,,,0,30,,2172,0,,,0,70,,2163,0,,,0,30,,2166,0,,,0,72,,2153,0,,,0,70,,2149,0,,,0,32,,2167,0,,,0,98,,2156,0,,,0,102,,2141,0,,,0,98,,2148,0,,,0,102,,2168,0,,,0,96,,2162,0,,,0
1000800,'cb4b0736-ae06-4068-8975-684c5aa9c4dd',836,,2191,0,,,0,100,4,2178,53,,,0,97,4,2175,53,,,0,100,4,2190,53,,,0,100,4,2187,53,,,0,100,4,2184,53,,,0,100,4,2197,53,,,0,100,4,2177,53,,,0,100,4,2199,53,,,0,100,4,2185,53,,,0,100,4,2173,53,,,0,100,4,2192,53,,,0,103,4,2188,53,,,0,100,4,2179,53,,,0
1000800,'da04b5a9-c8c9-4ce7-b04e-b0fea920ad3d',706,,2227,0,,,0,30,4,2217,92,,,0,70,4,2225,92,,,0,30,4,2226,92,,,0,70,4,2214,92,,,0,30,4,2209,92,,,0,70,4,2232,92,,,0,27,4,2206,92,,,0,70,44,2219,92,,,0,30,4,2231,92,,,0,70,44,2202,92,,,0,30,4,2223,92,,,0,70,44,2207,92,,,0,30,4,2228,92,,,0,70,44,2222,92,,,0,30,4,2221,92,,,0,70,44,2205,92,,,0,30,4,2224,92,,,0,70,44,2230,92,,,0,30,4,2204,92,,,0,70,44,2236,92,,,0,30,4,2215,92,,,0,70,44,2218,92,,,0,30,4,2220,53,,,0,70,44,2233,92,,,0,30,4,2212,53,,,0,103,4,2211,53,,,0,100,4,2213,53,,,0,100,4,2203,53,,,0,100,4,2200,53,,,0
1000800,'e6a739fe-d612-4f2f-91d4-8c3f4a04ded0',436,,2241,0,,,0,69,,2251,0,,,0,31,4,2253,92,,,0,70,4,2272,92,,,0,30,4,2262,92,,,0,70,4,2257,92,,,0,27,,2250,59,,,0,73,4,2252,92,,,0,30,4,2242,92,,,0,70,4,2258,92,,,0,30,4,2237,92,,,0,70,4,2273,92,,,0,27,4,2255,92,,,0,70,44,2244,92,,,0,30,4,2270,92,,,0,70,44,2246,92,,,0,30,4,2247,92,,,0,70,44,2256,92,,,0,30,4,2276,92,,,0,70,44,2259,92,,,0,30,4,2249,59,,,0,70,44,2239,92,,,0,30,4,2261,92,,,0,70,44,2245,92,,,0,30,4,2260,92,,,0,70,44,2271,92,,,0,30,4,2265,92,,,0,70,44,2254,92,,,0,30,4,2243,53,,,0,70,44,2268,92,,,0,30,4,2274,53,,,0,103,4,2267,53,,,0,100,4,2275,53,,,0,100,4,2266,53,,,0,100,4,2264,53,,,0
1001200,'cb4b0736-ae06-4068-8975-684c5aa9c4dd',832,,2365,80,,,0,100,,2361,80,,,0,100,,2359,80,,,0,103,,2362,80,,,0,102,2,2370,80,,,0,100,2,2369,80,,,0,110,2,2360,80,,,0,100,2,2363,80,,,0,110,2,2364,80,,,0,100,2,2367,80,,,0,147,3,2372,80,,,0,100,3,2368,80,,,0,100,3,2371,80,,,0,100,3,2366,80,,,0
1001200,'da04b5a9-c8c9-4ce7-b04e-b0fea920ad3d',647,3,2388,80,,,0,69,,2387,80,,,0,30,,2402,80,,,0,70,,2401,80,,,0,30,,2374,80,,,0,70,,2398,80,,,0,33,4,2380,80,,,0,70,4,2385,80,,,0,30,3,2395,80,,,0,76,5,2381,80,,,0,30,2,2375,80,,,0,70,2,2378,80,,,0,30,2,2376,80,,,0,80,2,2399,80,,,0,70,2,2396,80,,,0,30,2,2377,80,,,0,70,2,2393,80,,,0,40,2,2386,80,,,0,70,2,2383,80,,,0,30,2,2390,80,,,0,70,2,2382,80,,,0,42,3,2394,80,,,0,70,3,2400,80,,,0,30,3,2389,80,,,0,70,3,2373,80,,,0,73,43,2384,80,,,0,30,3,2403,80,,,0,70,43,2392,80,,,0,100,43,2397,80,,,0,100,43,2391,80,,,0,100,43,2379,80,,,0
1001200,'e6a739fe-d612-4f2f-91d4-8c3f4a04ded0',604,2,2410,80,,,0,32,2,2419,80,,,0,74,2,2409,80,,,0,29,,2405,80,,,0,70,3,2415,80,,,0,35,3,2427,80,,,0,75,3,2407,80,,,0,30,3,2435,80,,,0,70,3,2421,80,,,0,35,3,2406,80,,,0,75,2,2433,80,,,0,30,2,2414,80,,,0,70,2,2431,80,,,0,75,2,2423,80,,,0,35,2,2417,80,,,0,71,2,2413,80,,,0,35,,2430,80,,,0,75,2,2411,80,,,0,35,2,2408,80,,,0,75,2,2404,80,,,0,75,2,2420,80,,,0,35,2,2426,80,,,0,72,2,2434,80,,,0,35,2,2432,80,,,0,75,2,2428,80,,,0,35,2,2418,80,,,0,70,2,2416,80,,,0,30,2,2412,80,,,0,100,2,2422,80,,,0,100,2,2424,80,,,0,149,,2429,80,,,0
2000200,'cb4b0736-ae06-4068-8975-684c5aa9c4dd',924,,2436,159,4,,0,100,,2440,159,4,,0,30,,2442,159,4,,0,100,,2438,159,4,,0,72,,2437,159,4,,0,100,,2439,159,4,,0,30,,2443,159,4,,0,100,,2446,159,4,,0,70,,2445,159,4,,0,100,,2453,159,4,,0,30,,2452,159,4,,0,100,,2444,159,4,,0,70,,2441,159,4,,0,98,,2450,159,4,,0,30,,2447,159,4,,0,100,,2449,159,4,,0,68,,2448,159,4,,0,100,,2451,159,4,,0
2000200,'da04b5a9-c8c9-4ce7-b04e-b0fea920ad3d',724,,2468,159,4,,0,30,,2471,159,4,,0,70,,2463,159,4,,0,30,,2483,159,4,,0,70,,2465,159,4,,0,30,,2479,159,4,,0,70,,2475,159,4,,0,30,,2482,159,4,,0,70,,2462,159,4,,0,30,,2464,159,4,,0,70,,2474,159,4,,0,32,,2460,159,4,,0,70,,2469,159,4,,0,30,,2466,159,4,,0,70,,2470,159,4,,0,30,,2455,159,4,,0,70,,2476,159,4,,0,30,,2477,159,4,,0,70,,2459,159,4,,0,30,,2458,159,4,,0,70,,2472,159,4,,0,30,,2480,159,4,,0,70,,2454,159,4,,0,30,,2456,159,4,,0,70,,2473,159,4,,0,28,,2481,159,4,,0,70,,2467,159,4,,0,100,,2461,159,4,,0,28,,2478,159,4,,0,100,,2457,159,4,,0
2000200,'e6a739fe-d612-4f2f-91d4-8c3f4a04ded0',626,,2499,159,4,,0,30,,2486,159,4,,0,70,,2500,159,4,,0,30,,2491,159,4,,0,70,,2511,159,4,,0,30,,2495,159,4,,0,70,,2510,159,4,,0,30,,2498,159,4,,0,70,,2490,159,4,,0,30,,2505,159,4,,0,70,,2501,159,4,,0,32,,2485,159,4,,0,70,,2513,159,4,,0,30,,2515,159,4,,0,70,,2494,159,4,,0,30,,2496,159,4,,0,70,,2502,159,4,,0,30,,2493,159,4,,0,69,,2508,159,4,,0,30,,2497,159,4,,0,70,,2514,159,4,,0,30,,2492,159,4,,0,70,,2506,159,4,,0,30,,2504,159,4,,0,70,,2484,159,4,,0,27,,2489,159,4,,0,70,,2487,159,4,,0,30,,2488,159,4,,0,70,,2509,159,4,,0,100,,2503,159,4,,0,29,,2507,159,4,,0,100,,2512,159,4,,0
2000700,'cb4b0736-ae06-4068-8975-684c5aa9c4dd',1027,,2521,201,4,,0,100,,2523,201,4,,0,100,,2520,201,4,,0,100,,2518,201,4,,0,100,,2527,201,4,,0,100,,2519,201,4,,0,100,,2516,201,4,,0,100,,2524,201,4,,0,100,,2522,201,4,,0,102,,2517,201,4,,0,100,,2525,201,4,,0,100,,2526,201,4,,0
2000700,'da04b5a9-c8c9-4ce7-b04e-b0fea920ad3d',726,,2538,201,4,,0,30,,2544,201,4,,0,72,,2534,201,4,,0,30,,2553,201,4,,0,70,,2531,201,4,,0,30,,2558,201,4,,0,69,,2545,201,4,,0,30,,2555,201,4,,0,70,,2550,201,4,,0,30,,2539,201,4,,0,70,,2542,201,4,,0,30,,2551,201,4,,0,70,,2529,201,4,,0,30,,2547,201,4,,0,70,,2552,201,4,,0,30,,2541,201,4,,0,70,,2548,201,4,,0,30,,2554,201,4,,0,70,,2543,201,4,,0,30,,2557,201,4,,0,70,,2546,201,4,,0,30,,2537,201,4,,0,70,,2540,201,4,,0,30,,2536,201,4,,0,72,,2556,201,4,,0,30,,2533,201,4,,0,70,,2532,201,4,,0,100,,2535,201,4,,0,96,,2549,201,4,,0,100,,2530,201,4,,0
2000700,'e6a739fe-d612-4f2f-91d4-8c3f4a04ded0',626,,2587,201,4,,0,30,,2571,201,4,,0,70,,2588,201,4,,0,30,,2569,201,4,,0,72,,2579,201,4,,0,28,,2589,201,4,,0,72,,2580,201,4,,0,28,,2585,201,4,,0,71,,2586,201,4,,0,30,,2567,201,4,,0,70,,2578,201,4,,0,30,,2563,201,4,,0,70,,2565,201,4,,0,30,,2592,201,4,,0,70,,2574,201,4,,0,30,,2576,201,4,,0,72,,2570,201,4,,0,28,,2590,201,4,,0,70,,2581,201,4,,0,30,,2573,201,4,,0,70,,2572,201,4,,0,30,,2560,201,4,,0,70,,2583,201,4,,0,30,,2564,201,4,,0,69,,2561,201,4,,0,30,,2591,201,4,,0,72,,2562,201,4,,0,30,,2568,201,4,,0,72,,2577,201,4,,0,98,,2575,201,4,,0,98,,2566,201,4,,0,96,,2582,201,4,,0
2000801,'cb4b0736-ae06-4068-8975-684c5aa9c4dd',1000,45,2699,139,,,0,100,45,2704,260,,,0,100,45,2698,260,,,0,100,45,2702,260,,,0,100,45,2703,260,,,0,100,45,2705,260,,,0,100,45,2701,260,,,0,100,45,2695,260,,,0,55,5,2697,260,,,0,100,5,2700,260,,,0,100,5,2694,260,,,0,99,5,2707,260,,,0,100,5,2706,260,,,0
2000801,'da04b5a9-c8c9-4ce7-b04e-b0fea920ad3d',726,5,2709,139,,,0,30,5,2730,139,,,0,70,5,2720,260,,,0,32,5,2735,260,,,0,70,5,2712,260,,,0,29,5,2722,260,,,0,70,5,2715,260,,,0,73,45,2711,260,,,0,30,5,2726,260,,,0,70,45,2721,260,,,0,30,5,2710,260,,,0,71,45,2716,260,,,0,30,5,2738,260,,,0,70,45,2737,260,,,0,30,5,2727,260,,,0,70,45,2724,260,,,0,30,5,2719,260,,,0,70,45,2728,260,,,0,30,5,2713,260,,,0,70,45,2708,260,,,0,32,5,2717,260,,,0,71,45,2714,260,,,0,28,5,2723,260,,,0,68,45,2732,260,,,0,101,45,2731,260,,,0,100,45,2734,260,,,0,55,5,2729,260,,,0,100,5,2718,260,,,0,100,5,2733,260,,,0
2000801,'e6a739fe-d612-4f2f-91d4-8c3f4a04ded0',535,5,2751,139,,,0,100,5,2745,139,,,0,21,5,2762,260,,,0,70,5,2740,260,,,0,30,5,2754,215,,,0,70,5,2741,260,,,0,32,5,2753,260,,,0,70,5,2765,260,,,0,29,5,2744,260,,,0,70,5,2746,260,,,0,31,5,2760,260,,,0,72,5,2739,260,,,0,70,45,2748,260,,,0,30,5,2756,260,,,0,71,45,2764,260,,,0,30,5,2763,260,,,0,70,45,2767,260,,,0,28,3,2758,260,,,0,30,3,2755,215,,,0,73,3,2769,260,,,0,72,45,2743,260,,,0,30,5,2759,260,,,0,70,45,2772,260,,,0,31,5,2750,260,,,0,71,5,2757,260,,,0,26,5,2770,260,,,0,68,45,2761,260,,,0,101,45,2768,260,,,0,100,45,2742,260,,,0,55,5,2752,260,,,0,100,5,2771,260,,,0,100,5,2749,260,,,0
2001200,'cb4b0736-ae06-4068-8975-684c5aa9c4dd',840,3,2780,105,,,0,100,3,2784,105,,,0,100,3,2786,105,,,0,100,3,2782,105,,,0,103,3,2777,105,,,0,108,2,2776,105,,,0,100,2,2781,105,,,0,150,42,2773,105,,,0,100,42,2775,105,,,0,110,2,2774,105,,,0,100,2,2778,105,,,0,99,3,2779,105,,,0,100,3,2783,105,,,0,102,3,2785,105,,,0
2001200,'da04b5a9-c8c9-4ce7-b04e-b0fea920ad3d',653,2,2809,105,,,0,70,2,2789,105,,,0,30,2,2804,105,,,0,71,3,2807,105,,,0,30,3,2798,105,,,0,70,3,2806,105,,,0,30,3,2788,105,,,0,70,3,2797,105,,,0,33,3,2816,105,,,0,70,3,2810,105,,,0,30,3,2817,105,,,0,83,2,2791,105,,,0,70,2,2799,105,,,0,30,2,2792,105,,,0,70,2,2808,105,,,0,39,2,2803,105,,,0,70,2,2802,105,,,0,30,2,2790,105,,,0,70,2,2794,105,,,0,40,2,2812,105,,,0,70,2,2813,105,,,0,30,2,2805,105,,,0,70,2,2818,105,,,0,79,3,2815,105,,,0,28,,2793,105,,,0,72,3,2801,105,,,0,30,3,2814,105,,,0,70,3,2795,105,,,0,30,3,2800,105,,,0,70,3,2796,105,,,0,100,3,2811,105,,,0,100,3,2787,105,,,0
2001200,'e6a739fe-d612-4f2f-91d4-8c3f4a04ded0',542,,2822,105,,,0,75,,2829,105,,,0,25,3,2845,105,,,0,70,3,2821,105,,,0,33,3,2848,105,,,0,74,3,2841,105,,,0,33,3,2826,105,,,0,70,3,2849,105,,,0,35,3,2838,105,,,0,75,3,2819,105,,,0,70,43,2839,105,,,0,30,3,2828,105,,,0,75,3,2844,105,,,0,33,2,2830,105,,,0,70,2,2851,105,,,0,30,2,2824,105,,,0,76,3,2823,105,,,0,35,3,2832,105,,,0,79,2,2835,105,,,0,75,2,2833,105,,,0,35,2,2840,105,,,0,75,2,2820,105,,,0,35,2,2837,105,,,0,75,2,2827,105,,,0,75,42,2846,105,,,0,20,2,2825,105,,,0,35,2,2850,105,,,0,75,2,2847,105,,,0,75,2,2831,105,,,0,30,2,2842,105,,,0,70,2,2843,105,,,0,100,2,2836,105,,,0,100,2,2834,105,,,0
