1100,'4bf8087f-7a14-48a7-b190-74a0cc4c73da',830,,5575,6,,,0,100,,5584,6,,,0,100,,5578,6,,,0,100,,5574,6,,,0,100,,5580,6,,,0,100,,5576,6,,,0,100,,5581,6,,,0,100,,5585,6,,,0,100,,5577,6,,,0,100,,5573,6,,,0,100,,5571,6,,,0,100,,5579,6,,,0,100,,5582,6,,,0,100,,5572,6,,,0,100,,5583,6,,,0
1100,'8d01581c-cf93-4a74-9f42-0fb702955d15',830,,5594,6,,,0,100,,5600,6,,,0,100,,5598,6,,,0,100,,5586,6,,,0,100,,5587,6,,,0,100,,5590,6,,,0,100,,5596,6,,,0,100,,5592,6,,,0,100,,5597,6,,,0,100,,5599,6,,,0,100,,5588,6,,,0,100,,5591,6,,,0,100,,5595,6,,,0,100,,5593,6,,,0,100,,5589,6,,,0
1100,'9881fb63-ca97-484f-b0ca-1bb7e4ca8571',500,,5622,6,,,0,100,,5630,6,,,0,30,,5626,6,,,0,70,,5615,6,,,0,30,,5602,6,,,0,70,,5632,6,,,0,30,,5635,6,,,0,70,,5634,6,,,0,30,,5629,6,,,0,70,,5625,6,,,0,30,,5616,6,,,0,70,,5606,6,,,0,30,,5614,6,,,0,70,,5621,6,,,0,30,,5605,6,,,0,70,,5620,6,,,0,30,,5623,6,,,0,70,,5618,6,,,0,30,,5611,6,,,0,70,,5628,6,,,0,30,,5613,6,,,0,70,,5631,6,,,0,30,,5612,6,,,0,70,,5603,6,,,0,30,,5619,6,,,0,70,,5617,6,,,0,30,,5633,6,,,0,70,,5610,6,,,0,30,,5604,6,,,0,70,,5627,6,,,0,30,,5601,6,,,0,70,,5607,6,,,0,30,,5624,6,,,0,70,,5609,6,,,0,100,,5608,6,,,0
1100,'a06a7e47-f820-49a2-88af-ccffc941c6bc',730,,5654,6,,,0,70,,5653,6,,,0,30,,5658,6,,,0,70,,5665,6,,,0,30,,5637,6,,,0,70,,5639,6,,,0,30,,5652,6,,,0,70,,5642,6,,,0,30,,5650,6,,,0,70,,5661,6,,,0,30,,5656,6,,,0,70,,5666,6,,,0,30,,5649,6,,,0,70,,5648,6,,,0,30,,5655,6,,,0,70,,5638,6,,,0,30,,5647,6,,,0,70,,5636,6,,,0,30,,5644,6,,,0,70,,5640,6,,,0,30,,5659,6,,,0,70,,5646,6,,,0,30,,5662,6,,,0,70,,5660,6,,,0,30,,5651,6,,,0,70,,5643,6,,,0,30,,5641,6,,,0,70,,5657,6,,,0,30,,5663,6,,,0,70,,5645,6,,,0,100,,5664,6,,,0
1100,'af2e8e03-0a42-4469-a2b8-e03c803b7d24',830,,5671,6,,,0,100,,5670,6,,,0,100,,5680,6,,,0,100,,5667,6,,,0,100,,5676,6,,,0,100,,5677,6,,,0,100,,5681,6,,,0,100,,5675,6,,,0,100,,5674,6,,,0,100,,5679,6,,,0,100,,5673,6,,,0,100,,5669,6,,,0,100,,5668,6,,,0,100,,5672,6,,,0,100,,5678,6,,,0
1100,'f29e6a89-2c24-4546-a5bf-65191f526c55',830,,5693,6,,,0,100,,5683,6,,,0,100,,5687,6,,,0,100,,5682,6,,,0,100,,5684,6,,,0,100,,5692,6,,,0,100,,5695,6,,,0,100,,5694,6,,,0,100,,5688,6,,,0,100,,5685,6,,,0,100,,5691,6,,,0,100,,5690,6,,,0,100,,5686,6,,,0,100,,5689,6,,,0,100,,5696,6,,,0
10100,'4bf8087f-7a14-48a7-b190-74a0cc4c73da',720,,5896,6,,,0,85,,5890,6,,,0,45,,5884,6,,,0,85,,5892,6,,,0,85,,5888,6,,,0,85,,5899,6,,,0,22,,5900,6,,,0,23,,5898,6,,,0,62,,5909,6,,,0,23,,5901,6,,,0,68,,5891,6,,,0,25,,5886,6,,,0,26,,5904,6,,,0,65,,5906,6,,,0,26,,5907,6,,,0,65,,5902,6,,,0,26,,5887,6,,,0,67,,5885,6,,,0,24,,5908,6,,,0,24,,5910,6,,,0,64,,5903,6,,,0,24,,5894,6,,,0,90,,5883,6,,,0,88,,5895,6,,,0,88,,5893,6,,,0,46,,5897,6,,,0,86,,5889,6,,,0,93,,5905,6,,,0
10100,'8d01581c-cf93-4a74-9f42-0fb702955d15',720,,5911,6,,,0,85,,5915,6,,,0,45,,5929,6,,,0,85,,5927,6,,,0,85,,5917,6,,,0,85,,5931,6,,,0,22,,5913,6,,,0,23,,5923,6,,,0,62,,5924,6,,,0,23,,5936,6,,,0,68,,5919,6,,,0,25,,5932,6,,,0,26,,5918,6,,,0,65,,5912,6,,,0,26,,5937,6,,,0,65,,5934,6,,,0,26,,5920,6,,,0,67,,5938,6,,,0,24,,5933,6,,,0,24,,5914,6,,,0,64,,5922,6,,,0,24,,5926,6,,,0,90,,5916,6,,,0,88,,5928,6,,,0,88,,5921,6,,,0,46,,5930,6,,,0,86,,5925,6,,,0,86,,5935,6,,,0
10100,'9881fb63-ca97-484f-b0ca-1bb7e4ca8571',705,,5949,6,,,0,22,,5952,6,,,0,23,,5945,6,,,0,62,,5960,6,,,0,23,,5958,6,,,0,22,,5940,6,,,0,63,,5950,6,,,0,22,,5966,6,,,0,63,,5947,6,,,0,22,,5954,6,,,0,23,,5959,6,,,0,64,,5963,6,,,0,26,,5975,6,,,0,65,,5972,6,,,0,26,,5968,6,,,0,25,,5967,6,,,0,66,,5943,6,,,0,27,,5969,6,,,0,66,,5962,6,,,0,26,,5942,6,,,0,66,,5964,6,,,0,26,,5971,6,,,0,26,,5956,6,,,0,66,,5941,6,,,0,26,,5944,6,,,0,64,,5974,6,,,0,24,,5951,6,,,0,64,,5957,6,,,0,24,,5970,6,,,0,24,,5953,6,,,0,64,,5961,6,,,0,24,,5939,6,,,0,64,,5973,6,,,0,24,,5948,6,,,0,24,,5965,6,,,0,64,,5946,6,,,0,85,,5955,6,,,0
10100,'a06a7e47-f820-49a2-88af-ccffc941c6bc',715,,5981,6,,,0,85,,5982,6,,,0,22,,5993,6,,,0,23,,5998,6,,,0,62,,6010,6,,,0,23,,6003,6,,,0,22,,5992,6,,,0,63,,6004,6,,,0,22,,5995,6,,,0,63,,5984,6,,,0,22,,5989,6,,,0,23,,6011,6,,,0,62,,5994,6,,,0,23,,6008,6,,,0,22,,6005,6,,,0,65,,5985,6,,,0,25,,5978,6,,,0,66,,5983,6,,,0,27,,5977,6,,,0,66,,5987,6,,,0,25,,5986,6,,,0,26,,5997,6,,,0,65,,6002,6,,,0,26,,5999,6,,,0,65,,5996,6,,,0,26,,5991,6,,,0,25,,5979,6,,,0,66,,6007,6,,,0,25,,5988,6,,,0,66,,6000,6,,,0,24,,6006,6,,,0,64,,5990,6,,,0,24,,5980,6,,,0,24,,6009,6,,,0,63,,6001,6,,,0,90,,5976,6,,,0
10100,'af2e8e03-0a42-4469-a2b8-e03c803b7d24',720,,6039,6,,,0,85,,6033,6,,,0,45,,6034,6,,,0,85,,6035,6,,,0,85,,6028,6,,,0,85,,6019,6,,,0,22,,6030,6,,,0,23,,6024,6,,,0,62,,6025,6,,,0,23,,6026,6,,,0,68,,6020,6,,,0,25,,6031,6,,,0,26,,6014,6,,,0,65,,6023,6,,,0,26,,6015,6,,,0,65,,6021,6,,,0,26,,6022,6,,,0,67,,6017,6,,,0,24,,6027,6,,,0,24,,6018,6,,,0,64,,6032,6,,,0,24,,6037,6,,,0,90,,6038,6,,,0,88,,6029,6,,,0,88,,6016,6,,,0,46,,6013,6,,,0,86,,6012,6,,,0,86,,6036,6,,,0
10100,'f29e6a89-2c24-4546-a5bf-65191f526c55',720,,6042,6,,,0,85,,6058,6,,,0,45,,6041,6,,,0,85,,6045,6,,,0,85,,6046,6,,,0,85,,6053,6,,,0,22,,6060,6,,,0,23,,6063,6,,,0,62,,6066,6,,,0,23,,6064,6,,,0,68,,6048,6,,,0,25,,6047,6,,,0,26,,6057,6,,,0,65,,6056,6,,,0,26,,6059,6,,,0,65,,6044,6,,,0,26,,6054,6,,,0,67,,6055,6,,,0,24,,6040,6,,,0,24,,6050,6,,,0,64,,6049,6,,,0,24,,6052,6,,,0,90,,6065,6,,,0,88,,6061,6,,,0,88,,6051,6,,,0,46,,6043,6,,,0,86,,6067,6,,,0,86,,6062,6,,,0
111600100,'f29e6a89-2c24-4546-a5bf-65191f526c55',933,,7700,32,0,5 6 7,0,20,,7691,32,0,5 6 7,0,60,,7704,32,0,5 6 7,0,20,,7689,32,0,5 6 7,0,20,,7697,32,0,5 6 7,0,61,,7699,32,0,5 6 7,0,20,,7710,32,0,5 6 7,0,20,,7701,32,0,5 6 7,0,60,,7692,32,0,5 6 7,0,20,,7685,32,0,5 6 7,0,20,,7703,32,0,5 6 7,0,60,,7695,32,0,5 6 7,0,20,,7686,32,0,5 6 7,0,20,,7690,32,0,5 6 7,0,60,,7702,32,0,5 6 7,0,20,,7707,32,0,5 6 7,0,20,,7706,32,0,5 6 7,0,60,,7698,32,0,5 6 7,0,20,,7684,32,0,5 6 7,0,20,,7705,32,0,5 6 7,0,59,,7708,32,0,5 6 7,0,20,,7693,32,0,5 6 7,0,20,,7696,32,0,5 6 7,0,60,,7694,32,0,5 6 7,0,20,,7709,32,0,5 6 7,0,20,,7687,32,0,5 6 7,0,60,,7688,32,0,5 6 7,0
