1100,'4bf8087f-7a14-48a7-b190-74a0cc4c73da',852,,5575,89,,,0,101,,5584,89,,,0,100,,5578,89,,,0,100,,5574,89,,,0,100,,5580,89,,,0,100,,5576,89,,,0,100,,5581,89,,,0,100,,5585,89,,,0,100,,5577,89,,,0,100,,5573,89,,,0,100,,5571,89,,,0,100,,5579,89,,,0,100,,5582,89,,,0,99,,5572,89,,,0,100,,5583,89,,,0
1100,'8d01581c-cf93-4a74-9f42-0fb702955d15',852,,5594,89,,,0,101,,5600,89,,,0,100,,5598,89,,,0,100,,5586,89,,,0,100,,5587,89,,,0,100,,5590,89,,,0,100,,5596,89,,,0,100,,5592,89,,,0,100,,5597,89,,,0,100,,5599,89,,,0,100,,5588,89,,,0,100,,5591,89,,,0,100,,5595,89,,,0,99,,5593,89,,,0,100,,5589,89,,,0
1100,'9881fb63-ca97-484f-b0ca-1bb7e4ca8571',522,,5622,89,,,0,100,,5630,89,,,0,31,,5626,89,,,0,70,,5615,89,,,0,30,,5602,89,,,0,70,,5632,89,,,0,30,,5635,89,,,0,70,,5634,89,,,0,30,,5629,89,,,0,70,,5625,89,,,0,30,,5616,89,,,0,70,,5606,89,,,0,30,,5614,89,,,0,70,,5621,89,,,0,30,,5605,89,,,0,70,,5620,89,,,0,30,,5623,89,,,0,72,,5618,89,,,0,30,,5611,89,,,0,70,,5628,89,,,0,30,,5613,89,,,0,68,,5631,89,,,0,30,,5612,89,,,0,70,,5603,89,,,0,30,,5619,89,,,0,70,,5617,89,,,0,30,,5633,89,,,0,70,,5610,89,,,0,30,,5604,89,,,0,69,,5627,89,,,0,30,,5601,89,,,0,70,,5607,89,,,0,30,,5624,89,,,0,70,,5609,89,,,0,100,,5608,89,,,0
1100,'a06a7e47-f820-49a2-88af-ccffc941c6bc',752,,5654,89,,,0,71,,5653,89,,,0,30,,5658,89,,,0,70,,5665,89,,,0,30,,5637,89,,,0,70,,5639,89,,,0,30,,5652,89,,,0,70,,5642,89,,,0,30,,5650,89,,,0,70,,5661,89,,,0,30,,5656,89,,,0,70,,5666,89,,,0,30,,5649,89,,,0,70,,5648,89,,,0,30,,5655,89,,,0,70,,5638,89,,,0,30,,5647,89,,,0,70,,5636,89,,,0,30,,5644,89,,,0,70,,5640,89,,,0,30,,5659,89,,,0,70,,5646,89,,,0,30,,5662,89,,,0,70,,5660,89,,,0,30,,5651,89,,,0,69,,5643,89,,,0,30,,5641,89,,,0,70,,5657,89,,,0,30,,5663,89,,,0,70,,5645,89,,,0,100,,5664,89,,,0
1100,'af2e8e03-0a42-4469-a2b8-e03c803b7d24',852,,5671,89,,,0,101,,5670,89,,,0,100,,5680,89,,,0,100,,5667,89,,,0,100,,5676,89,,,0,100,,5677,89,,,0,100,,5681,89,,,0,100,,5675,89,,,0,100,,5674,89,,,0,100,,5679,89,,,0,100,,5673,89,,,0,100,,5669,89,,,0,100,,5668,89,,,0,99,,5672,89,,,0,100,,5678,89,,,0
1100,'f29e6a89-2c24-4546-a5bf-65191f526c55',852,,5693,89,,,0,101,,5683,89,,,0,100,,5687,89,,,0,100,,5682,89,,,0,100,,5684,89,,,0,100,,5692,89,,,0,100,,5695,89,,,0,100,,5694,89,,,0,100,,5688,89,,,0,100,,5685,89,,,0,100,,5691,89,,,0,100,,5690,89,,,0,100,,5686,89,,,0,99,,5689,89,,,0,100,,5696,89,,,0
10100,'4bf8087f-7a14-48a7-b190-74a0cc4c73da',747,,5896,126,,,0,85,,5890,126,,,0,85,,5884,126,,,0,85,,5892,126,,,0,45,,5888,126,,,0,85,,5899,126,,,0,22,,5900,126,,,0,63,,5898,126,,,0,26,,5909,126,,,0,63,,5901,126,,,0,28,,5891,126,,,0,25,,5886,126,,,0,66,,5904,126,,,0,25,,5906,126,,,0,66,,5907,126,,,0,25,,5902,126,,,0,66,,5887,126,,,0,26,,5885,126,,,0,24,,5908,126,,,0,64,,5910,126,,,0,24,,5903,126,,,0,64,,5894,126,,,0,50,,5883,126,,,0,88,,5895,126,,,0,86,,5893,126,,,0,86,,5897,126,,,0,86,,5889,126,,,0,53,,5905,126,,,0
10100,'8d01581c-cf93-4a74-9f42-0fb702955d15',747,,5911,126,,,0,85,,5915,126,,,0,85,,5929,126,,,0,85,,5927,126,,,0,45,,5917,126,,,0,85,,5931,126,,,0,22,,5913,126,,,0,63,,5923,126,,,0,26,,5924,126,,,0,63,,5936,126,,,0,28,,5919,126,,,0,25,,5932,126,,,0,66,,5918,126,,,0,25,,5912,126,,,0,66,,5937,126,,,0,25,,5934,126,,,0,66,,5920,126,,,0,26,,5938,126,,,0,24,,5933,126,,,0,64,,5914,126,,,0,24,,5922,126,,,0,64,,5926,126,,,0,50,,5916,126,,,0,88,,5928,126,,,0,86,,5921,126,,,0,86,,5930,126,,,0,86,,5925,126,,,0,46,,5935,126,,,0
10100,'9881fb63-ca97-484f-b0ca-1bb7e4ca8571',732,,5949,126,,,0,22,,5952,126,,,0,63,,5945,126,,,0,22,,5960,126,,,0,63,,5958,126,,,0,22,,5940,126,,,0,23,,5950,126,,,0,62,,5966,126,,,0,23,,5947,126,,,0,22,,5954,126,,,0,67,,5959,126,,,0,24,,5963,126,,,0,66,,5975,126,,,0,25,,5972,126,,,0,66,,5968,126,,,0,25,,5967,126,,,0,26,,5943,126,,,0,67,,5969,126,,,0,27,,5962,126,,,0,66,,5942,126,,,0,26,,5964,126,,,0,66,,5971,126,,,0,26,,5956,126,,,0,24,,5941,126,,,0,66,,5944,126,,,0,24,,5974,126,,,0,64,,5951,126,,,0,24,,5957,126,,,0,24,,5970,126,,,0,64,,5953,126,,,0,24,,5961,126,,,0,64,,5939,126,,,0,24,,5973,126,,,0,22,,5948,126,,,0,64,,5965,126,,,0,24,,5946,126,,,0,85,,5955,126,,,0
10100,'a06a7e47-f820-49a2-88af-ccffc941c6bc',742,,5981,126,,,0,85,,5982,126,,,0,22,,5993,126,,,0,63,,5998,126,,,0,22,,6010,126,,,0,23,,6003,126,,,0,62,,5992,126,,,0,23,,6004,126,,,0,62,,5995,126,,,0,23,,5984,126,,,0,22,,5989,126,,,0,63,,6011,126,,,0,22,,5994,126,,,0,23,,6008,126,,,0,66,,6005,126,,,0,25,,5985,126,,,0,65,,5978,126,,,0,26,,5983,126,,,0,67,,5977,126,,,0,26,,5987,126,,,0,25,,5986,126,,,0,66,,5997,126,,,0,25,,6002,126,,,0,66,,5999,126,,,0,25,,5996,126,,,0,66,,5991,126,,,0,25,,5979,126,,,0,26,,6007,126,,,0,64,,5988,126,,,0,26,,6000,126,,,0,64,,6006,126,,,0,24,,5990,126,,,0,22,,5980,126,,,0,64,,6009,126,,,0,23,,6001,126,,,0,90,,5976,126,,,0
10100,'af2e8e03-0a42-4469-a2b8-e03c803b7d24',747,,6039,126,,,0,85,,6033,126,,,0,85,,6034,126,,,0,85,,6035,126,,,0,45,,6028,126,,,0,85,,6019,126,,,0,22,,6030,126,,,0,63,,6024,126,,,0,26,,6025,126,,,0,63,,6026,126,,,0,28,,6020,126,,,0,25,,6031,126,,,0,66,,6014,126,,,0,25,,6023,126,,,0,66,,6015,126,,,0,25,,6021,126,,,0,66,,6022,126,,,0,26,,6017,126,,,0,24,,6027,126,,,0,64,,6018,126,,,0,24,,6032,126,,,0,64,,6037,126,,,0,50,,6038,126,,,0,88,,6029,126,,,0,86,,6016,126,,,0,86,,6013,126,,,0,86,,6012,126,,,0,46,,6036,126,,,0
10100,'f29e6a89-2c24-4546-a5bf-65191f526c55',747,,6042,126,,,0,85,,6058,126,,,0,85,,6041,126,,,0,85,,6045,126,,,0,45,,6046,126,,,0,85,,6053,126,,,0,22,,6060,126,,,0,63,,6063,126,,,0,26,,6066,126,,,0,63,,6064,126,,,0,28,,6048,126,,,0,25,,6047,126,,,0,66,,6057,126,,,0,25,,6056,126,,,0,66,,6059,126,,,0,25,,6044,126,,,0,66,,6054,126,,,0,26,,6055,126,,,0,24,,6040,126,,,0,64,,6050,126,,,0,24,,6049,126,,,0,64,,6052,126,,,0,50,,6065,126,,,0,88,,6061,126,,,0,86,,6051,126,,,0,86,,6043,126,,,0,86,,6067,126,,,0,46,,6062,126,,,0
