10000,'4bf8087f-7a14-48a7-b190-74a0cc4c73da',809,,5700,94,,,0,49,,5717,94,,,0,89,,5702,94,,,0,89,,5705,94,,,0,89,,5715,94,,,0,24,,5712,94,,,0,65,,5710,94,,,0,24,,5699,94,,,0,65,,5698,94,,,0,24,,5697,94,,,0,25,,5707,94,,,0,64,,5709,94,,,0,25,,5723,94,,,0,64,,5720,94,,,0,25,,5716,94,,,0,24,,5721,94,,,0,65,,5713,94,,,0,25,,5704,94,,,0,66,,5722,94,,,0,25,,5719,94,,,0,65,,5724,94,,,0,25,,5718,94,,,0,87,,5703,94,,,0,47,,5714,94,,,0,87,,5708,94,,,0,86,,5711,94,,,0,86,,5706,94,,,0,86,,5701,94,,,0
10000,'8d01581c-cf93-4a74-9f42-0fb702955d15',809,,5728,94,,,0,49,,5745,94,,,0,89,,5747,94,,,0,89,,5730,94,,,0,89,,5729,94,,,0,24,,5731,94,,,0,65,,5742,94,,,0,24,,5735,94,,,0,65,,5748,94,,,0,24,,5727,94,,,0,25,,5738,94,,,0,64,,5751,94,,,0,25,,5736,94,,,0,64,,5741,94,,,0,25,,5750,94,,,0,24,,5733,94,,,0,65,,5752,94,,,0,25,,5737,94,,,0,66,,5734,94,,,0,25,,5725,94,,,0,65,,5743,94,,,0,25,,5749,94,,,0,87,,5739,94,,,0,47,,5746,94,,,0,87,,5732,94,,,0,86,,5740,94,,,0,86,,5726,94,,,0,86,,5744,94,,,0
10000,'9881fb63-ca97-484f-b0ca-1bb7e4ca8571',732,,5772,94,,,0,20,,5767,94,,,0,69,,5758,94,,,0,22,,5763,94,,,0,67,,5756,94,,,0,24,,5769,94,,,0,25,,5773,94,,,0,64,,5780,94,,,0,25,,5757,94,,,0,64,,5779,94,,,0,25,,5771,94,,,0,64,,5781,94,,,0,25,,5785,94,,,0,24,,5788,94,,,0,66,,5765,94,,,0,25,,5783,94,,,0,66,,5776,94,,,0,25,,5764,94,,,0,26,,5790,94,,,0,64,,5777,94,,,0,26,,5762,94,,,0,64,,5760,94,,,0,25,,5784,94,,,0,64,,5774,94,,,0,24,,5766,94,,,0,24,,5775,94,,,0,63,,5789,94,,,0,24,,5753,94,,,0,23,,5782,94,,,0,64,,5787,94,,,0,23,,5778,94,,,0,63,,5770,94,,,0,23,,5759,94,,,0,23,,5786,94,,,0,63,,5768,94,,,0,23,,5755,94,,,0,63,,5754,94,,,0,46,,5761,94,,,0
10000,'a06a7e47-f820-49a2-88af-ccffc941c6bc',807,,5807,94,,,0,24,,5821,94,,,0,25,,5792,94,,,0,64,,5794,94,,,0,25,,5798,94,,,0,64,,5803,94,,,0,25,,5800,94,,,0,24,,5822,94,,,0,65,,5814,94,,,0,24,,5811,94,,,0,65,,5826,94,,,0,24,,5802,94,,,0,65,,5819,94,,,0,24,,5801,94,,,0,25,,5813,94,,,0,64,,5820,94,,,0,25,,5791,94,,,0,64,,5823,94,,,0,25,,5824,94,,,0,25,,5818,94,,,0,66,,5808,94,,,0,25,,5809,94,,,0,66,,5793,94,,,0,25,,5799,94,,,0,65,,5815,94,,,0,25,,5796,94,,,0,22,,5806,94,,,0,65,,5816,94,,,0,22,,5805,94,,,0,25,,5797,94,,,0,61,,5810,94,,,0,25,,5795,94,,,0,61,,5825,94,,,0,25,,5817,94,,,0,22,,5804,94,,,0,86,,5812,94,,,0
10000,'af2e8e03-0a42-4469-a2b8-e03c803b7d24',809,,5833,94,,,0,49,,5838,94,,,0,89,,5847,94,,,0,89,,5834,94,,,0,89,,5846,94,,,0,24,,5830,94,,,0,65,,5848,94,,,0,24,,5841,94,,,0,65,,5843,94,,,0,24,,5850,94,,,0,25,,5840,94,,,0,64,,5845,94,,,0,25,,5842,94,,,0,64,,5827,94,,,0,25,,5837,94,,,0,24,,5854,94,,,0,65,,5852,94,,,0,25,,5836,94,,,0,66,,5831,94,,,0,25,,5839,94,,,0,65,,5849,94,,,0,25,,5828,94,,,0,87,,5851,94,,,0,47,,5829,94,,,0,87,,5835,94,,,0,86,,5853,94,,,0,86,,5844,94,,,0,86,,5832,94,,,0
10000,'f29e6a89-2c24-4546-a5bf-65191f526c55',809,,5881,94,,,0,49,,5872,94,,,0,89,,5878,94,,,0,89,,5858,94,,,0,89,,5862,94,,,0,24,,5868,94,,,0,65,,5875,94,,,0,24,,5882,94,,,0,65,,5876,94,,,0,24,,5865,94,,,0,25,,5879,94,,,0,64,,5866,94,,,0,25,,5871,94,,,0,64,,5855,94,,,0,25,,5869,94,,,0,24,,5870,94,,,0,65,,5863,94,,,0,25,,5880,94,,,0,66,,5859,94,,,0,25,,5874,94,,,0,65,,5877,94,,,0,25,,5860,94,,,0,87,,5856,94,,,0,47,,5864,94,,,0,87,,5873,94,,,0,86,,5867,94,,,0,86,,5857,94,,,0,86,,5861,94,,,0
2000801,'4bf8087f-7a14-48a7-b190-74a0cc4c73da',946,,7362,23,,,0,100,,7371,23,,,0,100,,7368,23,,,0,100,,7364,23,,,0,100,,7367,23,,,0,100,,7365,23,,,0,100,,7374,23,,,0,100,,7369,23,,,0,100,,7370,23,,,0,100,,7361,23,,,0,98,,7366,23,,,0,100,,7373,23,,,0,100,,7372,23,,,0
2000801,'8d01581c-cf93-4a74-9f42-0fb702955d15',946,,7376,23,,,0,100,,7384,23,,,0,100,,7377,23,,,0,100,,7381,23,,,0,100,,7387,23,,,0,100,,7382,23,,,0,100,,7388,23,,,0,100,,7383,23,,,0,100,,7385,23,,,0,100,,7386,23,,,0,98,,7375,23,,,0,100,,7378,23,,,0,100,,7379,19,,,0
2000801,'9881fb63-ca97-484f-b0ca-1bb7e4ca8571',547,,7401,23,,,0,70,,7405,23,,,0,30,,7391,13,,,0,70,,7399,23,,,0,29,,7404,23,,,0,70,,7396,23,,,0,30,,7393,23,,,0,70,,7418,23,,,0,30,,7402,23,,,0,70,,7400,23,,,0,30,,7411,23,,,0,70,,7406,23,,,0,30,,7416,23,,,0,70,,7414,23,,,0,30,,7398,23,,,0,70,,7417,23,,,0,30,,7390,13,,,0,71,,7397,23,,,0,30,,7422,23,,,0,70,,7403,23,,,0,30,,7409,23,,,0,71,,7408,23,,,0,31,,7419,23,,,0,69,,7415,23,,,0,30,,7421,23,,,0,70,,7395,19,,,0,31,,7410,23,,,0,98,,7394,23,,,0,100,,7407,23,,,0,100,,7413,23,,,0,100,,7412,23,,,0,100,,7420,19,,,0
2000801,'a06a7e47-f820-49a2-88af-ccffc941c6bc',716,,7423,23,,,0,30,,7431,23,,,0,70,,7428,23,,,0,30,,7433,23,,,0,70,,7435,23,,,0,30,,7440,23,,,0,70,,7424,23,,,0,30,,7432,23,,,0,70,,7444,23,,,0,30,,7451,23,,,0,70,,7452,23,,,0,30,,7447,23,,,0,70,,7453,23,,,0,30,,7426,23,,,0,70,,7448,23,,,0,30,,7450,23,,,0,70,,7438,23,,,0,30,,7430,23,,,0,72,,7434,23,,,0,30,,7429,23,,,0,70,,7436,23,,,0,30,,7441,23,,,0,70,,7442,19,,,0,31,,7437,23,,,0,98,,7443,23,,,0,100,,7427,23,,,0,100,,7445,23,,,0,100,,7449,23,,,0,100,,7439,19,,,0
2000801,'af2e8e03-0a42-4469-a2b8-e03c803b7d24',946,,7465,23,,,0,100,,7454,23,,,0,100,,7467,23,,,0,100,,7460,23,,,0,100,,7457,23,,,0,100,,7459,23,,,0,100,,7458,23,,,0,100,,7461,23,,,0,100,,7466,23,,,0,100,,7464,23,,,0,98,,7463,23,,,0,100,,7456,23,,,0,100,,7462,19,,,0
2000801,'f29e6a89-2c24-4546-a5bf-65191f526c55',946,,7477,23,,,0,100,,7473,23,,,0,100,,7478,23,,,0,100,,7476,23,,,0,100,,7481,23,,,0,100,,7468,23,,,0,100,,7469,23,,,0,100,,7479,23,,,0,100,,7480,23,,,0,100,,7471,23,,,0,98,,7475,23,,,0,100,,7470,23,,,0,100,,7474,19,,,0
