1000,'4bf8087f-7a14-48a7-b190-74a0cc4c73da',839,3,5449,148,,,0,98,,5446,148,,,0,100,,5455,148,,,0,100,,5453,148,,,0,100,,5451,148,,,0,100,,5457,148,,,0,100,,5456,148,,,0,100,,5445,148,,,0,100,,5448,148,,,0,101,2,5444,148,,,0,100,2,5452,148,,,0,100,2,5447,148,,,0,100,2,5454,148,,,0,100,2,5450,148,,,0,120,2,5458,148,,,0
1000,'8d01581c-cf93-4a74-9f42-0fb702955d15',839,3,5470,148,,,0,98,,5466,148,,,0,100,,5465,148,,,0,100,,5459,148,,,0,100,,5460,148,,,0,100,,5463,148,,,0,100,,5464,148,,,0,100,,5468,148,,,0,100,,5461,148,,,0,101,2,5471,148,,,0,100,2,5469,148,,,0,100,2,5473,148,,,0,100,2,5462,148,,,0,100,2,5472,148,,,0,100,2,5467,148,,,0
1000,'9881fb63-ca97-484f-b0ca-1bb7e4ca8571',609,3,5500,148,,,0,30,3,5481,148,,,0,70,3,5506,148,,,0,30,3,5485,148,,,0,68,,5479,148,,,0,30,,5490,148,,,0,70,,5474,148,,,0,30,,5505,148,,,0,70,,5483,148,,,0,30,,5491,148,,,0,70,,5496,148,,,0,30,,5477,148,,,0,70,,5501,148,,,0,30,,5480,148,,,0,70,,5494,148,,,0,30,,5507,148,,,0,70,,5497,148,,,0,30,,5495,148,,,0,70,,5502,148,,,0,30,,5476,148,,,0,70,,5482,148,,,0,30,,5503,148,,,0,71,2,5487,148,,,0,30,2,5504,148,,,0,70,2,5475,148,,,0,30,2,5498,148,,,0,70,2,5493,148,,,0,30,2,5499,148,,,0,70,2,5492,148,,,0,30,2,5484,148,,,0,70,2,5489,148,,,0,30,2,5488,148,,,0,70,2,5508,148,,,0,100,2,5478,148,,,0,100,2,5486,148,,,0
1000,'a06a7e47-f820-49a2-88af-ccffc941c6bc',739,3,5533,148,,,0,68,,5512,148,,,0,30,,5520,148,,,0,70,,5518,148,,,0,30,,5537,148,,,0,70,,5514,148,,,0,30,,5527,148,,,0,70,,5523,148,,,0,30,,5528,148,,,0,70,,5516,148,,,0,30,,5517,148,,,0,70,,5524,148,,,0,30,,5515,148,,,0,70,,5510,148,,,0,30,,5540,148,,,0,70,,5525,148,,,0,30,,5538,148,,,0,70,,5535,148,,,0,30,,5509,148,,,0,71,2,5513,148,,,0,30,2,5521,148,,,0,70,2,5511,148,,,0,30,2,5526,148,,,0,70,2,5529,148,,,0,30,2,5522,148,,,0,70,2,5536,148,,,0,30,2,5531,148,,,0,70,2,5530,148,,,0,30,2,5534,148,,,0,70,2,5539,148,,,0,100,2,5519,148,,,0,100,2,5532,148,,,0
1000,'af2e8e03-0a42-4469-a2b8-e03c803b7d24',839,3,5546,148,,,0,98,,5552,148,,,0,100,,5554,148,,,0,100,,5547,148,,,0,100,,5544,148,,,0,100,,5550,148,,,0,100,,5553,148,,,0,100,,5543,148,,,0,100,,5545,148,,,0,101,2,5549,148,,,0,100,2,5548,148,,,0,100,2,5542,148,,,0,100,2,5551,148,,,0,100,2,5541,148,,,0,100,2,5555,148,,,0
1000,'f29e6a89-2c24-4546-a5bf-65191f526c55',839,3,5569,148,,,0,98,,5557,148,,,0,100,,5570,148,,,0,100,,5561,148,,,0,100,,5562,148,,,0,100,,5564,148,,,0,100,,5563,148,,,0,100,,5567,148,,,0,100,,5568,148,,,0,101,2,5559,148,,,0,100,2,5560,148,,,0,100,2,5565,148,,,0,100,2,5558,148,,,0,100,2,5556,148,,,0,100,2,5566,148,,,0
2000800,'4bf8087f-7a14-48a7-b190-74a0cc4c73da',930,,7207,71,,,0,100,,7197,68,,,0,100,,7187,68,,,0,100,,7200,68,,,0,100,,7189,68,,,0,100,,7199,68,,,0,100,,7192,68,,,0,100,,7206,68,,,0,100,,7202,68,,,0,100,,7196,68,,,0,100,,7205,68,,,0,100,,7184,68,,,0,100,,7194,68,,,0
2000800,'8d01581c-cf93-4a74-9f42-0fb702955d15',930,,7219,71,,,0,100,,7224,68,,,0,100,,7232,68,,,0,100,,7209,68,,,0,100,,7215,68,,,0,100,,7217,68,,,0,100,,7208,68,,,0,100,,7227,68,,,0,100,,7213,68,,,0,100,,7228,68,,,0,100,,7220,68,,,0,100,,7221,68,,,0,100,,7218,68,,,0
2000800,'9881fb63-ca97-484f-b0ca-1bb7e4ca8571',531,,7250,71,,,0,70,,7243,71,,,0,30,,7237,127,,,0,70,,7238,71,,,0,29,,7259,127,,,0,70,,7264,127,,,0,30,,7240,127,,,0,70,,7251,127,,,0,30,,7265,127,,,0,70,,7252,127,,,0,30,,7258,127,,,0,70,,7257,127,,,0,30,,7267,127,,,0,70,,7248,127,,,0,30,,7235,127,,,0,70,,7266,127,,,0,30,,7242,127,,,0,70,,7261,127,,,0,30,,7247,127,,,0,70,,7255,127,,,0,30,,7260,127,,,0,71,,7236,127,,,0,31,,7272,127,,,0,69,,7270,127,,,0,30,,7244,127,,,0,70,,7269,127,,,0,30,,7254,127,,,0,102,,7239,127,,,0,98,,7263,68,,,0,100,,7253,68,,,0,100,,7268,68,,,0,100,,7234,68,,,0
2000800,'a06a7e47-f820-49a2-88af-ccffc941c6bc',701,,7305,68,,,0,29,,7302,68,,,0,70,,7274,68,,,0,30,,7295,127,,,0,70,,7307,127,,,0,30,,7304,127,,,0,70,,7282,127,,,0,30,,7280,127,,,0,70,,7299,127,,,0,30,,7293,127,,,0,70,,7277,127,,,0,30,,7273,127,,,0,70,,7292,127,,,0,30,,7297,127,,,0,70,,7296,127,,,0,30,,7298,127,,,0,70,,7281,127,,,0,30,,7279,127,,,0,71,,7275,127,,,0,30,,7285,127,,,0,70,,7286,127,,,0,30,,7289,127,,,0,70,,7301,127,,,0,30,,7306,127,,,0,100,,7300,127,,,0,100,,7276,68,,,0,100,,7287,68,,,0,100,,7308,68,,,0,100,,7283,68,,,0
2000800,'af2e8e03-0a42-4469-a2b8-e03c803b7d24',930,,7310,71,,,0,100,,7324,68,,,0,100,,7325,68,,,0,100,,7330,68,,,0,100,,7316,68,,,0,100,,7312,68,,,0,100,,7315,68,,,0,100,,7322,68,,,0,100,,7328,68,,,0,100,,7333,68,,,0,100,,7319,68,,,0,100,,7320,68,,,0,100,,7313,68,,,0
2000800,'f29e6a89-2c24-4546-a5bf-65191f526c55',930,,7347,71,,,0,100,,7353,68,,,0,100,,7356,68,,,0,100,,7359,68,,,0,100,,7354,68,,,0,100,,7352,68,,,0,100,,7341,68,,,0,100,,7357,68,,,0,100,,7343,68,,,0,100,,7349,68,,,0,100,,7358,68,,,0,100,,7345,68,,,0,100,,7344,68,,,0
