1000700,'4bf8087f-7a14-48a7-b190-74a0cc4c73da',1013,,6309,156,,,0,100,,6306,156,,,0,100,,6300,156,,,0,100,,6298,156,,,0,100,,6305,156,,,0,100,,6307,156,,,0,100,,6299,156,,,0,100,,6302,156,,,0,100,,6297,156,,,0,100,,6303,156,,,0,100,,6301,156,,,0,99,,6304,156,,,0,121,,6296,156,,,0
1000700,'8d01581c-cf93-4a74-9f42-0fb702955d15',1012,,6323,156,,,0,100,,6320,156,,,0,100,,6312,156,,,0,100,,6315,156,,,0,100,,6313,156,,,0,100,,6318,156,,,0,100,,6311,156,,,0,100,,6316,156,,,0,100,,6319,156,,,0,100,,6321,156,,,0,100,,6314,156,,,0,99,,6310,156,,,0,100,,6322,107,,,0
1000700,'9881fb63-ca97-484f-b0ca-1bb7e4ca8571',613,,6324,156,,,0,30,,6335,156,,,0,69,,6339,156,,,0,24,,6353,156,,,0,76,,6328,156,,,0,24,,6346,156,,,0,76,,6347,156,,,0,30,,6344,156,,,0,70,,6336,156,,,0,30,,6352,156,,,0,70,,6349,156,,,0,30,,6354,156,,,0,70,,6356,156,,,0,30,,6357,156,,,0,70,,6340,156,,,0,30,,6331,156,,,0,69,,6338,156,,,0,30,,6329,156,,,0,70,,6333,156,,,0,30,,6343,156,,,0,70,,6337,156,,,0,30,,6341,156,,,0,68,,6345,156,,,0,30,,6326,156,,,0,72,,6350,156,,,0,30,,6330,156,,,0,72,,6351,156,,,0,98,,6348,156,,,0,101,,6325,156,,,0,98,,6332,156,,,0,102,,6355,156,,,0,96,,6334,116,,,0
1000700,'a06a7e47-f820-49a2-88af-ccffc941c6bc',713,,6366,156,,,0,30,,6385,156,,,0,70,,6383,156,,,0,30,,6361,156,,,0,69,,6358,156,,,0,30,,6386,156,,,0,70,,6378,156,,,0,30,,6359,156,,,0,70,,6364,156,,,0,30,,6360,156,,,0,70,,6370,156,,,0,30,,6382,156,,,0,70,,6389,156,,,0,30,,6368,156,,,0,70,,6380,156,,,0,30,,6384,156,,,0,70,,6381,156,,,0,30,,6377,156,,,0,70,,6374,156,,,0,30,,6367,156,,,0,70,,6363,156,,,0,30,,6387,156,,,0,70,,6379,156,,,0,30,,6372,156,,,0,70,,6362,156,,,0,100,,6388,156,,,0,99,,6365,156,,,0,100,,6371,156,,,0,100,,6376,156,,,0,100,,6373,107,,,0
1000700,'af2e8e03-0a42-4469-a2b8-e03c803b7d24',1012,,6392,156,,,0,100,,6390,156,,,0,100,,6396,156,,,0,100,,6399,156,,,0,100,,6391,156,,,0,100,,6401,156,,,0,100,,6395,156,,,0,100,,6400,156,,,0,100,,6397,156,,,0,100,,6394,156,,,0,100,,6403,156,,,0,99,,6393,156,,,0,100,,6398,107,,,0
1000700,'f29e6a89-2c24-4546-a5bf-65191f526c55',1012,,6409,156,,,0,100,,6411,156,,,0,100,,6413,156,,,0,100,,6406,156,,,0,100,,6407,156,,,0,100,,6415,156,,,0,100,,6414,156,,,0,100,,6410,156,,,0,100,,6416,156,,,0,100,,6408,156,,,0,100,,6404,156,,,0,99,,6412,156,,,0,100,,6405,107,,,0
1001200,'4bf8087f-7a14-48a7-b190-74a0cc4c73da',847,,6732,106,,,0,100,,6736,106,,,0,100,,6730,106,,,0,103,,6737,106,,,0,102,,6739,106,,,0,100,,6731,106,,,0,150,,6741,106,,,0,100,,6735,106,,,0,110,,6742,106,,,0,100,,6734,106,,,0,106,,6733,106,,,0,100,,6740,106,,,0,100,,6743,106,,,0,115,,6738,106,,,0
1001200,'8d01581c-cf93-4a74-9f42-0fb702955d15',847,,6745,106,,,0,100,,6757,106,,,0,100,,6750,106,,,0,103,,6755,106,,,0,102,,6747,106,,,0,100,,6754,106,,,0,150,,6744,106,,,0,100,,6751,106,,,0,110,,6749,106,,,0,100,,6752,106,,,0,106,,6748,106,,,0,100,,6746,106,,,0,100,,6753,106,,,0,100,,6756,106,,,0
1001200,'9881fb63-ca97-484f-b0ca-1bb7e4ca8571',618,,6788,106,,,0,32,,6776,106,,,0,74,,6785,106,,,0,30,,6769,106,,,0,70,,6781,106,,,0,35,,6762,106,,,0,75,,6783,106,,,0,70,,6770,106,,,0,30,,6789,106,,,0,75,,6780,106,,,0,35,,6764,106,,,0,70,,6778,106,,,0,30,,6784,106,,,0,75,,6761,106,,,0,35,,6782,106,,,0,72,,6786,106,,,0,75,,6767,106,,,0,35,,6773,106,,,0,75,,6768,106,,,0,35,,6777,106,,,0,75,,6787,106,,,0,35,,6771,106,,,0,70,,6775,106,,,0,75,,6766,106,,,0,35,,6760,106,,,0,75,,6779,106,,,0,30,,6772,106,,,0,70,,6763,106,,,0,100,,6774,106,,,0,100,,6758,106,,,0,109,,6765,106,,,0
1001200,'a06a7e47-f820-49a2-88af-ccffc941c6bc',700,,6795,106,,,0,31,,6793,106,,,0,70,,6791,106,,,0,30,,6805,106,,,0,70,,6799,106,,,0,30,,6810,106,,,0,73,,6800,106,,,0,30,,6813,106,,,0,70,,6811,106,,,0,36,,6816,106,,,0,70,,6792,106,,,0,30,,6817,106,,,0,70,,6819,106,,,0,40,,6796,106,,,0,70,,6807,106,,,0,30,,6794,106,,,0,70,,6815,106,,,0,80,,6814,106,,,0,30,,6802,106,,,0,70,,6818,106,,,0,30,,6804,106,,,0,81,,6808,106,,,0,30,,6812,106,,,0,70,,6809,106,,,0,30,,6798,106,,,0,73,,6806,106,,,0,30,,6801,106,,,0,70,,6803,106,,,0,100,,6820,106,,,0,100,,6790,106,,,0,100,,6797,106,,,0
1001200,'af2e8e03-0a42-4469-a2b8-e03c803b7d24',847,,6834,106,,,0,100,,6830,106,,,0,100,,6824,106,,,0,103,,6831,106,,,0,102,,6828,106,,,0,100,,6832,106,,,0,150,,6826,106,,,0,100,,6829,106,,,0,110,,6822,106,,,0,100,,6827,106,,,0,106,,6821,106,,,0,100,,6823,106,,,0,100,,6825,106,,,0,100,,6833,106,,,0
1001200,'f29e6a89-2c24-4546-a5bf-65191f526c55',847,,6848,106,,,0,100,,6842,106,,,0,100,,6840,106,,,0,103,,6841,106,,,0,102,,6844,106,,,0,100,,6837,106,,,0,150,,6839,106,,,0,100,,6838,106,,,0,110,,6847,106,,,0,100,,6836,106,,,0,106,,6843,106,,,0,100,,6845,106,,,0,100,,6835,106,,,0,100,,6846,106,,,0
