40000,'9881fb63-ca97-484f-b0ca-1bb7e4ca8571',712,,6074,76,4,,0,30,,6070,76,4,,0,70,,6083,76,4,,0,30,,6075,76,4,,0,70,,6076,76,4,,0,30,,6084,76,4,,0,70,,6071,76,4,,0,30,,6086,76,4,,0,70,,6082,76,4,,0,32,,6077,76,4,,0,70,,6072,76,4,,0,30,,6073,76,4,,0,70,,6068,76,4,,0,30,,6088,76,4,,0,70,,6090,76,4,,0,30,,6069,76,4,,0,70,,6078,76,4,,0,30,,6087,76,4,,0,70,,6079,76,4,,0,30,,6081,76,4,,0,70,,6080,76,4,,0,30,,6089,76,4,,0,70,,6085,76,4,,0
40000,'a06a7e47-f820-49a2-88af-ccffc941c6bc',912,,6109,76,4,,0,30,,6093,76,4,,0,70,,6094,76,4,,0,30,,6096,76,4,,0,70,,6103,76,4,,0,32,,6100,76,4,,0,70,,6097,76,4,,0,30,,6101,76,4,,0,70,,6102,76,4,,0,30,,6095,76,4,,0,70,,6105,76,4,,0,30,,6108,76,4,,0,70,,6106,76,4,,0,30,,6107,76,4,,0,70,,6099,76,4,,0,30,,6091,76,4,,0,70,,6092,76,4,,0,30,,6104,76,4,,0,70,,6098,76,4,,0
40001,'9881fb63-ca97-484f-b0ca-1bb7e4ca8571',650,,6126,0,,,0,68,,6125,0,,,0,30,,6132,0,,,0,73,,6120,0,,,0,30,,6118,0,,,0,70,,6110,0,,,0,30,,6114,0,,,0,70,,6130,0,,,0,30,,6127,0,,,0,69,,6112,0,,,0,30,,6124,0,,,0,70,,6128,0,,,0,30,,6129,0,,,0,70,,6121,0,,,0,30,,6123,0,,,0,70,,6111,0,,,0,31,,6116,0,,,0,70,,6119,0,,,0,29,,6133,0,,,0,70,,6117,0,,,0,30,,6122,0,,,0,70,,6131,0,,,0,30,,6113,0,,,0,70,,6115,0,,,0
40001,'a06a7e47-f820-49a2-88af-ccffc941c6bc',850,,6145,0,,,0,71,,6153,0,,,0,30,,6138,0,,,0,70,,6139,0,,,0,30,,6146,0,,,0,69,,6150,0,,,0,30,,6136,0,,,0,70,,6144,0,,,0,30,,6140,0,,,0,70,,6143,0,,,0,30,,6147,0,,,0,70,,6149,0,,,0,30,,6151,0,,,0,70,,6141,0,,,0,30,,6148,0,,,0,70,,6152,0,,,0,30,,6142,0,,,0,70,,6134,0,,,0,30,,6135,0,,,0,70,,6137,0,,,0
1000800,'4bf8087f-7a14-48a7-b190-74a0cc4c73da',908,,6440,88,,,0,102,,6439,88,,,0,100,,6426,88,,,0,100,,6441,88,,,0,100,,6418,88,,,0,100,,6444,88,,,0,100,,6437,88,,,0,100,,6428,88,,,0,100,,6438,88,,,0,100,,6435,88,,,0,100,,6423,88,,,0,100,,6445,88,,,0,100,,6425,88,,,0,148,,6432,88,,,0
1000800,'8d01581c-cf93-4a74-9f42-0fb702955d15',908,,6448,88,,,0,102,,6468,88,,,0,100,,6473,88,,,0,100,,6455,88,,,0,100,,6459,88,,,0,100,,6463,88,,,0,100,,6470,88,,,0,100,,6471,88,,,0,100,,6465,88,,,0,100,,6464,88,,,0,100,,6457,88,,,0,100,,6472,88,,,0,100,,6454,88,,,0
1000800,'9881fb63-ca97-484f-b0ca-1bb7e4ca8571',538,,6490,184,,,0,70,,6493,184,,,0,30,,6481,340,,,0,70,,6483,340,,,0,30,,6487,340,,,0,70,,6499,340,,,0,32,,6495,318,,,0,70,,6479,340,,,0,30,,6511,340,,,0,70,,6502,340,,,0,30,,6477,340,,,0,70,,6506,340,,,0,30,,6476,340,,,0,70,,6505,340,,,0,30,,6494,340,,,0,70,,6507,340,,,0,30,,6496,340,,,0,70,,6503,340,,,0,30,,6500,340,,,0,70,,6501,340,,,0,30,,6497,318,,,0,70,,6508,340,,,0,30,,6513,340,,,0,70,,6485,340,,,0,32,,6489,340,,,0,70,,6510,340,,,0,30,,6492,340,,,0,70,,6484,340,,,0,94,,6509,340,,,0,104,,6478,88,,,0,98,,6488,88,,,0,100,,6474,88,,,0,104,,6512,88,,,0
1000800,'a06a7e47-f820-49a2-88af-ccffc941c6bc',708,,6539,67,,,0,30,,6524,67,,,0,70,,6535,184,,,0,32,,6541,340,,,0,70,,6537,340,,,0,30,,6543,340,,,0,70,,6546,340,,,0,30,,6519,340,,,0,70,,6529,340,,,0,30,,6538,340,,,0,70,,6531,340,,,0,30,,6522,340,,,0,70,,6526,340,,,0,30,,6515,340,,,0,70,,6518,340,,,0,30,,6547,340,,,0,70,,6532,340,,,0,30,,6530,340,,,0,70,,6550,340,,,0,30,,6516,340,,,0,70,,6540,340,,,0,32,,6523,340,,,0,70,,6517,340,,,0,30,,6542,340,,,0,70,,6527,340,,,0,98,,6548,340,,,0,96,,6520,88,,,0,98,,6549,88,,,0,100,,6544,88,,,0,100,,6534,88,,,0
1000800,'af2e8e03-0a42-4469-a2b8-e03c803b7d24',908,,6569,88,,,0,102,,6554,88,,,0,100,,6572,88,,,0,100,,6575,88,,,0,100,,6571,88,,,0,100,,6558,88,,,0,100,,6556,88,,,0,100,,6555,88,,,0,100,,6553,88,,,0,100,,6566,88,,,0,100,,6564,88,,,0,100,,6567,88,,,0,100,,6557,88,,,0
1000800,'f29e6a89-2c24-4546-a5bf-65191f526c55',908,,6603,88,,,0,102,,6589,88,,,0,100,,6601,88,,,0,100,,6584,88,,,0,100,,6597,88,,,0,100,,6579,88,,,0,100,,6583,88,,,0,100,,6604,88,,,0,100,,6599,88,,,0,100,,6587,88,,,0,100,,6582,88,,,0,100,,6578,88,,,0,100,,6592,88,,,0
