2000801,'4bf8087f-7a14-48a7-b190-74a0cc4c73da',1002,,7363,161,,,0,100,,7362,285,,,0,100,,7371,285,,,0,100,,7368,285,,,0,100,,7364,285,,,0,100,,7367,285,,,0,100,,7365,285,,,0,100,,7374,285,,,0,55,,7369,285,,,0,100,,7370,285,,,0,100,,7361,285,,,0,99,,7366,285,,,0,100,,7373,285,,,0
2000801,'8d01581c-cf93-4a74-9f42-0fb702955d15',1002,,7380,161,,,0,100,,7376,285,,,0,100,,7384,285,,,0,100,,7377,285,,,0,100,,7381,285,,,0,100,,7387,285,,,0,100,,7382,285,,,0,100,,7388,285,,,0,55,,7383,285,,,0,100,,7385,285,,,0,100,,7386,285,,,0,99,,7375,285,,,0,100,,7378,285,,,0
2000801,'9881fb63-ca97-484f-b0ca-1bb7e4ca8571',537,,7389,161,,,0,100,,7392,161,,,0,21,,7401,285,,,0,70,,7405,285,,,0,30,,7391,235,,,0,70,,7399,285,,,0,72,,7404,285,,,0,30,,7396,285,,,0,29,,7393,285,,,0,70,,7418,285,,,0,71,,7402,285,,,0,32,,7400,285,,,0,70,,7411,285,,,0,30,,7406,285,,,0,71,,7416,285,,,0,30,,7414,285,,,0,70,,7398,285,,,0,28,,7417,285,,,0,70,,7390,235,,,0,33,,7397,285,,,0,72,,7422,285,,,0,30,,7403,285,,,0,70,,7409,285,,,0,31,,7408,285,,,0,71,,7419,285,,,0,26,,7415,285,,,0,68,,7421,285,,,0,101,,7410,285,,,0,100,,7394,285,,,0,55,,7407,285,,,0,100,,7413,285,,,0,100,,7412,285,,,0
2000801,'a06a7e47-f820-49a2-88af-ccffc941c6bc',728,,7425,161,,,0,30,,7446,161,,,0,70,,7423,285,,,0,72,,7431,285,,,0,30,,7428,285,,,0,29,,7433,285,,,0,70,,7435,285,,,0,73,,7440,285,,,0,30,,7424,285,,,0,70,,7432,285,,,0,30,,7444,285,,,0,71,,7451,285,,,0,30,,7452,285,,,0,70,,7447,285,,,0,30,,7453,285,,,0,70,,7426,285,,,0,30,,7448,285,,,0,70,,7450,285,,,0,30,,7438,285,,,0,70,,7430,285,,,0,32,,7434,285,,,0,71,,7429,285,,,0,28,,7436,285,,,0,68,,7441,285,,,0,101,,7437,285,,,0,100,,7443,285,,,0,55,,7427,285,,,0,100,,7445,285,,,0,100,,7449,285,,,0
2000801,'af2e8e03-0a42-4469-a2b8-e03c803b7d24',1002,,7455,161,,,0,100,,7465,285,,,0,100,,7454,285,,,0,100,,7467,285,,,0,100,,7460,285,,,0,100,,7457,285,,,0,100,,7459,285,,,0,100,,7458,285,,,0,55,,7461,285,,,0,100,,7466,285,,,0,100,,7464,285,,,0,99,,7463,285,,,0,100,,7456,285,,,0
2000801,'f29e6a89-2c24-4546-a5bf-65191f526c55',1002,,7472,161,,,0,100,,7477,285,,,0,100,,7473,285,,,0,100,,7478,285,,,0,100,,7476,285,,,0,100,,7481,285,,,0,100,,7468,285,,,0,100,,7469,285,,,0,55,,7479,285,,,0,100,,7480,285,,,0,100,,7471,285,,,0,99,,7475,285,,,0,100,,7470,285,,,0
2001200,'4bf8087f-7a14-48a7-b190-74a0cc4c73da',846,,7495,135,,,0,100,,7492,135,,,0,100,,7483,135,,,0,100,,7485,135,,,0,103,,7482,135,,,0,108,,7484,135,,,0,100,,7486,135,,,0,150,,7491,135,,,0,100,,7490,135,,,0,110,,7487,135,,,0,100,,7488,135,,,0,98,,7493,135,,,0,100,,7494,135,,,0,134,,7489,135,,,0
2001200,'8d01581c-cf93-4a74-9f42-0fb702955d15',846,,7497,135,,,0,100,,7503,135,,,0,100,,7502,135,,,0,100,,7498,135,,,0,103,,7506,135,,,0,108,,7509,135,,,0,100,,7501,135,,,0,150,,7504,135,,,0,100,,7500,135,,,0,110,,7508,135,,,0,100,,7505,135,,,0,98,,7496,135,,,0,100,,7507,135,,,0,102,,7499,135,,,0
2001200,'9881fb63-ca97-484f-b0ca-1bb7e4ca8571',547,,7530,135,,,0,75,,7528,135,,,0,25,,7527,135,,,0,71,,7538,135,,,0,33,,7517,135,,,0,74,,7518,135,,,0,33,,7534,135,,,0,70,,7521,135,,,0,75,,7512,135,,,0,35,,7525,135,,,0,70,,7520,135,,,0,30,,7511,135,,,0,75,,7523,135,,,0,33,,7513,135,,,0,70,,7524,135,,,0,30,,7529,135,,,0,76,,7540,135,,,0,35,,7522,135,,,0,79,,7514,135,,,0,75,,7536,135,,,0,35,,7537,135,,,0,75,,7510,135,,,0,35,,7535,135,,,0,75,,7531,135,,,0,75,,7542,135,,,0,19,,7532,135,,,0,75,,7516,135,,,0,35,,7519,135,,,0,75,,7526,135,,,0,30,,7539,135,,,0,70,,7515,135,,,0,100,,7533,135,,,0,100,,7541,135,,,0
2001200,'a06a7e47-f820-49a2-88af-ccffc941c6bc',658,,7548,135,,,0,70,,7565,135,,,0,30,,7552,135,,,0,72,,7559,135,,,0,70,,7561,135,,,0,30,,7554,135,,,0,70,,7553,135,,,0,30,,7545,135,,,0,73,,7574,135,,,0,30,,7571,135,,,0,70,,7564,135,,,0,43,,7543,135,,,0,70,,7557,135,,,0,30,,7544,135,,,0,70,,7566,135,,,0,39,,7550,135,,,0,70,,7569,135,,,0,30,,7546,135,,,0,70,,7570,135,,,0,80,,7567,135,,,0,30,,7558,135,,,0,70,,7573,135,,,0,30,,7555,135,,,0,78,,7547,135,,,0,28,,7562,135,,,0,72,,7560,135,,,0,30,,7568,135,,,0,70,,7556,135,,,0,30,,7563,135,,,0,70,,7572,135,,,0,100,,7549,135,,,0,100,,7551,135,,,0
2001200,'af2e8e03-0a42-4469-a2b8-e03c803b7d24',846,,7576,135,,,0,100,,7586,135,,,0,100,,7588,135,,,0,100,,7575,135,,,0,103,,7584,135,,,0,108,,7578,135,,,0,100,,7587,135,,,0,150,,7582,135,,,0,100,,7579,135,,,0,110,,7581,135,,,0,100,,7583,135,,,0,98,,7577,135,,,0,100,,7585,135,,,0,102,,7580,135,,,0
2001200,'f29e6a89-2c24-4546-a5bf-65191f526c55',846,,7592,135,,,0,100,,7598,135,,,0,100,,7602,135,,,0,100,,7601,135,,,0,103,,7593,135,,,0,108,,7596,135,,,0,100,,7597,135,,,0,150,,7600,135,,,0,100,,7591,135,,,0,110,,7595,135,,,0,100,,7594,135,,,0,98,,7599,135,,,0,100,,7590,135,,,0,102,,7589,135,,,0
