1000800,'4bf8087f-7a14-48a7-b190-74a0cc4c73da',856,,6420,56,,,0,100,,6419,104,,,0,98,,6433,104,,,0,100,,6434,104,,,0,100,,6427,104,,,0,100,,6422,104,,,0,100,,6421,104,,,0,100,,6431,104,,,0,101,,6430,104,,,0,100,,6443,104,,,0,100,,6424,104,,,0,100,,6446,104,,,0,101,,6429,104,,,0,100,,6442,104,,,0
1000800,'8d01581c-cf93-4a74-9f42-0fb702955d15',856,,6456,56,,,0,100,,6460,104,,,0,98,,6452,104,,,0,100,,6451,104,,,0,100,,6453,104,,,0,100,,6449,104,,,0,100,,6467,104,,,0,100,,6466,104,,,0,101,,6462,104,,,0,100,,6447,104,,,0,100,,6458,104,,,0,100,,6450,104,,,0,101,,6461,104,,,0,100,,6469,104,,,0
1000800,'9881fb63-ca97-484f-b0ca-1bb7e4ca8571',457,,6490,52,,,0,69,,6493,52,,,0,31,,6481,183,,,0,70,,6483,183,,,0,30,,6487,183,,,0,70,,6499,183,,,0,29,,6495,135,,,0,70,,6479,183,,,0,30,,6511,183,,,0,70,,6502,183,,,0,30,,6477,183,,,0,70,,6506,183,,,0,28,,6476,183,,,0,70,,6505,183,,,0,30,,6494,183,,,0,70,,6507,183,,,0,30,,6496,183,,,0,70,,6503,183,,,0,30,,6500,183,,,0,70,,6501,183,,,0,30,,6497,135,,,0,70,,6508,183,,,0,30,,6513,183,,,0,70,,6485,183,,,0,31,,6489,183,,,0,70,,6510,183,,,0,30,,6492,183,,,0,70,,6484,183,,,0,30,,6475,106,,,0,70,,6509,183,,,0,30,,6491,104,,,0,101,,6498,104,,,0,100,,6504,104,,,0,100,,6486,104,,,0,100,,6480,104,,,0
1000800,'a06a7e47-f820-49a2-88af-ccffc941c6bc',727,,6535,52,,,0,29,,6541,183,,,0,70,,6537,183,,,0,30,,6543,183,,,0,70,,6546,183,,,0,30,,6519,183,,,0,70,,6529,183,,,0,28,,6538,183,,,0,70,,6531,183,,,0,30,,6522,183,,,0,70,,6526,183,,,0,30,,6515,183,,,0,70,,6518,183,,,0,30,,6547,183,,,0,70,,6532,183,,,0,30,,6530,183,,,0,70,,6550,183,,,0,30,,6516,183,,,0,70,,6540,183,,,0,31,,6523,183,,,0,70,,6517,183,,,0,30,,6542,183,,,0,70,,6527,183,,,0,30,,6514,106,,,0,70,,6548,183,,,0,30,,6528,104,,,0,101,,6521,104,,,0,100,,6525,104,,,0,100,,6536,104,,,0,100,,6533,104,,,0
1000800,'af2e8e03-0a42-4469-a2b8-e03c803b7d24',856,,6577,56,,,0,100,,6559,104,,,0,98,,6574,104,,,0,100,,6562,104,,,0,100,,6573,104,,,0,100,,6563,104,,,0,100,,6576,104,,,0,100,,6565,104,,,0,101,,6561,104,,,0,100,,6551,104,,,0,100,,6570,104,,,0,100,,6560,104,,,0,101,,6552,104,,,0,100,,6568,104,,,0
1000800,'f29e6a89-2c24-4546-a5bf-65191f526c55',856,,6594,56,,,0,100,,6593,104,,,0,98,,6585,104,,,0,100,,6598,104,,,0,100,,6581,104,,,0,100,,6591,104,,,0,100,,6586,104,,,0,100,,6595,104,,,0,101,,6590,104,,,0,100,,6602,104,,,0,100,,6596,104,,,0,100,,6588,104,,,0,101,,6600,104,,,0,100,,6580,104,,,0
2000700,'4bf8087f-7a14-48a7-b190-74a0cc4c73da',1011,,7070,136,,,0,100,,7076,136,,,0,100,,7067,136,,,0,100,,7074,136,,,0,100,,7075,136,,,0,100,,7078,136,,,0,100,,7073,136,,,0,100,,7069,136,,,0,100,,7068,136,,,0,102,,7065,136,,,0,100,,7066,136,,,0,100,,7077,136,,,0,135,,7071,136,,,0
2000700,'8d01581c-cf93-4a74-9f42-0fb702955d15',1011,,7084,136,,,0,100,,7081,136,,,0,100,,7079,136,,,0,100,,7091,136,,,0,100,,7087,136,,,0,100,,7086,136,,,0,100,,7085,136,,,0,100,,7080,136,,,0,100,,7090,136,,,0,102,,7088,136,,,0,100,,7083,136,,,0,100,,7089,136,,,0
2000700,'9881fb63-ca97-484f-b0ca-1bb7e4ca8571',612,,7098,136,,,0,30,,7102,136,,,0,70,,7118,136,,,0,30,,7097,136,,,0,70,,7092,136,,,0,28,,7094,136,,,0,72,,7100,136,,,0,28,,7124,136,,,0,71,,7115,136,,,0,30,,7108,136,,,0,70,,7106,136,,,0,30,,7113,136,,,0,70,,7111,136,,,0,30,,7093,136,,,0,70,,7120,136,,,0,30,,7109,136,,,0,72,,7104,136,,,0,28,,7123,136,,,0,70,,7095,136,,,0,30,,7119,136,,,0,70,,7114,136,,,0,30,,7110,136,,,0,70,,7103,136,,,0,30,,7105,136,,,0,69,,7096,136,,,0,30,,7112,136,,,0,72,,7107,136,,,0,30,,7101,136,,,0,72,,7122,136,,,0,98,,7099,136,,,0,99,,7121,136,,,0,96,,7117,136,,,0
2000700,'a06a7e47-f820-49a2-88af-ccffc941c6bc',712,,7133,136,,,0,30,,7153,136,,,0,70,,7142,136,,,0,30,,7125,136,,,0,70,,7126,136,,,0,30,,7137,136,,,0,69,,7136,136,,,0,30,,7150,136,,,0,70,,7130,136,,,0,30,,7152,136,,,0,70,,7127,136,,,0,30,,7143,136,,,0,70,,7135,136,,,0,30,,7144,136,,,0,70,,7146,136,,,0,30,,7138,136,,,0,70,,7147,136,,,0,30,,7141,136,,,0,70,,7145,136,,,0,30,,7151,136,,,0,70,,7154,136,,,0,30,,7134,136,,,0,70,,7149,136,,,0,30,,7140,136,,,0,72,,7155,136,,,0,30,,7139,136,,,0,70,,7132,136,,,0,100,,7148,136,,,0,87,,7128,136,,,0,110,,7129,136,,,0
2000700,'af2e8e03-0a42-4469-a2b8-e03c803b7d24',1011,,7166,136,,,0,100,,7160,136,,,0,100,,7161,136,,,0,100,,7157,136,,,0,100,,7167,136,,,0,100,,7158,136,,,0,100,,7165,136,,,0,100,,7164,136,,,0,100,,7159,136,,,0,102,,7163,136,,,0,100,,7156,136,,,0,100,,7162,136,,,0
2000700,'f29e6a89-2c24-4546-a5bf-65191f526c55',1011,,7178,136,,,0,100,,7179,136,,,0,100,,7173,136,,,0,100,,7177,136,,,0,100,,7171,136,,,0,100,,7180,136,,,0,100,,7172,136,,,0,100,,7181,136,,,0,100,,7169,136,,,0,102,,7174,136,,,0,100,,7170,136,,,0,100,,7176,136,,,0
