10000,'4bf8087f-7a14-48a7-b190-74a0cc4c73da',812,,5700,111,,,0,89,,5717,111,,,0,49,,5702,111,,,0,89,,5705,111,,,0,89,,5715,111,,,0,24,,5712,111,,,0,65,,5710,111,,,0,24,,5699,111,,,0,65,,5698,111,,,0,24,,5697,111,,,0,25,,5707,111,,,0,64,,5709,111,,,0,25,,5723,111,,,0,64,,5720,111,,,0,25,,5716,111,,,0,24,,5721,111,,,0,65,,5713,111,,,0,25,,5704,111,,,0,66,,5722,111,,,0,25,,5719,111,,,0,65,,5724,111,,,0,25,,5718,111,,,0,87,,5703,111,,,0,87,,5714,111,,,0,47,,5708,111,,,0,86,,5711,111,,,0,86,,5706,111,,,0,86,,5701,111,,,0
10000,'8d01581c-cf93-4a74-9f42-0fb702955d15',812,,5728,111,,,0,89,,5745,111,,,0,49,,5747,111,,,0,89,,5730,111,,,0,89,,5729,111,,,0,24,,5731,111,,,0,65,,5742,111,,,0,24,,5735,111,,,0,65,,5748,111,,,0,24,,5727,111,,,0,25,,5738,111,,,0,64,,5751,111,,,0,25,,5736,111,,,0,64,,5741,111,,,0,25,,5750,111,,,0,24,,5733,111,,,0,65,,5752,111,,,0,25,,5737,111,,,0,66,,5734,111,,,0,25,,5725,111,,,0,65,,5743,111,,,0,25,,5749,111,,,0,87,,5739,111,,,0,87,,5746,111,,,0,47,,5732,111,,,0,86,,5740,111,,,0,86,,5726,111,,,0,86,,5744,111,,,0
10000,'9881fb63-ca97-484f-b0ca-1bb7e4ca8571',735,,5772,111,,,0,20,,5767,111,,,0,69,,5758,111,,,0,22,,5763,111,,,0,67,,5756,111,,,0,24,,5769,111,,,0,65,,5773,111,,,0,24,,5780,111,,,0,25,,5757,111,,,0,64,,5779,111,,,0,25,,5771,111,,,0,64,,5781,111,,,0,25,,5785,111,,,0,24,,5788,111,,,0,67,,5765,111,,,0,25,,5783,111,,,0,66,,5776,111,,,0,25,,5764,111,,,0,66,,5790,111,,,0,23,,5777,111,,,0,26,,5762,111,,,0,64,,5760,111,,,0,25,,5784,111,,,0,64,,5774,111,,,0,24,,5766,111,,,0,24,,5775,111,,,0,63,,5789,111,,,0,24,,5753,111,,,0,63,,5782,111,,,0,24,,5787,111,,,0,23,,5778,111,,,0,63,,5770,111,,,0,23,,5759,111,,,0,23,,5786,111,,,0,63,,5768,111,,,0,23,,5755,111,,,0,63,,5754,111,,,0,46,,5761,111,,,0
10000,'a06a7e47-f820-49a2-88af-ccffc941c6bc',810,,5807,111,,,0,24,,5821,111,,,0,25,,5792,111,,,0,64,,5794,111,,,0,25,,5798,111,,,0,64,,5803,111,,,0,25,,5800,111,,,0,64,,5822,111,,,0,25,,5814,111,,,0,24,,5811,111,,,0,65,,5826,111,,,0,24,,5802,111,,,0,65,,5819,111,,,0,24,,5801,111,,,0,25,,5813,111,,,0,64,,5820,111,,,0,25,,5791,111,,,0,64,,5823,111,,,0,25,,5824,111,,,0,25,,5818,111,,,0,66,,5808,111,,,0,25,,5809,111,,,0,66,,5793,111,,,0,25,,5799,111,,,0,65,,5815,111,,,0,25,,5796,111,,,0,22,,5806,111,,,0,65,,5816,111,,,0,22,,5805,111,,,0,65,,5797,111,,,0,21,,5810,111,,,0,25,,5795,111,,,0,61,,5825,111,,,0,25,,5817,111,,,0,22,,5804,111,,,0,86,,5812,111,,,0
10000,'af2e8e03-0a42-4469-a2b8-e03c803b7d24',812,,5833,111,,,0,89,,5838,111,,,0,49,,5847,111,,,0,89,,5834,111,,,0,89,,5846,111,,,0,24,,5830,111,,,0,65,,5848,111,,,0,24,,5841,111,,,0,65,,5843,111,,,0,24,,5850,111,,,0,25,,5840,111,,,0,64,,5845,111,,,0,25,,5842,111,,,0,64,,5827,111,,,0,25,,5837,111,,,0,24,,5854,111,,,0,65,,5852,111,,,0,25,,5836,111,,,0,66,,5831,111,,,0,25,,5839,111,,,0,65,,5849,111,,,0,25,,5828,111,,,0,87,,5851,111,,,0,87,,5829,111,,,0,47,,5835,111,,,0,86,,5853,111,,,0,86,,5844,111,,,0,86,,5832,111,,,0
10000,'f29e6a89-2c24-4546-a5bf-65191f526c55',812,,5881,111,,,0,89,,5872,111,,,0,49,,5878,111,,,0,89,,5858,111,,,0,89,,5862,111,,,0,24,,5868,111,,,0,65,,5875,111,,,0,24,,5882,111,,,0,65,,5876,111,,,0,24,,5865,111,,,0,25,,5879,111,,,0,64,,5866,111,,,0,25,,5871,111,,,0,64,,5855,111,,,0,25,,5869,111,,,0,24,,5870,111,,,0,65,,5863,111,,,0,25,,5880,111,,,0,66,,5859,111,,,0,25,,5874,111,,,0,65,,5877,111,,,0,25,,5860,111,,,0,87,,5856,111,,,0,87,,5864,111,,,0,47,,5873,111,,,0,86,,5867,111,,,0,86,,5857,111,,,0,86,,5861,111,,,0
2000801,'4bf8087f-7a14-48a7-b190-74a0cc4c73da',950,,7362,46,,,0,100,,7371,46,,,0,100,,7368,46,,,0,100,,7364,46,,,0,100,,7367,46,,,0,100,,7365,46,,,0,100,,7374,46,,,0,100,,7369,46,,,0,100,,7370,46,,,0,100,,7361,46,,,0,98,,7366,46,,,0,100,,7373,46,,,0,100,,7372,46,,,0
2000801,'8d01581c-cf93-4a74-9f42-0fb702955d15',950,,7376,46,,,0,100,,7384,46,,,0,100,,7377,46,,,0,100,,7381,46,,,0,100,,7387,46,,,0,100,,7382,46,,,0,100,,7388,46,,,0,100,,7383,46,,,0,100,,7385,46,,,0,100,,7386,46,,,0,98,,7375,46,,,0,100,,7378,46,,,0,100,,7379,38,,,0
2000801,'9881fb63-ca97-484f-b0ca-1bb7e4ca8571',551,,7401,46,,,0,70,,7405,46,,,0,30,,7391,29,,,0,70,,7399,46,,,0,29,,7404,46,,,0,70,,7396,46,,,0,30,,7393,46,,,0,70,,7418,46,,,0,30,,7402,46,,,0,70,,7400,46,,,0,30,,7411,46,,,0,70,,7406,46,,,0,30,,7416,46,,,0,70,,7414,46,,,0,30,,7398,46,,,0,70,,7417,46,,,0,30,,7390,29,,,0,71,,7397,46,,,0,30,,7422,46,,,0,70,,7403,46,,,0,30,,7409,46,,,0,71,,7408,46,,,0,31,,7419,46,,,0,69,,7415,46,,,0,30,,7421,46,,,0,70,,7395,38,,,0,31,,7410,46,,,0,98,,7394,46,,,0,100,,7407,46,,,0,100,,7413,46,,,0,100,,7412,46,,,0,100,,7420,38,,,0
2000801,'a06a7e47-f820-49a2-88af-ccffc941c6bc',720,,7423,46,,,0,30,,7431,46,,,0,70,,7428,46,,,0,30,,7433,46,,,0,70,,7435,46,,,0,30,,7440,46,,,0,70,,7424,46,,,0,30,,7432,46,,,0,70,,7444,46,,,0,30,,7451,46,,,0,70,,7452,46,,,0,30,,7447,46,,,0,70,,7453,46,,,0,30,,7426,46,,,0,70,,7448,46,,,0,30,,7450,46,,,0,70,,7438,46,,,0,30,,7430,46,,,0,72,,7434,46,,,0,30,,7429,46,,,0,70,,7436,46,,,0,30,,7441,46,,,0,70,,7442,38,,,0,31,,7437,46,,,0,98,,7443,46,,,0,100,,7427,46,,,0,100,,7445,46,,,0,100,,7449,46,,,0,100,,7439,38,,,0
2000801,'af2e8e03-0a42-4469-a2b8-e03c803b7d24',950,,7465,46,,,0,100,,7454,46,,,0,100,,7467,46,,,0,100,,7460,46,,,0,100,,7457,46,,,0,100,,7459,46,,,0,100,,7458,46,,,0,100,,7461,46,,,0,100,,7466,46,,,0,100,,7464,46,,,0,98,,7463,46,,,0,100,,7456,46,,,0,100,,7462,38,,,0
2000801,'f29e6a89-2c24-4546-a5bf-65191f526c55',950,,7477,46,,,0,100,,7473,46,,,0,100,,7478,46,,,0,100,,7476,46,,,0,100,,7481,46,,,0,100,,7468,46,,,0,100,,7469,46,,,0,100,,7479,46,,,0,100,,7480,46,,,0,100,,7471,46,,,0,98,,7475,46,,,0,100,,7470,46,,,0,100,,7474,38,,,0
