1001200,'8d01581c-cf93-4a74-9f42-0fb702955d15',812,,6745,4,,,0,100,,6757,4,,,0,100,,6750,4,,,0,103,,6755,4,,,0,100,,6747,4,,,0,100,,6754,4,,,0,110,,6744,4,,,0,100,,6751,4,,,0,110,,6749,4,,,0,100,,6752,4,,,0,107,,6748,4,,,0,100,,6746,4,,,0,100,,6753,4,,,0,100,,6756,4,,,0
1001200,'9881fb63-ca97-484f-b0ca-1bb7e4ca8571',543,,6788,4,,,0,72,,6776,4,,,0,34,,6785,4,,,0,70,,6769,4,,,0,28,,6781,4,,,0,75,,6762,4,,,0,35,,6783,4,,,0,70,,6770,4,,,0,30,,6789,4,,,0,75,,6780,4,,,0,75,,6764,4,,,0,30,,6778,4,,,0,71,,6784,4,,,0,35,,6761,4,,,0,74,,6782,4,,,0,30,,6786,4,,,0,77,,6767,4,,,0,33,,6773,4,,,0,75,,6768,4,,,0,75,,6777,4,,,0,35,,6787,4,,,0,75,,6771,4,,,0,34,,6775,4,,,0,75,,6766,4,,,0,75,,6760,4,,,0,35,,6779,4,,,0,70,,6772,4,,,0,30,,6763,4,,,0,100,,6774,4,,,0,100,,6758,4,,,0,110,,6765,4,,,0
1001200,'a06a7e47-f820-49a2-88af-ccffc941c6bc',626,,6795,4,,,0,30,,6793,4,,,0,70,,6791,4,,,0,30,,6805,4,,,0,70,,6799,4,,,0,30,,6810,4,,,0,70,,6800,4,,,0,30,,6813,4,,,0,71,,6811,4,,,0,73,,6816,4,,,0,33,,6792,4,,,0,70,,6817,4,,,0,30,,6819,4,,,0,80,,6796,4,,,0,30,,6807,4,,,0,70,,6794,4,,,0,30,,6815,4,,,0,80,,6814,4,,,0,30,,6802,4,,,0,70,,6818,4,,,0,30,,6804,4,,,0,82,,6808,4,,,0,70,,6812,4,,,0,30,,6809,4,,,0,70,,6798,4,,,0,33,,6806,4,,,0,70,,6801,4,,,0,30,,6803,4,,,0,100,,6820,4,,,0,100,,6790,4,,,0,100,,6797,4,,,0
1001200,'af2e8e03-0a42-4469-a2b8-e03c803b7d24',812,,6834,4,,,0,100,,6830,4,,,0,100,,6824,4,,,0,103,,6831,4,,,0,100,,6828,4,,,0,100,,6832,4,,,0,110,,6826,4,,,0,100,,6829,4,,,0,110,,6822,4,,,0,100,,6827,4,,,0,107,,6821,4,,,0,100,,6823,4,,,0,100,,6825,4,,,0,100,,6833,4,,,0
1001200,'f29e6a89-2c24-4546-a5bf-65191f526c55',817,,6848,4,,,0,100,,6842,4,,,0,100,,6840,4,,,0,103,,6841,4,,,0,100,,6844,4,,,0,100,,6837,4,,,0,110,,6839,4,,,0,100,,6838,4,,,0,110,,6847,4,,,0,100,,6836,4,,,0,107,,6843,4,,,0,100,,6845,4,,,0,100,,6835,4,,,0,100,,6846,4,,,0
1001500,'8d01581c-cf93-4a74-9f42-0fb702955d15',740,,6862,0,,,0,76,,6865,0,,,0,36,,6852,0,,,0,76,,6856,0,,,0,78,,6849,0,,,0,38,,6863,0,,,0,76,,6851,0,,,0,36,,6868,0,,,0,76,,6864,0,,,0,76,,6855,0,,,0,38,,6866,0,,,0,76,,6859,0,,,0,36,,6854,0,,,0,76,,6867,0,,,0,76,,6857,0,,,0,36,,6861,0,,,0,78,,6850,0,,,0,76,,6853,0,,,0,36,,6860,0,,,0,76,,6858,0,,,0
1001500,'9881fb63-ca97-484f-b0ca-1bb7e4ca8571',554,,6874,0,,,0,76,,6880,0,,,0,78,,6869,0,,,0,38,,6873,0,,,0,82,,6888,0,,,0,80,,6879,0,,,0,40,,6871,0,,,0,80,,6872,0,,,0,80,,6875,0,,,0,40,,6883,0,,,0,80,,6877,0,,,0,82,,6885,0,,,0,42,,6882,0,,,0,82,,6886,0,,,0,82,,6889,0,,,0,40,,6870,0,,,0,80,,6876,0,,,0,80,,6881,0,,,0,42,,6884,0,,,0,82,,6887,0,,,0,82,,6878,0,,,0
1001500,'a06a7e47-f820-49a2-88af-ccffc941c6bc',740,,6902,0,,,0,76,,6890,0,,,0,36,,6903,0,,,0,76,,6907,0,,,0,78,,6893,0,,,0,38,,6898,0,,,0,76,,6896,0,,,0,36,,6897,0,,,0,76,,6908,0,,,0,76,,6891,0,,,0,38,,6892,0,,,0,76,,6905,0,,,0,36,,6900,0,,,0,76,,6894,0,,,0,76,,6906,0,,,0,36,,6895,0,,,0,78,,6901,0,,,0,76,,6909,0,,,0,36,,6899,0,,,0,76,,6904,0,,,0
1001500,'af2e8e03-0a42-4469-a2b8-e03c803b7d24',740,,6922,0,,,0,76,,6911,0,,,0,36,,6916,0,,,0,76,,6918,0,,,0,78,,6924,0,,,0,38,,6919,0,,,0,76,,6912,0,,,0,36,,6925,0,,,0,76,,6923,0,,,0,76,,6928,0,,,0,38,,6929,0,,,0,76,,6921,0,,,0,36,,6913,0,,,0,76,,6915,0,,,0,76,,6914,0,,,0,36,,6917,0,,,0,78,,6920,0,,,0,76,,6910,0,,,0,36,,6927,0,,,0,76,,6926,0,,,0
2001500,'8d01581c-cf93-4a74-9f42-0fb702955d15',816,,7607,39,4,,0,36,,7614,39,4,,0,76,,7619,39,4,,0,78,,7610,39,4,,0,38,,7603,39,4,,0,76,,7613,39,4,,0,36,,7605,39,4,,0,76,,7621,39,4,,0,76,,7609,39,4,,0,38,,7612,39,4,,0,76,,7608,39,4,,0,36,,7618,39,4,,0,76,,7617,39,4,,0,76,,7620,39,4,,0,36,,7622,39,4,,0,78,,7606,39,4,,0,76,,7604,39,4,,0,36,,7616,39,4,,0,76,,7611,39,4,,0,36,,7615,39,4,,0
2001500,'9881fb63-ca97-484f-b0ca-1bb7e4ca8571',630,,7633,39,4,,0,78,,7641,39,4,,0,38,,7635,39,4,,0,82,,7624,39,4,,0,80,,7638,39,4,,0,40,,7639,39,4,,0,80,,7627,39,4,,0,80,,7634,39,4,,0,40,,7631,39,4,,0,80,,7626,39,4,,0,82,,7637,39,4,,0,42,,7625,39,4,,0,82,,7623,39,4,,0,82,,7630,39,4,,0,40,,7628,39,4,,0,80,,7629,39,4,,0,80,,7643,39,4,,0,42,,7642,39,4,,0,82,,7632,39,4,,0,82,,7636,39,4,,0,80,,7640,39,4,,0
2001500,'a06a7e47-f820-49a2-88af-ccffc941c6bc',816,,7654,39,4,,0,36,,7657,39,4,,0,76,,7662,39,4,,0,78,,7655,39,4,,0,38,,7659,39,4,,0,76,,7650,39,4,,0,36,,7648,39,4,,0,76,,7660,39,4,,0,76,,7647,39,4,,0,38,,7656,39,4,,0,76,,7652,39,4,,0,36,,7653,39,4,,0,76,,7644,39,4,,0,76,,7661,39,4,,0,36,,7663,39,4,,0,78,,7645,39,4,,0,76,,7658,39,4,,0,36,,7649,39,4,,0,76,,7651,39,4,,0,36,,7646,39,4,,0
2001500,'af2e8e03-0a42-4469-a2b8-e03c803b7d24',816,,7674,39,4,,0,36,,7666,39,4,,0,76,,7677,39,4,,0,78,,7682,39,4,,0,38,,7670,39,4,,0,76,,7669,39,4,,0,36,,7675,39,4,,0,76,,7683,39,4,,0,76,,7667,39,4,,0,38,,7676,39,4,,0,76,,7664,39,4,,0,36,,7673,39,4,,0,76,,7680,39,4,,0,76,,7668,39,4,,0,36,,7665,39,4,,0,78,,7672,39,4,,0,76,,7679,39,4,,0,36,,7671,39,4,,0,76,,7681,39,4,,0,36,,7678,39,4,,0
